46 0.22109375 0.325 0.1328125 0.328125
0 0.415625 0.33203125 0.1015625 0.3375
0 0.5296875 0.3375 0.115625 0.3453125
2 0.6453125 0.34296875 0.1140625 0.340625
9 0.77109375 0.35234375 0.121875 0.346875
87 0.4453125 0.63828125 0.284375 0.1812546 0.22109375 0.325 0.1328125 0.328125
0 0.415625 0.33203125 0.1015625 0.3375
0 0.5296875 0.3375 0.115625 0.3453125
2 0.6453125 0.34296875 0.1140625 0.340625
9 0.77109375 0.35234375 0.121875 0.346875
87 0.4453125 0.63828125 0.284375 0.1812546 0.22109375 0.325 0.1328125 0.328125
0 0.415625 0.33203125 0.1015625 0.3375
0 0.5296875 0.3375 0.115625 0.3453125
2 0.6453125 0.34296875 0.1140625 0.340625
9 0.77109375 0.35234375 0.121875 0.346875
87 0.4453125 0.63828125 0.284375 0.18125