46 0.20390625 0.3546875 0.1546875 0.3359375
0 0.3984375 0.3421875 0.1234375 0.3421875
0 0.5125 0.33515625 0.1390625 0.3515625
2 0.628125 0.32890625 0.1375 0.346875
9 0.7546875 0.325 0.1453125 0.3546875
87 0.46015625 0.64296875 0.2953125 0.246 0.20390625 0.3546875 0.1546875 0.3359375
0 0.3984375 0.3421875 0.1234375 0.3421875
0 0.5125 0.33515625 0.1390625 0.3515625
2 0.628125 0.32890625 0.1375 0.346875
9 0.7546875 0.325 0.1453125 0.3546875
87 0.46015625 0.64296875 0.2953125 0.246 0.20390625 0.3546875 0.1546875 0.3359375
0 0.3984375 0.3421875 0.1234375 0.3421875
0 0.5125 0.33515625 0.1390625 0.3515625
2 0.628125 0.32890625 0.1375 0.346875
9 0.7546875 0.325 0.1453125 0.3546875
87 0.46015625 0.64296875 0.2953125 0.2