46 0.22734375 0.31484375 0.14375 0.3328125
0 0.42109375 0.32890625 0.1125 0.3390625
0 0.53515625 0.33828125 0.1265625 0.3484375
2 0.65 0.3484375 0.125 0.34375
9 0.7765625 0.36171875 0.134375 0.3515625
87 0.440625 0.6359375 0.290625 0.19062546 0.22734375 0.31484375 0.14375 0.3328125
0 0.42109375 0.32890625 0.1125 0.3390625
0 0.53515625 0.33828125 0.1265625 0.3484375
2 0.65 0.3484375 0.125 0.34375
9 0.7765625 0.36171875 0.134375 0.3515625
87 0.440625 0.6359375 0.290625 0.19062546 0.22734375 0.31484375 0.14375 0.3328125
0 0.42109375 0.32890625 0.1125 0.3390625
0 0.53515625 0.33828125 0.1265625 0.3484375
2 0.65 0.3484375 0.125 0.34375
9 0.7765625 0.36171875 0.134375 0.3515625
87 0.440625 0.6359375 0.290625 0.190625