46 0.21796875 0.3296875 0.1265625 0.3265625
0 0.4125 0.33359375 0.0953125 0.33515625
0 0.5265625 0.33671875 0.109375 0.34375
2 0.6421875 0.340625 0.1078125 0.33828125
9 0.76875 0.34765625 0.11640625 0.3453125
87 0.44765625 0.6390625 0.28125 0.1757812546 0.21796875 0.3296875 0.1265625 0.3265625
0 0.4125 0.33359375 0.0953125 0.33515625
0 0.5265625 0.33671875 0.109375 0.34375
2 0.6421875 0.340625 0.1078125 0.33828125
9 0.76875 0.34765625 0.11640625 0.3453125
87 0.44765625 0.6390625 0.28125 0.1757812546 0.21796875 0.3296875 0.1265625 0.3265625
0 0.4125 0.33359375 0.0953125 0.33515625
0 0.5265625 0.33671875 0.109375 0.34375
2 0.6421875 0.340625 0.1078125 0.33828125
9 0.76875 0.34765625 0.11640625 0.3453125
87 0.44765625 0.6390625 0.28125 0.17578125