43 0.2140625 0.3109375 0.2109375 0.403125
0 0.4296875 0.34609375 0.1625 0.38125
3 0.56171875 0.3546875 0.1609375 0.3890625
0 0.671875 0.36953125 0.1390625 0.3953125
9 0.80078125 0.38203125 0.1578125 0.4015625
54 0.48359375 0.71640625 0.7125 0.239062543 0.2140625 0.3109375 0.2109375 0.403125
0 0.4296875 0.34609375 0.1625 0.38125
3 0.56171875 0.3546875 0.1609375 0.3890625
0 0.671875 0.36953125 0.1390625 0.3953125
9 0.80078125 0.38203125 0.1578125 0.4015625
54 0.48359375 0.71640625 0.7125 0.239062543 0.2140625 0.3109375 0.2109375 0.403125
0 0.4296875 0.34609375 0.1625 0.38125
3 0.56171875 0.3546875 0.1609375 0.3890625
0 0.671875 0.36953125 0.1390625 0.3953125
9 0.80078125 0.38203125 0.1578125 0.4015625
54 0.48359375 0.71640625 0.7125 0.2390625