43 0.2109375 0.31640625 0.2046875 0.4
0 0.4265625 0.34765625 0.15625 0.3796875
3 0.559375 0.35390625 0.1546875 0.3875
0 0.66953125 0.36640625 0.1328125 0.39375
9 0.7984375 0.3765625 0.15 0.4
54 0.4875 0.7171875 0.7109375 0.226562543 0.2109375 0.31640625 0.2046875 0.4
0 0.4265625 0.34765625 0.15625 0.3796875
3 0.559375 0.35390625 0.1546875 0.3875
0 0.66953125 0.36640625 0.1328125 0.39375
9 0.7984375 0.3765625 0.15 0.4
54 0.4875 0.7171875 0.7109375 0.226562543 0.2109375 0.31640625 0.2046875 0.4
0 0.4265625 0.34765625 0.15625 0.3796875
3 0.559375 0.35390625 0.1546875 0.3875
0 0.66953125 0.36640625 0.1328125 0.39375
9 0.7984375 0.3765625 0.15 0.4
54 0.4875 0.7171875 0.7109375 0.2265625