43 0.2046875 0.3265625 0.190625 0.3953125
0 0.421875 0.35 0.14375 0.375
3 0.5546875 0.3515625 0.1421875 0.3828125
0 0.66484375 0.36015625 0.11875 0.390625
9 0.79375 0.36640625 0.1375 0.396875
54 0.49453125 0.7171875 0.70625 0.20312543 0.2046875 0.3265625 0.190625 0.3953125
0 0.421875 0.35 0.14375 0.375
3 0.5546875 0.3515625 0.1421875 0.3828125
0 0.66484375 0.36015625 0.11875 0.390625
9 0.79375 0.36640625 0.1375 0.396875
54 0.49453125 0.7171875 0.70625 0.20312543 0.2046875 0.3265625 0.190625 0.3953125
0 0.421875 0.35 0.14375 0.375
3 0.5546875 0.3515625 0.1421875 0.3828125
0 0.66484375 0.36015625 0.11875 0.390625
9 0.79375 0.36640625 0.1375 0.396875
54 0.49453125 0.7171875 0.70625 0.203125