43 0.1828125 0.36875 0.2171875 0.4046875
0 0.4015625 0.3625 0.16875 0.3828125
3 0.53359375 0.3453125 0.1671875 0.390625
0 0.64375 0.3390625 0.1453125 0.396875
9 0.77265625 0.3265625 0.1640625 0.403125
54 0.525 0.715625 0.715625 0.251562543 0.1828125 0.36875 0.2171875 0.4046875
0 0.4015625 0.3625 0.16875 0.3828125
3 0.53359375 0.3453125 0.1671875 0.390625
0 0.64375 0.3390625 0.1453125 0.396875
9 0.77265625 0.3265625 0.1640625 0.403125
54 0.525 0.715625 0.715625 0.251562543 0.1828125 0.36875 0.2171875 0.4046875
0 0.4015625 0.3625 0.16875 0.3828125
3 0.53359375 0.3453125 0.1671875 0.390625
0 0.64375 0.3390625 0.1453125 0.396875
9 0.77265625 0.3265625 0.1640625 0.403125
54 0.525 0.715625 0.715625 0.2515625