40 0.25234375 0.33671875 0.2 0.4328125
0 0.44921875 0.3734375 0.15625 0.4234375
3 0.5609375 0.38515625 0.15 0.421875
1 0.675 0.39765625 0.1375 0.4328125
0 0.79609375 0.41484375 0.178125 0.43125
54 0.46875 0.76796875 0.7046875 0.267187540 0.25234375 0.33671875 0.2 0.4328125
0 0.44921875 0.3734375 0.15625 0.4234375
3 0.5609375 0.38515625 0.15 0.421875
1 0.675 0.39765625 0.1375 0.4328125
0 0.79609375 0.41484375 0.178125 0.43125
54 0.46875 0.76796875 0.7046875 0.267187540 0.25234375 0.33671875 0.2 0.4328125
0 0.44921875 0.3734375 0.15625 0.4234375
3 0.5609375 0.38515625 0.15 0.421875
1 0.675 0.39765625 0.1375 0.4328125
0 0.79609375 0.41484375 0.178125 0.43125
54 0.46875 0.76796875 0.7046875 0.2671875