40 0.2390625 0.35859375 0.165625 0.421875
0 0.43828125 0.37890625 0.1203125 0.415625
3 0.55078125 0.38046875 0.115625 0.415625
1 0.665625 0.3828125 0.1015625 0.4265625
0 0.78828125 0.3890625 0.1421875 0.4203125
54 0.4921875 0.76953125 0.690625 0.207812540 0.2390625 0.35859375 0.165625 0.421875
0 0.43828125 0.37890625 0.1203125 0.415625
3 0.55078125 0.38046875 0.115625 0.415625
1 0.665625 0.3828125 0.1015625 0.4265625
0 0.78828125 0.3890625 0.1421875 0.4203125
54 0.4921875 0.76953125 0.690625 0.207812540 0.2390625 0.35859375 0.165625 0.421875
0 0.43828125 0.37890625 0.1203125 0.415625
3 0.55078125 0.38046875 0.115625 0.415625
1 0.665625 0.3828125 0.1015625 0.4265625
0 0.78828125 0.3890625 0.1421875 0.4203125
54 0.4921875 0.76953125 0.690625 0.2078125