40 0.24140625 0.35390625 0.171875 0.4234375
0 0.43984375 0.37734375 0.128125 0.4171875
3 0.55234375 0.38125 0.121875 0.4171875
1 0.6671875 0.38515625 0.1078125 0.428125
0 0.78984375 0.39453125 0.15 0.4234375
54 0.4875 0.76953125 0.69375 0.220312540 0.24140625 0.35390625 0.171875 0.4234375
0 0.43984375 0.37734375 0.128125 0.4171875
3 0.55234375 0.38125 0.121875 0.4171875
1 0.6671875 0.38515625 0.1078125 0.428125
0 0.78984375 0.39453125 0.15 0.4234375
54 0.4875 0.76953125 0.69375 0.220312540 0.24140625 0.35390625 0.171875 0.4234375
0 0.43984375 0.37734375 0.128125 0.4171875
3 0.55234375 0.38125 0.121875 0.4171875
1 0.6671875 0.38515625 0.1078125 0.428125
0 0.78984375 0.39453125 0.15 0.4234375
54 0.4875 0.76953125 0.69375 0.2203125