45 0.3265625 0.390625 0.18203125 0.3890625
0 0.5234375 0.39453125 0.12890625 0.39375
4 0.63671875 0.39765625 0.121875 0.403125
2 0.73984375 0.3984375 0.09921875 0.39375
4 0.85 0.409375 0.13515625 0.39765625
54 0.54375 0.74921875 0.6078125 0.1492187545 0.3265625 0.390625 0.18203125 0.3890625
0 0.5234375 0.39453125 0.12890625 0.39375
4 0.63671875 0.39765625 0.121875 0.403125
2 0.73984375 0.3984375 0.09921875 0.39375
4 0.85 0.409375 0.13515625 0.39765625
54 0.54375 0.74921875 0.6078125 0.1492187545 0.3265625 0.390625 0.18203125 0.3890625
0 0.5234375 0.39453125 0.12890625 0.39375
4 0.63671875 0.39765625 0.121875 0.403125
2 0.73984375 0.3984375 0.09921875 0.39375
4 0.85 0.409375 0.13515625 0.39765625
54 0.54375 0.74921875 0.6078125 0.14921875