45 0.31640625 0.409375 0.221875 0.40625
0 0.5125 0.39296875 0.16875 0.4046875
4 0.625 0.38359375 0.1640625 0.4140625
2 0.728125 0.37421875 0.1390625 0.4015625
4 0.83828125 0.3734375 0.1765625 0.409375
54 0.56953125 0.74296875 0.6203125 0.212545 0.31640625 0.409375 0.221875 0.40625
0 0.5125 0.39296875 0.16875 0.4046875
4 0.625 0.38359375 0.1640625 0.4140625
2 0.728125 0.37421875 0.1390625 0.4015625
4 0.83828125 0.3734375 0.1765625 0.409375
54 0.56953125 0.74296875 0.6203125 0.212545 0.31640625 0.409375 0.221875 0.40625
0 0.5125 0.39296875 0.16875 0.4046875
4 0.625 0.38359375 0.1640625 0.4140625
2 0.728125 0.37421875 0.1390625 0.4015625
4 0.83828125 0.3734375 0.1765625 0.409375
54 0.56953125 0.74296875 0.6203125 0.2125