45 0.32265625 0.396875 0.1953125 0.3953125
0 0.51953125 0.39375 0.1421875 0.3984375
4 0.6328125 0.39296875 0.1359375 0.4078125
2 0.7359375 0.38984375 0.1125 0.396875
4 0.846875 0.396875 0.1484375 0.4015625
54 0.55234375 0.74765625 0.6125 0.170312545 0.32265625 0.396875 0.1953125 0.3953125
0 0.51953125 0.39375 0.1421875 0.3984375
4 0.6328125 0.39296875 0.1359375 0.4078125
2 0.7359375 0.38984375 0.1125 0.396875
4 0.846875 0.396875 0.1484375 0.4015625
54 0.55234375 0.74765625 0.6125 0.170312545 0.32265625 0.396875 0.1953125 0.3953125
0 0.51953125 0.39375 0.1421875 0.3984375
4 0.6328125 0.39296875 0.1359375 0.4078125
2 0.7359375 0.38984375 0.1125 0.396875
4 0.846875 0.396875 0.1484375 0.4015625
54 0.55234375 0.74765625 0.6125 0.1703125