45 0.33671875 0.37578125 0.215625 0.403125
0 0.5328125 0.396875 0.1625 0.403125
4 0.6453125 0.41015625 0.15625 0.4125
2 0.74765625 0.41953125 0.1328125 0.4015625
4 0.85625 0.43984375 0.16875 0.4078125
54 0.521875 0.75234375 0.61875 0.201562545 0.33671875 0.37578125 0.215625 0.403125
0 0.5328125 0.396875 0.1625 0.403125
4 0.6453125 0.41015625 0.15625 0.4125
2 0.74765625 0.41953125 0.1328125 0.4015625
4 0.85625 0.43984375 0.16875 0.4078125
54 0.521875 0.75234375 0.61875 0.201562545 0.33671875 0.37578125 0.215625 0.403125
0 0.5328125 0.396875 0.1625 0.403125
4 0.6453125 0.41015625 0.15625 0.4125
2 0.74765625 0.41953125 0.1328125 0.4015625
4 0.85625 0.43984375 0.16875 0.4078125
54 0.521875 0.75234375 0.61875 0.2015625