32 0.2640625 0.365625 0.23125 0.3953125
0 0.4765625 0.38203125 0.15625 0.4046875
5 0.6015625 0.38671875 0.1375 0.365625
6 0.725 0.37890625 0.11875 0.3890625
2 0.8421875 0.38828125 0.1328125 0.3671875
54 0.5078125 0.73984375 0.75625 0.251562532 0.2640625 0.365625 0.23125 0.3953125
0 0.4765625 0.38203125 0.15625 0.4046875
5 0.6015625 0.38671875 0.1375 0.365625
6 0.725 0.37890625 0.11875 0.3890625
2 0.8421875 0.38828125 0.1328125 0.3671875
54 0.5078125 0.73984375 0.75625 0.251562532 0.2640625 0.365625 0.23125 0.3953125
0 0.4765625 0.38203125 0.15625 0.4046875
5 0.6015625 0.38671875 0.1375 0.365625
6 0.725 0.37890625 0.11875 0.3890625
2 0.8421875 0.38828125 0.1328125 0.3671875
54 0.5078125 0.73984375 0.75625 0.2515625