32 0.259375 0.37421875 0.2171875 0.3875
0 0.47265625 0.3828125 0.1421875 0.39921875
5 0.59765625 0.38359375 0.125 0.3609375
6 0.7203125 0.37109375 0.10546875 0.38515625
2 0.83828125 0.3765625 0.11953125 0.36328125
54 0.51640625 0.7390625 0.7484375 0.2257812532 0.259375 0.37421875 0.2171875 0.3875
0 0.47265625 0.3828125 0.1421875 0.39921875
5 0.59765625 0.38359375 0.125 0.3609375
6 0.7203125 0.37109375 0.10546875 0.38515625
2 0.83828125 0.3765625 0.11953125 0.36328125
54 0.51640625 0.7390625 0.7484375 0.2257812532 0.259375 0.37421875 0.2171875 0.3875
0 0.47265625 0.3828125 0.1421875 0.39921875
5 0.59765625 0.38359375 0.125 0.3609375
6 0.7203125 0.37109375 0.10546875 0.38515625
2 0.83828125 0.3765625 0.11953125 0.36328125
54 0.51640625 0.7390625 0.7484375 0.22578125