32 0.25546875 0.3828125 0.23125 0.3953125
0 0.46875 0.38359375 0.15625 0.4046875
5 0.59375 0.38046875 0.1375 0.365625
6 0.715625 0.36328125 0.11875 0.3890625
2 0.83359375 0.36484375 0.1328125 0.3671875
54 0.525 0.73828125 0.75625 0.251562532 0.25546875 0.3828125 0.23125 0.3953125
0 0.46875 0.38359375 0.15625 0.4046875
5 0.59375 0.38046875 0.1375 0.365625
6 0.715625 0.36328125 0.11875 0.3890625
2 0.83359375 0.36484375 0.1328125 0.3671875
54 0.525 0.73828125 0.75625 0.251562532 0.25546875 0.3828125 0.23125 0.3953125
0 0.46875 0.38359375 0.15625 0.4046875
5 0.59375 0.38046875 0.1375 0.365625
6 0.715625 0.36328125 0.11875 0.3890625
2 0.83359375 0.36484375 0.1328125 0.3671875
54 0.525 0.73828125 0.75625 0.2515625