32 0.26875 0.3578125 0.24375 0.4015625
0 0.48125 0.38125 0.1703125 0.4078125
5 0.60546875 0.390625 0.15 0.36875
6 0.72890625 0.38671875 0.1328125 0.3921875
2 0.84609375 0.40078125 0.1453125 0.3703125
54 0.5 0.73984375 0.7625 0.27812532 0.26875 0.3578125 0.24375 0.4015625
0 0.48125 0.38125 0.1703125 0.4078125
5 0.60546875 0.390625 0.15 0.36875
6 0.72890625 0.38671875 0.1328125 0.3921875
2 0.84609375 0.40078125 0.1453125 0.3703125
54 0.5 0.73984375 0.7625 0.27812532 0.26875 0.3578125 0.24375 0.4015625
0 0.48125 0.38125 0.1703125 0.4078125
5 0.60546875 0.390625 0.15 0.36875
6 0.72890625 0.38671875 0.1328125 0.3921875
2 0.84609375 0.40078125 0.1453125 0.3703125
54 0.5 0.73984375 0.7625 0.278125