32 0.26640625 0.36171875 0.2375 0.3984375
0 0.47890625 0.38125 0.1625 0.40625
5 0.60390625 0.3890625 0.14375 0.3671875
6 0.7265625 0.3828125 0.125 0.390625
2 0.84453125 0.39453125 0.1390625 0.36875
54 0.50390625 0.73984375 0.759375 0.264062532 0.26640625 0.36171875 0.2375 0.3984375
0 0.47890625 0.38125 0.1625 0.40625
5 0.60390625 0.3890625 0.14375 0.3671875
6 0.7265625 0.3828125 0.125 0.390625
2 0.84453125 0.39453125 0.1390625 0.36875
54 0.50390625 0.73984375 0.759375 0.264062532 0.26640625 0.36171875 0.2375 0.3984375
0 0.47890625 0.38125 0.1625 0.40625
5 0.60390625 0.3890625 0.14375 0.3671875
6 0.7265625 0.3828125 0.125 0.390625
2 0.84453125 0.39453125 0.1390625 0.36875
54 0.50390625 0.73984375 0.759375 0.2640625