10 0.2125 0.36640625 0.1859375 0.4
0 0.41953125 0.3734375 0.1265625 0.3984375
7 0.53359375 0.3796875 0.125 0.4140625
5 0.6453125 0.3765625 0.1296875 0.3984375
6 0.7578125 0.38515625 0.121875 0.3984375
61 0.4484375 0.73984375 0.334375 0.226562510 0.2125 0.36640625 0.1859375 0.4
0 0.41953125 0.3734375 0.1265625 0.3984375
7 0.53359375 0.3796875 0.125 0.4140625
5 0.6453125 0.3765625 0.1296875 0.3984375
6 0.7578125 0.38515625 0.121875 0.3984375
61 0.4484375 0.73984375 0.334375 0.226562510 0.2125 0.36640625 0.1859375 0.4
0 0.41953125 0.3734375 0.1265625 0.3984375
7 0.53359375 0.3796875 0.125 0.4140625
5 0.6453125 0.3765625 0.1296875 0.3984375
6 0.7578125 0.38515625 0.121875 0.3984375
61 0.4484375 0.73984375 0.334375 0.2265625