10 0.2015625 0.3921875 0.1921875 0.403125
0 0.40859375 0.38125 0.134375 0.4
7 0.5234375 0.37734375 0.1328125 0.415625
5 0.63359375 0.36484375 0.1375 0.4
6 0.746875 0.36328125 0.128125 0.4
61 0.46953125 0.74296875 0.3375 0.232812510 0.2015625 0.3921875 0.1921875 0.403125
0 0.40859375 0.38125 0.134375 0.4
7 0.5234375 0.37734375 0.1328125 0.415625
5 0.63359375 0.36484375 0.1375 0.4
6 0.746875 0.36328125 0.128125 0.4
61 0.46953125 0.74296875 0.3375 0.232812510 0.2015625 0.3921875 0.1921875 0.403125
0 0.40859375 0.38125 0.134375 0.4
7 0.5234375 0.37734375 0.1328125 0.415625
5 0.63359375 0.36484375 0.1375 0.4
6 0.746875 0.36328125 0.128125 0.4
61 0.46953125 0.74296875 0.3375 0.2328125