10 0.2078125 0.3765625 0.171875 0.39453125
0 0.41484375 0.3765625 0.11328125 0.39453125
7 0.5296875 0.37890625 0.1109375 0.41015625
5 0.640625 0.371875 0.11640625 0.39453125
6 0.75390625 0.3765625 0.1078125 0.39453125
61 0.45703125 0.74140625 0.3265625 0.21562510 0.2078125 0.3765625 0.171875 0.39453125
0 0.41484375 0.3765625 0.11328125 0.39453125
7 0.5296875 0.37890625 0.1109375 0.41015625
5 0.640625 0.371875 0.11640625 0.39453125
6 0.75390625 0.3765625 0.1078125 0.39453125
61 0.45703125 0.74140625 0.3265625 0.21562510 0.2078125 0.3765625 0.171875 0.39453125
0 0.41484375 0.3765625 0.11328125 0.39453125
7 0.5296875 0.37890625 0.1109375 0.41015625
5 0.640625 0.371875 0.11640625 0.39453125
6 0.75390625 0.3765625 0.1078125 0.39453125
61 0.45703125 0.74140625 0.3265625 0.215625