49 0.23046875 0.31015625 0.240625 0.496875
0 0.44921875 0.34453125 0.2015625 0.4984375
7 0.578125 0.3671875 0.196875 0.5046875
7 0.6953125 0.37421875 0.2 0.4953125
2 0.840625 0.38828125 0.234375 0.5046875
54 0.4515625 0.80390625 0.8046875 0.36562549 0.23046875 0.31015625 0.240625 0.496875
0 0.44921875 0.34453125 0.2015625 0.4984375
7 0.578125 0.3671875 0.196875 0.5046875
7 0.6953125 0.37421875 0.2 0.4953125
2 0.840625 0.38828125 0.234375 0.5046875
54 0.4515625 0.80390625 0.8046875 0.36562549 0.23046875 0.31015625 0.240625 0.496875
0 0.44921875 0.34453125 0.2015625 0.4984375
7 0.578125 0.3671875 0.196875 0.5046875
7 0.6953125 0.37421875 0.2 0.4953125
2 0.840625 0.38828125 0.234375 0.5046875
54 0.4515625 0.80390625 0.8046875 0.365625