49 0.19609375 0.3703125 0.209375 0.4890625
0 0.41796875 0.35859375 0.16875 0.4921875
7 0.5484375 0.35390625 0.1640625 0.5
7 0.66484375 0.33671875 0.1671875 0.4890625
2 0.81015625 0.3203125 0.2015625 0.496875
54 0.51640625 0.8078125 0.7921875 0.314062549 0.19609375 0.3703125 0.209375 0.4890625
0 0.41796875 0.35859375 0.16875 0.4921875
7 0.5484375 0.35390625 0.1640625 0.5
7 0.66484375 0.33671875 0.1671875 0.4890625
2 0.81015625 0.3203125 0.2015625 0.496875
54 0.51640625 0.8078125 0.7921875 0.314062549 0.19609375 0.3703125 0.209375 0.4890625
0 0.41796875 0.35859375 0.16875 0.4921875
7 0.5484375 0.35390625 0.1640625 0.5
7 0.66484375 0.33671875 0.1671875 0.4890625
2 0.81015625 0.3203125 0.2015625 0.496875
54 0.51640625 0.8078125 0.7921875 0.3140625