49 0.19453125 0.37578125 0.2171875 0.490625
0 0.415625 0.36015625 0.1765625 0.49375
7 0.54609375 0.353125 0.1734375 0.5015625
7 0.66171875 0.33359375 0.175 0.490625
2 0.80703125 0.31484375 0.2109375 0.4984375
54 0.52109375 0.80703125 0.7953125 0.326562549 0.19453125 0.37578125 0.2171875 0.490625
0 0.415625 0.36015625 0.1765625 0.49375
7 0.54609375 0.353125 0.1734375 0.5015625
7 0.66171875 0.33359375 0.175 0.490625
2 0.80703125 0.31484375 0.2109375 0.4984375
54 0.52109375 0.80703125 0.7953125 0.326562549 0.19453125 0.37578125 0.2171875 0.490625
0 0.415625 0.36015625 0.1765625 0.49375
7 0.54609375 0.353125 0.1734375 0.5015625
7 0.66171875 0.33359375 0.175 0.490625
2 0.80703125 0.31484375 0.2109375 0.4984375
54 0.52109375 0.80703125 0.7953125 0.3265625