34 0.23359375 0.3578125 0.215625 0.4296875
0 0.4640625 0.38203125 0.159375 0.43125
9 0.584375 0.38984375 0.1359375 0.4234375
0 0.69921875 0.4046875 0.14375 0.4234375
7 0.82265625 0.4171875 0.178125 0.4328125
94 0.49921875 0.74453125 0.3828125 0.210937534 0.23359375 0.3578125 0.215625 0.4296875
0 0.4640625 0.38203125 0.159375 0.43125
9 0.584375 0.38984375 0.1359375 0.4234375
0 0.69921875 0.4046875 0.14375 0.4234375
7 0.82265625 0.4171875 0.178125 0.4328125
94 0.49921875 0.74453125 0.3828125 0.210937534 0.23359375 0.3578125 0.215625 0.4296875
0 0.4640625 0.38203125 0.159375 0.43125
9 0.584375 0.38984375 0.1359375 0.4234375
0 0.69921875 0.4046875 0.14375 0.4234375
7 0.82265625 0.4171875 0.178125 0.4328125
94 0.49921875 0.74453125 0.3828125 0.2109375