34 0.22421875 0.3765625 0.1875 0.41796875
0 0.45625 0.38515625 0.13046875 0.4234375
9 0.5765625 0.384375 0.1078125 0.41640625
0 0.6921875 0.39140625 0.11484375 0.41640625
7 0.81640625 0.39453125 0.14921875 0.4234375
94 0.51640625 0.74375 0.37109375 0.185937534 0.22421875 0.3765625 0.1875 0.41796875
0 0.45625 0.38515625 0.13046875 0.4234375
9 0.5765625 0.384375 0.1078125 0.41640625
0 0.6921875 0.39140625 0.11484375 0.41640625
7 0.81640625 0.39453125 0.14921875 0.4234375
94 0.51640625 0.74375 0.37109375 0.185937534 0.22421875 0.3765625 0.1875 0.41796875
0 0.45625 0.38515625 0.13046875 0.4234375
9 0.5765625 0.384375 0.1078125 0.41640625
0 0.6921875 0.39140625 0.11484375 0.41640625
7 0.81640625 0.39453125 0.14921875 0.4234375
94 0.51640625 0.74375 0.37109375 0.1859375