34 0.23828125 0.3484375 0.2296875 0.4359375
0 0.46875 0.38125 0.1734375 0.434375
9 0.58828125 0.39296875 0.15 0.425
0 0.70234375 0.41171875 0.1578125 0.4265625
7 0.82578125 0.428125 0.1921875 0.4359375
94 0.490625 0.74375 0.3890625 0.223437534 0.23828125 0.3484375 0.2296875 0.4359375
0 0.46875 0.38125 0.1734375 0.434375
9 0.58828125 0.39296875 0.15 0.425
0 0.70234375 0.41171875 0.1578125 0.4265625
7 0.82578125 0.428125 0.1921875 0.4359375
94 0.490625 0.74375 0.3890625 0.223437534 0.23828125 0.3484375 0.2296875 0.4359375
0 0.46875 0.38125 0.1734375 0.434375
9 0.58828125 0.39296875 0.15 0.425
0 0.70234375 0.41171875 0.1578125 0.4265625
7 0.82578125 0.428125 0.1921875 0.4359375
94 0.490625 0.74375 0.3890625 0.2234375