32 0.23125 0.4640625 0.19296875 0.35625
0 0.4625 0.45 0.12890625 0.35546875
9 0.59375 0.4453125 0.11640625 0.3453125
1 0.71171875 0.44140625 0.1078125 0.35078125
7 0.8484375 0.4296875 0.13515625 0.3367187532 0.23125 0.4640625 0.19296875 0.35625
0 0.4625 0.45 0.12890625 0.35546875
9 0.59375 0.4453125 0.11640625 0.3453125
1 0.71171875 0.44140625 0.1078125 0.35078125
7 0.8484375 0.4296875 0.13515625 0.3367187532 0.23125 0.4640625 0.19296875 0.35625
0 0.4625 0.45 0.12890625 0.35546875
9 0.59375 0.4453125 0.11640625 0.3453125
1 0.71171875 0.44140625 0.1078125 0.35078125
7 0.8484375 0.4296875 0.13515625 0.33671875