32 0.23125 0.4640625 0.19375 0.35625
0 0.4625 0.45 0.128125 0.35625
9 0.59375 0.4453125 0.115625 0.3453125
1 0.71171875 0.44140625 0.1078125 0.35
7 0.8484375 0.4296875 0.134375 0.337532 0.23125 0.4640625 0.19375 0.35625
0 0.4625 0.45 0.128125 0.35625
9 0.59375 0.4453125 0.115625 0.3453125
1 0.71171875 0.44140625 0.1078125 0.35
7 0.8484375 0.4296875 0.134375 0.337532 0.23125 0.4640625 0.19375 0.35625
0 0.4625 0.45 0.128125 0.35625
9 0.59375 0.4453125 0.115625 0.3453125
1 0.71171875 0.44140625 0.1078125 0.35
7 0.8484375 0.4296875 0.134375 0.3375