32 0.23203125 0.459375 0.1984375 0.359375
0 0.46328125 0.44921875 0.134375 0.3578125
9 0.59453125 0.446875 0.121875 0.346875
1 0.7125 0.4453125 0.1140625 0.353125
7 0.85 0.4359375 0.140625 0.339062532 0.23203125 0.459375 0.1984375 0.359375
0 0.46328125 0.44921875 0.134375 0.3578125
9 0.59453125 0.446875 0.121875 0.346875
1 0.7125 0.4453125 0.1140625 0.353125
7 0.85 0.4359375 0.140625 0.339062532 0.23203125 0.459375 0.1984375 0.359375
0 0.46328125 0.44921875 0.134375 0.3578125
9 0.59453125 0.446875 0.121875 0.346875
1 0.7125 0.4453125 0.1140625 0.353125
7 0.85 0.4359375 0.140625 0.3390625