32 0.23515625 0.440625 0.2234375 0.371875
0 0.4671875 0.446875 0.159375 0.365625
9 0.5984375 0.45390625 0.1453125 0.3546875
1 0.71640625 0.46015625 0.1375 0.359375
7 0.853125 0.46015625 0.1640625 0.34687532 0.23515625 0.440625 0.2234375 0.371875
0 0.4671875 0.446875 0.159375 0.365625
9 0.5984375 0.45390625 0.1453125 0.3546875
1 0.71640625 0.46015625 0.1375 0.359375
7 0.853125 0.46015625 0.1640625 0.34687532 0.23515625 0.440625 0.2234375 0.371875
0 0.4671875 0.446875 0.159375 0.365625
9 0.5984375 0.45390625 0.1453125 0.3546875
1 0.71640625 0.46015625 0.1375 0.359375
7 0.853125 0.46015625 0.1640625 0.346875