32 0.2375 0.43125 0.234375 0.3765625
0 0.46875 0.44609375 0.171875 0.36875
9 0.6 0.45703125 0.1578125 0.35625
1 0.7171875 0.46796875 0.15 0.3609375
7 0.8546875 0.47265625 0.175 0.3532 0.2375 0.43125 0.234375 0.3765625
0 0.46875 0.44609375 0.171875 0.36875
9 0.6 0.45703125 0.1578125 0.35625
1 0.7171875 0.46796875 0.15 0.3609375
7 0.8546875 0.47265625 0.175 0.3532 0.2375 0.43125 0.234375 0.3765625
0 0.46875 0.44609375 0.171875 0.36875
9 0.6 0.45703125 0.1578125 0.35625
1 0.7171875 0.46796875 0.15 0.3609375
7 0.8546875 0.47265625 0.175 0.35