10 0.2 0.40078125 0.19375 0.44375
0 0.4421875 0.4 0.146875 0.434375
9 0.56875 0.4015625 0.121875 0.440625
9 0.70390625 0.40546875 0.140625 0.4390625
3 0.8328125 0.40078125 0.134375 0.428125
114 0.5109375 0.80078125 0.3140625 0.201562510 0.2 0.40078125 0.19375 0.44375
0 0.4421875 0.4 0.146875 0.434375
9 0.56875 0.4015625 0.121875 0.440625
9 0.70390625 0.40546875 0.140625 0.4390625
3 0.8328125 0.40078125 0.134375 0.428125
114 0.5109375 0.80078125 0.3140625 0.201562510 0.2 0.40078125 0.19375 0.44375
0 0.4421875 0.4 0.146875 0.434375
9 0.56875 0.4015625 0.121875 0.440625
9 0.70390625 0.40546875 0.140625 0.4390625
3 0.8328125 0.40078125 0.134375 0.428125
114 0.5109375 0.80078125 0.3140625 0.2015625