10 0.21953125 0.3546875 0.259375 0.4671875
0 0.45859375 0.3921875 0.2125 0.4515625
9 0.58359375 0.41328125 0.1890625 0.4546875
9 0.71640625 0.43828125 0.2078125 0.45625
3 0.84453125 0.45390625 0.2 0.4453125
114 0.4640625 0.7984375 0.3421875 0.248437510 0.21953125 0.3546875 0.259375 0.4671875
0 0.45859375 0.3921875 0.2125 0.4515625
9 0.58359375 0.41328125 0.1890625 0.4546875
9 0.71640625 0.43828125 0.2078125 0.45625
3 0.84453125 0.45390625 0.2 0.4453125
114 0.4640625 0.7984375 0.3421875 0.248437510 0.21953125 0.3546875 0.259375 0.4671875
0 0.45859375 0.3921875 0.2125 0.4515625
9 0.58359375 0.41328125 0.1890625 0.4546875
9 0.71640625 0.43828125 0.2078125 0.45625
3 0.84453125 0.45390625 0.2 0.4453125
114 0.4640625 0.7984375 0.3421875 0.2484375