10 0.19375 0.421875 0.2234375 0.4546875
0 0.43515625 0.40390625 0.1765625 0.4421875
9 0.56171875 0.396875 0.1515625 0.4484375
9 0.696875 0.39140625 0.1703125 0.4484375
3 0.825 0.378125 0.1640625 0.4375
114 0.53203125 0.79921875 0.328125 0.223437510 0.19375 0.421875 0.2234375 0.4546875
0 0.43515625 0.40390625 0.1765625 0.4421875
9 0.56171875 0.396875 0.1515625 0.4484375
9 0.696875 0.39140625 0.1703125 0.4484375
3 0.825 0.378125 0.1640625 0.4375
114 0.53203125 0.79921875 0.328125 0.223437510 0.19375 0.421875 0.2234375 0.4546875
0 0.43515625 0.40390625 0.1765625 0.4421875
9 0.56171875 0.396875 0.1515625 0.4484375
9 0.696875 0.39140625 0.1703125 0.4484375
3 0.825 0.378125 0.1640625 0.4375
114 0.53203125 0.79921875 0.328125 0.2234375