20 0.23046875 0.40078125 0.225 0.2953125
49 0.38046875 0.39296875 0.20625 0.2796875
1 0.60390625 0.37890625 0.14375 0.2671875
0 0.72421875 0.375 0.15 0.25625
0 0.82734375 0.37421875 0.15 0.26875
0 0.93828125 0.36171875 0.115625 0.2484375
54 0.46328125 0.66484375 0.71875 0.220 0.23046875 0.40078125 0.225 0.2953125
49 0.38046875 0.39296875 0.20625 0.2796875
1 0.60390625 0.37890625 0.14375 0.2671875
0 0.72421875 0.375 0.15 0.25625
0 0.82734375 0.37421875 0.15 0.26875
0 0.93828125 0.36171875 0.115625 0.2484375
54 0.46328125 0.66484375 0.71875 0.220 0.23046875 0.40078125 0.225 0.2953125
49 0.38046875 0.39296875 0.20625 0.2796875
1 0.60390625 0.37890625 0.14375 0.2671875
0 0.72421875 0.375 0.15 0.25625
0 0.82734375 0.37421875 0.15 0.26875
0 0.93828125 0.36171875 0.115625 0.2484375
54 0.46328125 0.66484375 0.71875 0.2