20 0.23203125 0.39609375 0.23125 0.2984375
49 0.38203125 0.390625 0.2125 0.2828125
1 0.60625 0.38046875 0.1484375 0.2703125
0 0.7265625 0.37890625 0.1546875 0.2578125
0 0.8296875 0.3796875 0.153125 0.271875
0 0.940625 0.36953125 0.11875 0.25
54 0.46015625 0.6640625 0.721875 0.212520 0.23203125 0.39609375 0.23125 0.2984375
49 0.38203125 0.390625 0.2125 0.2828125
1 0.60625 0.38046875 0.1484375 0.2703125
0 0.7265625 0.37890625 0.1546875 0.2578125
0 0.8296875 0.3796875 0.153125 0.271875
0 0.940625 0.36953125 0.11875 0.25
54 0.46015625 0.6640625 0.721875 0.212520 0.23203125 0.39609375 0.23125 0.2984375
49 0.38203125 0.390625 0.2125 0.2828125
1 0.60625 0.38046875 0.1484375 0.2703125
0 0.7265625 0.37890625 0.1546875 0.2578125
0 0.8296875 0.3796875 0.153125 0.271875
0 0.940625 0.36953125 0.11875 0.25
54 0.46015625 0.6640625 0.721875 0.2125