20 0.24921875 0.36015625 0.26875 0.3265625
49 0.3984375 0.37578125 0.2484375 0.309375
1 0.621875 0.396875 0.184375 0.2859375
0 0.740625 0.41171875 0.1890625 0.2765625
0 0.84296875 0.42734375 0.1890625 0.2890625
0 0.9390625 0.43203125 0.121875 0.2640625
54 0.43828125 0.65703125 0.740625 0.30937520 0.24921875 0.36015625 0.26875 0.3265625
49 0.3984375 0.37578125 0.2484375 0.309375
1 0.621875 0.396875 0.184375 0.2859375
0 0.740625 0.41171875 0.1890625 0.2765625
0 0.84296875 0.42734375 0.1890625 0.2890625
0 0.9390625 0.43203125 0.121875 0.2640625
54 0.43828125 0.65703125 0.740625 0.30937520 0.24921875 0.36015625 0.26875 0.3265625
49 0.3984375 0.37578125 0.2484375 0.309375
1 0.621875 0.396875 0.184375 0.2859375
0 0.740625 0.41171875 0.1890625 0.2765625
0 0.84296875 0.42734375 0.1890625 0.2890625
0 0.9390625 0.43203125 0.121875 0.2640625
54 0.43828125 0.65703125 0.740625 0.309375