46 0.16796875 0.3375 0.1625 0.396875
32 0.32421875 0.346875 0.1546875 0.3625
1 0.509375 0.34296875 0.1125 0.38125
0 0.63515625 0.35859375 0.11875 0.353125
1 0.76015625 0.3484375 0.1 0.365625
0 0.87265625 0.3453125 0.1265625 0.38125
54 0.503125 0.71171875 0.6390625 0.204687546 0.16796875 0.3375 0.1625 0.396875
32 0.32421875 0.346875 0.1546875 0.3625
1 0.509375 0.34296875 0.1125 0.38125
0 0.63515625 0.35859375 0.11875 0.353125
1 0.76015625 0.3484375 0.1 0.365625
0 0.87265625 0.3453125 0.1265625 0.38125
54 0.503125 0.71171875 0.6390625 0.204687546 0.16796875 0.3375 0.1625 0.396875
32 0.32421875 0.346875 0.1546875 0.3625
1 0.509375 0.34296875 0.1125 0.38125
0 0.63515625 0.35859375 0.11875 0.353125
1 0.76015625 0.3484375 0.1 0.365625
0 0.87265625 0.3453125 0.1265625 0.38125
54 0.503125 0.71171875 0.6390625 0.2046875