50 0.18984375 0.36328125 0.228125 0.41875
14 0.33984375 0.38671875 0.196875 0.396875
1 0.51875 0.40859375 0.1515625 0.3890625
0 0.6296875 0.41875 0.159375 0.375
1 0.7609375 0.4453125 0.1546875 0.38125
1 0.88125 0.465625 0.1421875 0.38125
54 0.45703125 0.78515625 0.646875 0.29062550 0.18984375 0.36328125 0.228125 0.41875
14 0.33984375 0.38671875 0.196875 0.396875
1 0.51875 0.40859375 0.1515625 0.3890625
0 0.6296875 0.41875 0.159375 0.375
1 0.7609375 0.4453125 0.1546875 0.38125
1 0.88125 0.465625 0.1421875 0.38125
54 0.45703125 0.78515625 0.646875 0.29062550 0.18984375 0.36328125 0.228125 0.41875
14 0.33984375 0.38671875 0.196875 0.396875
1 0.51875 0.40859375 0.1515625 0.3890625
0 0.6296875 0.41875 0.159375 0.375
1 0.7609375 0.4453125 0.1546875 0.38125
1 0.88125 0.465625 0.1421875 0.38125
54 0.45703125 0.78515625 0.646875 0.290625