13 0.15234375 0.3765625 0.1734375 0.38046875
27 0.3203125 0.3671875 0.140625 0.39609375
1 0.53671875 0.3734375 0.08515625 0.371875
0 0.65703125 0.37109375 0.14609375 0.3625
1 0.796875 0.38671875 0.09921875 0.36328125
0 0.91484375 0.3796875 0.121875 0.36796875
54 0.51171875 0.76171875 0.71015625 0.2289062513 0.15234375 0.3765625 0.1734375 0.38046875
27 0.3203125 0.3671875 0.140625 0.39609375
1 0.53671875 0.3734375 0.08515625 0.371875
0 0.65703125 0.37109375 0.14609375 0.3625
1 0.796875 0.38671875 0.09921875 0.36328125
0 0.91484375 0.3796875 0.121875 0.36796875
54 0.51171875 0.76171875 0.71015625 0.2289062513 0.15234375 0.3765625 0.1734375 0.38046875
27 0.3203125 0.3671875 0.140625 0.39609375
1 0.53671875 0.3734375 0.08515625 0.371875
0 0.65703125 0.37109375 0.14609375 0.3625
1 0.796875 0.38671875 0.09921875 0.36328125
0 0.91484375 0.3796875 0.121875 0.36796875
54 0.51171875 0.76171875 0.71015625 0.22890625