46 0.19609375 0.2859375 0.2203125 0.4453125
23 0.34375 0.32890625 0.159375 0.4421875
1 0.54375 0.3296875 0.159375 0.4046875
0 0.66328125 0.346875 0.1578125 0.3734375
1 0.78125 0.36640625 0.125 0.384375
0 0.884375 0.37578125 0.1328125 0.3765625
54 0.47421875 0.72578125 0.7078125 0.292187546 0.19609375 0.2859375 0.2203125 0.4453125
23 0.34375 0.32890625 0.159375 0.4421875
1 0.54375 0.3296875 0.159375 0.4046875
0 0.66328125 0.346875 0.1578125 0.3734375
1 0.78125 0.36640625 0.125 0.384375
0 0.884375 0.37578125 0.1328125 0.3765625
54 0.47421875 0.72578125 0.7078125 0.292187546 0.19609375 0.2859375 0.2203125 0.4453125
23 0.34375 0.32890625 0.159375 0.4421875
1 0.54375 0.3296875 0.159375 0.4046875
0 0.66328125 0.346875 0.1578125 0.3734375
1 0.78125 0.36640625 0.125 0.384375
0 0.884375 0.37578125 0.1328125 0.3765625
54 0.47421875 0.72578125 0.7078125 0.2921875