46 0.1640625 0.3421875 0.234375 0.4515625
23 0.31640625 0.35859375 0.1734375 0.4453125
1 0.5140625 0.325 0.1734375 0.4078125
0 0.634375 0.32109375 0.16875 0.3765625
1 0.75390625 0.31953125 0.1375 0.3859375
0 0.85703125 0.3109375 0.1453125 0.378125
54 0.51328125 0.72734375 0.7140625 0.31562546 0.1640625 0.3421875 0.234375 0.4515625
23 0.31640625 0.35859375 0.1734375 0.4453125
1 0.5140625 0.325 0.1734375 0.4078125
0 0.634375 0.32109375 0.16875 0.3765625
1 0.75390625 0.31953125 0.1375 0.3859375
0 0.85703125 0.3109375 0.1453125 0.378125
54 0.51328125 0.72734375 0.7140625 0.31562546 0.1640625 0.3421875 0.234375 0.4515625
23 0.31640625 0.35859375 0.1734375 0.4453125
1 0.5140625 0.325 0.1734375 0.4078125
0 0.634375 0.32109375 0.16875 0.3765625
1 0.75390625 0.31953125 0.1375 0.3859375
0 0.85703125 0.3109375 0.1453125 0.378125
54 0.51328125 0.72734375 0.7140625 0.315625