46 0.18046875 0.31484375 0.1890625 0.40625
32 0.33515625 0.33515625 0.1796875 0.3734375
1 0.5203125 0.34375 0.1390625 0.3890625
0 0.64453125 0.36875 0.14375 0.3609375
1 0.7703125 0.3671875 0.125 0.3703125
0 0.8828125 0.371875 0.153125 0.3890625
54 0.48828125 0.71171875 0.6515625 0.248437546 0.18046875 0.31484375 0.1890625 0.40625
32 0.33515625 0.33515625 0.1796875 0.3734375
1 0.5203125 0.34375 0.1390625 0.3890625
0 0.64453125 0.36875 0.14375 0.3609375
1 0.7703125 0.3671875 0.125 0.3703125
0 0.8828125 0.371875 0.153125 0.3890625
54 0.48828125 0.71171875 0.6515625 0.248437546 0.18046875 0.31484375 0.1890625 0.40625
32 0.33515625 0.33515625 0.1796875 0.3734375
1 0.5203125 0.34375 0.1390625 0.3890625
0 0.64453125 0.36875 0.14375 0.3609375
1 0.7703125 0.3671875 0.125 0.3703125
0 0.8828125 0.371875 0.153125 0.3890625
54 0.48828125 0.71171875 0.6515625 0.2484375