50 0.1640625 0.45390625 0.215625 0.415625
14 0.31484375 0.43515625 0.184375 0.3953125
1 0.4921875 0.40703125 0.1390625 0.3875
0 0.60234375 0.3859375 0.146875 0.3734375
1 0.7359375 0.37578125 0.1421875 0.3796875
1 0.85703125 0.36171875 0.1296875 0.3796875
54 0.5375 0.7859375 0.6421875 0.270312550 0.1640625 0.45390625 0.215625 0.415625
14 0.31484375 0.43515625 0.184375 0.3953125
1 0.4921875 0.40703125 0.1390625 0.3875
0 0.60234375 0.3859375 0.146875 0.3734375
1 0.7359375 0.37578125 0.1421875 0.3796875
1 0.85703125 0.36171875 0.1296875 0.3796875
54 0.5375 0.7859375 0.6421875 0.270312550 0.1640625 0.45390625 0.215625 0.415625
14 0.31484375 0.43515625 0.184375 0.3953125
1 0.4921875 0.40703125 0.1390625 0.3875
0 0.60234375 0.3859375 0.146875 0.3734375
1 0.7359375 0.37578125 0.1421875 0.3796875
1 0.85703125 0.36171875 0.1296875 0.3796875
54 0.5375 0.7859375 0.6421875 0.2703125