46 0.18203125 0.3078125 0.190625 0.43359375
23 0.33203125 0.33984375 0.12890625 0.43359375
1 0.53203125 0.32734375 0.13203125 0.39609375
0 0.65234375 0.3359375 0.13203125 0.36484375
1 0.77109375 0.346875 0.09921875 0.378125
0 0.875 0.34921875 0.1078125 0.36953125
54 0.48984375 0.72734375 0.69296875 0.2445312546 0.18203125 0.3078125 0.190625 0.43359375
23 0.33203125 0.33984375 0.12890625 0.43359375
1 0.53203125 0.32734375 0.13203125 0.39609375
0 0.65234375 0.3359375 0.13203125 0.36484375
1 0.77109375 0.346875 0.09921875 0.378125
0 0.875 0.34921875 0.1078125 0.36953125
54 0.48984375 0.72734375 0.69296875 0.2445312546 0.18203125 0.3078125 0.190625 0.43359375
23 0.33203125 0.33984375 0.12890625 0.43359375
1 0.53203125 0.32734375 0.13203125 0.39609375
0 0.65234375 0.3359375 0.13203125 0.36484375
1 0.77109375 0.346875 0.09921875 0.378125
0 0.875 0.34921875 0.1078125 0.36953125
54 0.48984375 0.72734375 0.69296875 0.24453125