46 0.18203125 0.3078125 0.190625 0.434375
23 0.33203125 0.33984375 0.128125 0.434375
1 0.53203125 0.32734375 0.13125 0.396875
0 0.65234375 0.3359375 0.13125 0.365625
1 0.77109375 0.346875 0.1 0.378125
0 0.875 0.34921875 0.1078125 0.36875
54 0.48984375 0.72734375 0.69375 0.2437546 0.18203125 0.3078125 0.190625 0.434375
23 0.33203125 0.33984375 0.128125 0.434375
1 0.53203125 0.32734375 0.13125 0.396875
0 0.65234375 0.3359375 0.13125 0.365625
1 0.77109375 0.346875 0.1 0.378125
0 0.875 0.34921875 0.1078125 0.36875
54 0.48984375 0.72734375 0.69375 0.2437546 0.18203125 0.3078125 0.190625 0.434375
23 0.33203125 0.33984375 0.128125 0.434375
1 0.53203125 0.32734375 0.13125 0.396875
0 0.65234375 0.3359375 0.13125 0.365625
1 0.77109375 0.346875 0.1 0.378125
0 0.875 0.34921875 0.1078125 0.36875
54 0.48984375 0.72734375 0.69375 0.24375