50 0.1765625 0.39609375 0.1890625 0.40625
14 0.32890625 0.40390625 0.159375 0.3875
1 0.50859375 0.40703125 0.1140625 0.3828125
0 0.62109375 0.40546875 0.1234375 0.36875
1 0.75390625 0.41875 0.1171875 0.375
1 0.87578125 0.42578125 0.1046875 0.3765625
54 0.4875 0.78828125 0.6328125 0.22812550 0.1765625 0.39609375 0.1890625 0.40625
14 0.32890625 0.40390625 0.159375 0.3875
1 0.50859375 0.40703125 0.1140625 0.3828125
0 0.62109375 0.40546875 0.1234375 0.36875
1 0.75390625 0.41875 0.1171875 0.375
1 0.87578125 0.42578125 0.1046875 0.3765625
54 0.4875 0.78828125 0.6328125 0.22812550 0.1765625 0.39609375 0.1890625 0.40625
14 0.32890625 0.40390625 0.159375 0.3875
1 0.50859375 0.40703125 0.1140625 0.3828125
0 0.62109375 0.40546875 0.1234375 0.36875
1 0.75390625 0.41875 0.1171875 0.375
1 0.87578125 0.42578125 0.1046875 0.3765625
54 0.4875 0.78828125 0.6328125 0.228125