50 0.171875 0.41328125 0.16796875 0.39765625
14 0.32421875 0.41328125 0.1390625 0.38046875
1 0.50390625 0.40703125 0.09375 0.37890625
0 0.615625 0.39921875 0.10390625 0.36328125
1 0.74921875 0.40546875 0.09765625 0.37109375
1 0.87109375 0.40625 0.08515625 0.371875
54 0.50234375 0.78828125 0.6234375 0.1960937550 0.171875 0.41328125 0.16796875 0.39765625
14 0.32421875 0.41328125 0.1390625 0.38046875
1 0.50390625 0.40703125 0.09375 0.37890625
0 0.615625 0.39921875 0.10390625 0.36328125
1 0.74921875 0.40546875 0.09765625 0.37109375
1 0.87109375 0.40625 0.08515625 0.371875
54 0.50234375 0.78828125 0.6234375 0.1960937550 0.171875 0.41328125 0.16796875 0.39765625
14 0.32421875 0.41328125 0.1390625 0.38046875
1 0.50390625 0.40703125 0.09375 0.37890625
0 0.615625 0.39921875 0.10390625 0.36328125
1 0.74921875 0.40546875 0.09765625 0.37109375
1 0.87109375 0.40625 0.08515625 0.371875
54 0.50234375 0.78828125 0.6234375 0.19609375