13 0.1546875 0.3703125 0.1796875 0.3828125
27 0.32265625 0.3640625 0.146875 0.3984375
1 0.5390625 0.37421875 0.0921875 0.3734375
0 0.659375 0.37421875 0.153125 0.365625
1 0.7984375 0.3921875 0.10625 0.365625
0 0.9171875 0.38671875 0.128125 0.3703125
54 0.50703125 0.76171875 0.7140625 0.24062513 0.1546875 0.3703125 0.1796875 0.3828125
27 0.32265625 0.3640625 0.146875 0.3984375
1 0.5390625 0.37421875 0.0921875 0.3734375
0 0.659375 0.37421875 0.153125 0.365625
1 0.7984375 0.3921875 0.10625 0.365625
0 0.9171875 0.38671875 0.128125 0.3703125
54 0.50703125 0.76171875 0.7140625 0.24062513 0.1546875 0.3703125 0.1796875 0.3828125
27 0.32265625 0.3640625 0.146875 0.3984375
1 0.5390625 0.37421875 0.0921875 0.3734375
0 0.659375 0.37421875 0.153125 0.365625
1 0.7984375 0.3921875 0.10625 0.365625
0 0.9171875 0.38671875 0.128125 0.3703125
54 0.50703125 0.76171875 0.7140625 0.240625