46 0.15625 0.36015625 0.25625 0.4578125
23 0.309375 0.36796875 0.1953125 0.4484375
1 0.5046875 0.32421875 0.1921875 0.4125
0 0.625 0.3140625 0.1875 0.38125
1 0.74375 0.30625 0.1578125 0.3890625
0 0.846875 0.2921875 0.1640625 0.38125
54 0.52578125 0.72578125 0.7234375 0.3546 0.15625 0.36015625 0.25625 0.4578125
23 0.309375 0.36796875 0.1953125 0.4484375
1 0.5046875 0.32421875 0.1921875 0.4125
0 0.625 0.3140625 0.1875 0.38125
1 0.74375 0.30625 0.1578125 0.3890625
0 0.846875 0.2921875 0.1640625 0.38125
54 0.52578125 0.72578125 0.7234375 0.3546 0.15625 0.36015625 0.25625 0.4578125
23 0.309375 0.36796875 0.1953125 0.4484375
1 0.5046875 0.32421875 0.1921875 0.4125
0 0.625 0.3140625 0.1875 0.38125
1 0.74375 0.30625 0.1578125 0.3890625
0 0.846875 0.2921875 0.1640625 0.38125
54 0.52578125 0.72578125 0.7234375 0.35