13 0.14140625 0.41328125 0.2125 0.396875
27 0.30703125 0.38671875 0.18125 0.409375
1 0.5234375 0.3703125 0.1234375 0.378125
0 0.64296875 0.35546875 0.1828125 0.3765625
1 0.78359375 0.35625 0.1359375 0.371875
0 0.9 0.33671875 0.159375 0.378125
54 0.5390625 0.759375 0.7296875 0.301562513 0.14140625 0.41328125 0.2125 0.396875
27 0.30703125 0.38671875 0.18125 0.409375
1 0.5234375 0.3703125 0.1234375 0.378125
0 0.64296875 0.35546875 0.1828125 0.3765625
1 0.78359375 0.35625 0.1359375 0.371875
0 0.9 0.33671875 0.159375 0.378125
54 0.5390625 0.759375 0.7296875 0.301562513 0.14140625 0.41328125 0.2125 0.396875
27 0.30703125 0.38671875 0.18125 0.409375
1 0.5234375 0.3703125 0.1234375 0.378125
0 0.64296875 0.35546875 0.1828125 0.3765625
1 0.78359375 0.35625 0.1359375 0.371875
0 0.9 0.33671875 0.159375 0.378125
54 0.5390625 0.759375 0.7296875 0.3015625