13 0.15 0.3828125 0.1796875 0.3828125
27 0.31796875 0.3703125 0.146875 0.3984375
1 0.534375 0.37265625 0.0921875 0.3734375
0 0.6546875 0.36875 0.153125 0.365625
1 0.79453125 0.38125 0.10625 0.365625
0 0.9125 0.37265625 0.128125 0.3703125
54 0.51640625 0.76171875 0.7140625 0.24062513 0.15 0.3828125 0.1796875 0.3828125
27 0.31796875 0.3703125 0.146875 0.3984375
1 0.534375 0.37265625 0.0921875 0.3734375
0 0.6546875 0.36875 0.153125 0.365625
1 0.79453125 0.38125 0.10625 0.365625
0 0.9125 0.37265625 0.128125 0.3703125
54 0.51640625 0.76171875 0.7140625 0.24062513 0.15 0.3828125 0.1796875 0.3828125
27 0.31796875 0.3703125 0.146875 0.3984375
1 0.534375 0.37265625 0.0921875 0.3734375
0 0.6546875 0.36875 0.153125 0.365625
1 0.79453125 0.38125 0.10625 0.365625
0 0.9125 0.37265625 0.128125 0.3703125
54 0.51640625 0.76171875 0.7140625 0.240625