50 0.14296875 0.425 0.16875 0.40078125
28 0.27734375 0.42578125 0.1234375 0.3734375
1 0.4609375 0.4265625 0.08671875 0.3734375
0 0.5859375 0.42109375 0.13515625 0.36484375
2 0.7 0.42421875 0.11328125 0.359375
1 0.81953125 0.4140625 0.10234375 0.39921875
54 0.5 0.78828125 0.653125 0.1445312550 0.14296875 0.425 0.16875 0.40078125
28 0.27734375 0.42578125 0.1234375 0.3734375
1 0.4609375 0.4265625 0.08671875 0.3734375
0 0.5859375 0.42109375 0.13515625 0.36484375
2 0.7 0.42421875 0.11328125 0.359375
1 0.81953125 0.4140625 0.10234375 0.39921875
54 0.5 0.78828125 0.653125 0.1445312550 0.14296875 0.425 0.16875 0.40078125
28 0.27734375 0.42578125 0.1234375 0.3734375
1 0.4609375 0.4265625 0.08671875 0.3734375
0 0.5859375 0.42109375 0.13515625 0.36484375
2 0.7 0.42421875 0.11328125 0.359375
1 0.81953125 0.4140625 0.10234375 0.39921875
54 0.5 0.78828125 0.653125 0.14453125