50 0.15078125 0.39453125 0.203125 0.4140625
28 0.284375 0.40703125 0.15625 0.3828125
1 0.4671875 0.4234375 0.11875 0.3796875
0 0.5921875 0.42890625 0.1671875 0.375
2 0.70546875 0.4421875 0.14375 0.3671875
1 0.82578125 0.4421875 0.1375 0.40625
54 0.475 0.7875 0.6625 0.201562550 0.15078125 0.39453125 0.203125 0.4140625
28 0.284375 0.40703125 0.15625 0.3828125
1 0.4671875 0.4234375 0.11875 0.3796875
0 0.5921875 0.42890625 0.1671875 0.375
2 0.70546875 0.4421875 0.14375 0.3671875
1 0.82578125 0.4421875 0.1375 0.40625
54 0.475 0.7875 0.6625 0.201562550 0.15078125 0.39453125 0.203125 0.4140625
28 0.284375 0.40703125 0.15625 0.3828125
1 0.4671875 0.4234375 0.11875 0.3796875
0 0.5921875 0.42890625 0.1671875 0.375
2 0.70546875 0.4421875 0.14375 0.3671875
1 0.82578125 0.4421875 0.1375 0.40625
54 0.475 0.7875 0.6625 0.2015625