19 0.1453125 0.2984375 0.2046875 0.4578125
50 0.30234375 0.30625 0.1921875 0.4484375
1 0.56171875 0.3328125 0.1453125 0.4453125
0 0.6796875 0.34453125 0.175 0.4421875
3 0.8140625 0.35859375 0.18125 0.446875
54 0.45703125 0.76015625 0.696875 0.2812519 0.1453125 0.2984375 0.2046875 0.4578125
50 0.30234375 0.30625 0.1921875 0.4484375
1 0.56171875 0.3328125 0.1453125 0.4453125
0 0.6796875 0.34453125 0.175 0.4421875
3 0.8140625 0.35859375 0.18125 0.446875
54 0.45703125 0.76015625 0.696875 0.2812519 0.1453125 0.2984375 0.2046875 0.4578125
50 0.30234375 0.30625 0.1921875 0.4484375
1 0.56171875 0.3328125 0.1453125 0.4453125
0 0.6796875 0.34453125 0.175 0.4421875
3 0.8140625 0.35859375 0.18125 0.446875
54 0.45703125 0.76015625 0.696875 0.28125