33 0.16953125 0.3765625 0.203125 0.4375
31 0.3140625 0.390625 0.1921875 0.428125
1 0.5015625 0.40078125 0.159375 0.4125
0 0.625 0.4140625 0.178125 0.425
3 0.74140625 0.4234375 0.1828125 0.43125
2 0.85859375 0.4375 0.175 0.4390625
98 0.45 0.78359375 0.2796875 0.257812533 0.16953125 0.3765625 0.203125 0.4375
31 0.3140625 0.390625 0.1921875 0.428125
1 0.5015625 0.40078125 0.159375 0.4125
0 0.625 0.4140625 0.178125 0.425
3 0.74140625 0.4234375 0.1828125 0.43125
2 0.85859375 0.4375 0.175 0.4390625
98 0.45 0.78359375 0.2796875 0.257812533 0.16953125 0.3765625 0.203125 0.4375
31 0.3140625 0.390625 0.1921875 0.428125
1 0.5015625 0.40078125 0.159375 0.4125
0 0.625 0.4140625 0.178125 0.425
3 0.74140625 0.4234375 0.1828125 0.43125
2 0.85859375 0.4375 0.175 0.4390625
98 0.45 0.78359375 0.2796875 0.2578125