19 0.13515625 0.31796875 0.18125 0.45
50 0.2921875 0.3171875 0.1703125 0.440625
1 0.553125 0.3296875 0.1234375 0.440625
0 0.67109375 0.3359375 0.153125 0.4359375
3 0.80625 0.34296875 0.159375 0.440625
54 0.4703125 0.7625 0.6875 0.24687519 0.13515625 0.31796875 0.18125 0.45
50 0.2921875 0.3171875 0.1703125 0.440625
1 0.553125 0.3296875 0.1234375 0.440625
0 0.67109375 0.3359375 0.153125 0.4359375
3 0.80625 0.34296875 0.159375 0.440625
54 0.4703125 0.7625 0.6875 0.24687519 0.13515625 0.31796875 0.18125 0.45
50 0.2921875 0.3171875 0.1703125 0.440625
1 0.553125 0.3296875 0.1234375 0.440625
0 0.67109375 0.3359375 0.153125 0.4359375
3 0.80625 0.34296875 0.159375 0.440625
54 0.4703125 0.7625 0.6875 0.246875