19 0.12890625 0.33046875 0.16640625 0.44453125
50 0.2859375 0.32421875 0.1546875 0.4359375
1 0.546875 0.328125 0.1078125 0.4375
0 0.665625 0.3296875 0.1375 0.43203125
3 0.80078125 0.33203125 0.14375 0.4359375
54 0.4796875 0.76328125 0.68046875 0.2226562519 0.12890625 0.33046875 0.16640625 0.44453125
50 0.2859375 0.32421875 0.1546875 0.4359375
1 0.546875 0.328125 0.1078125 0.4375
0 0.665625 0.3296875 0.1375 0.43203125
3 0.80078125 0.33203125 0.14375 0.4359375
54 0.4796875 0.76328125 0.68046875 0.2226562519 0.12890625 0.33046875 0.16640625 0.44453125
50 0.2859375 0.32421875 0.1546875 0.4359375
1 0.546875 0.328125 0.1078125 0.4375
0 0.665625 0.3296875 0.1375 0.43203125
3 0.80078125 0.33203125 0.14375 0.4359375
54 0.4796875 0.76328125 0.68046875 0.22265625