33 0.15703125 0.41796875 0.15234375 0.421875
31 0.30234375 0.4140625 0.1421875 0.41328125
1 0.48984375 0.4015625 0.1109375 0.40234375
0 0.61328125 0.39921875 0.12890625 0.41171875
3 0.73046875 0.39453125 0.13359375 0.41796875
2 0.8484375 0.39453125 0.1234375 0.42734375
98 0.48515625 0.7875 0.25390625 0.2289062533 0.15703125 0.41796875 0.15234375 0.421875
31 0.30234375 0.4140625 0.1421875 0.41328125
1 0.48984375 0.4015625 0.1109375 0.40234375
0 0.61328125 0.39921875 0.12890625 0.41171875
3 0.73046875 0.39453125 0.13359375 0.41796875
2 0.8484375 0.39453125 0.1234375 0.42734375
98 0.48515625 0.7875 0.25390625 0.2289062533 0.15703125 0.41796875 0.15234375 0.421875
31 0.30234375 0.4140625 0.1421875 0.41328125
1 0.48984375 0.4015625 0.1109375 0.40234375
0 0.61328125 0.39921875 0.12890625 0.41171875
3 0.73046875 0.39453125 0.13359375 0.41796875
2 0.8484375 0.39453125 0.1234375 0.42734375
98 0.48515625 0.7875 0.25390625 0.22890625