19 0.1109375 0.38359375 0.221875 0.4640625
50 0.26328125 0.35546875 0.2140625 0.453125
1 0.52265625 0.3234375 0.1671875 0.4484375
0 0.640625 0.30859375 0.196875 0.446875
3 0.77421875 0.2921875 0.203125 0.4515625
54 0.51640625 0.76328125 0.7046875 0.31562519 0.1109375 0.38359375 0.221875 0.4640625
50 0.26328125 0.35546875 0.2140625 0.453125
1 0.52265625 0.3234375 0.1671875 0.4484375
0 0.640625 0.30859375 0.196875 0.446875
3 0.77421875 0.2921875 0.203125 0.4515625
54 0.51640625 0.76328125 0.7046875 0.31562519 0.1109375 0.38359375 0.221875 0.4640625
50 0.26328125 0.35546875 0.2140625 0.453125
1 0.52265625 0.3234375 0.1671875 0.4484375
0 0.640625 0.30859375 0.196875 0.446875
3 0.77421875 0.2921875 0.203125 0.4515625
54 0.51640625 0.76328125 0.7046875 0.315625