44 0.16875 0.359375 0.15625 0.434375
42 0.31640625 0.3703125 0.14609375 0.421875
1 0.525 0.3765625 0.09765625 0.40078125
0 0.6453125 0.37578125 0.11484375 0.4046875
4 0.7671875 0.3796875 0.13359375 0.41875
0 0.89765625 0.37734375 0.13671875 0.41328125
54 0.509375 0.75625 0.64375 0.154687544 0.16875 0.359375 0.15625 0.434375
42 0.31640625 0.3703125 0.14609375 0.421875
1 0.525 0.3765625 0.09765625 0.40078125
0 0.6453125 0.37578125 0.11484375 0.4046875
4 0.7671875 0.3796875 0.13359375 0.41875
0 0.89765625 0.37734375 0.13671875 0.41328125
54 0.509375 0.75625 0.64375 0.154687544 0.16875 0.359375 0.15625 0.434375
42 0.31640625 0.3703125 0.14609375 0.421875
1 0.525 0.3765625 0.09765625 0.40078125
0 0.6453125 0.37578125 0.11484375 0.4046875
4 0.7671875 0.3796875 0.13359375 0.41875
0 0.89765625 0.37734375 0.13671875 0.41328125
54 0.509375 0.75625 0.64375 0.1546875