44 0.15625 0.39453125 0.2015625 0.4484375
42 0.30390625 0.38984375 0.1890625 0.434375
1 0.51171875 0.375 0.1390625 0.409375
0 0.63125 0.3609375 0.15625 0.4140625
4 0.753125 0.35234375 0.1765625 0.4296875
0 0.8828125 0.33671875 0.1796875 0.425
54 0.5359375 0.75390625 0.65625 0.22187544 0.15625 0.39453125 0.2015625 0.4484375
42 0.30390625 0.38984375 0.1890625 0.434375
1 0.51171875 0.375 0.1390625 0.409375
0 0.63125 0.3609375 0.15625 0.4140625
4 0.753125 0.35234375 0.1765625 0.4296875
0 0.8828125 0.33671875 0.1796875 0.425
54 0.5359375 0.75390625 0.65625 0.22187544 0.15625 0.39453125 0.2015625 0.4484375
42 0.30390625 0.38984375 0.1890625 0.434375
1 0.51171875 0.375 0.1390625 0.409375
0 0.63125 0.3609375 0.15625 0.4140625
4 0.753125 0.35234375 0.1765625 0.4296875
0 0.8828125 0.33671875 0.1796875 0.425
54 0.5359375 0.75390625 0.65625 0.221875