21 0.153125 0.38203125 0.15078125 0.378125
32 0.3203125 0.36875 0.1578125 0.33125
1 0.5234375 0.3828125 0.11484375 0.31953125
0 0.64375 0.37734375 0.11953125 0.3109375
6 0.7671875 0.37734375 0.11640625 0.32265625
0 0.88359375 0.3796875 0.11953125 0.31640625
54 0.490625 0.69765625 0.66640625 0.1476562521 0.153125 0.38203125 0.15078125 0.378125
32 0.3203125 0.36875 0.1578125 0.33125
1 0.5234375 0.3828125 0.11484375 0.31953125
0 0.64375 0.37734375 0.11953125 0.3109375
6 0.7671875 0.37734375 0.11640625 0.32265625
0 0.88359375 0.3796875 0.11953125 0.31640625
54 0.490625 0.69765625 0.66640625 0.1476562521 0.153125 0.38203125 0.15078125 0.378125
32 0.3203125 0.36875 0.1578125 0.33125
1 0.5234375 0.3828125 0.11484375 0.31953125
0 0.64375 0.37734375 0.11953125 0.3109375
6 0.7671875 0.37734375 0.11640625 0.32265625
0 0.88359375 0.3796875 0.11953125 0.31640625
54 0.490625 0.69765625 0.66640625 0.14765625