48 0.1609375 0.359375 0.2484375 0.5984375
1 0.45 0.3671875 0.1359375 0.534375
0 0.58203125 0.35390625 0.1765625 0.528125
6 0.73203125 0.33984375 0.1875 0.55625
8 0.88046875 0.32890625 0.1953125 0.5609375
54 0.5390625 0.809375 0.6625 0.273437548 0.1609375 0.359375 0.2484375 0.5984375
1 0.45 0.3671875 0.1359375 0.534375
0 0.58203125 0.35390625 0.1765625 0.528125
6 0.73203125 0.33984375 0.1875 0.55625
8 0.88046875 0.32890625 0.1953125 0.5609375
54 0.5390625 0.809375 0.6625 0.273437548 0.1609375 0.359375 0.2484375 0.5984375
1 0.45 0.3671875 0.1359375 0.534375
0 0.58203125 0.35390625 0.1765625 0.528125
6 0.73203125 0.33984375 0.1875 0.55625
8 0.88046875 0.32890625 0.1953125 0.5609375
54 0.5390625 0.809375 0.6625 0.2734375