48 0.165625 0.34765625 0.228125 0.59375
1 0.4546875 0.365625 0.11875 0.5328125
0 0.5875 0.35703125 0.159375 0.525
6 0.7375 0.3484375 0.16875 0.5515625
8 0.8859375 0.3421875 0.1765625 0.5578125
54 0.528125 0.8109375 0.65625 0.2548 0.165625 0.34765625 0.228125 0.59375
1 0.4546875 0.365625 0.11875 0.5328125
0 0.5875 0.35703125 0.159375 0.525
6 0.7375 0.3484375 0.16875 0.5515625
8 0.8859375 0.3421875 0.1765625 0.5578125
54 0.528125 0.8109375 0.65625 0.2548 0.165625 0.34765625 0.228125 0.59375
1 0.4546875 0.365625 0.11875 0.5328125
0 0.5875 0.35703125 0.159375 0.525
6 0.7375 0.3484375 0.16875 0.5515625
8 0.8859375 0.3421875 0.1765625 0.5578125
54 0.528125 0.8109375 0.65625 0.25