21 0.14140625 0.425 0.1953125 0.39375
32 0.30546875 0.39140625 0.196875 0.3484375
1 0.50859375 0.38046875 0.153125 0.33125
0 0.62734375 0.3609375 0.15625 0.3234375
6 0.75 0.3453125 0.1546875 0.334375
0 0.86640625 0.33359375 0.1578125 0.328125
54 0.51484375 0.69765625 0.6796875 0.22812521 0.14140625 0.425 0.1953125 0.39375
32 0.30546875 0.39140625 0.196875 0.3484375
1 0.50859375 0.38046875 0.153125 0.33125
0 0.62734375 0.3609375 0.15625 0.3234375
6 0.75 0.3453125 0.1546875 0.334375
0 0.86640625 0.33359375 0.1578125 0.328125
54 0.51484375 0.69765625 0.6796875 0.22812521 0.14140625 0.425 0.1953125 0.39375
32 0.30546875 0.39140625 0.196875 0.3484375
1 0.50859375 0.38046875 0.153125 0.33125
0 0.62734375 0.3609375 0.15625 0.3234375
6 0.75 0.3453125 0.1546875 0.334375
0 0.86640625 0.33359375 0.1578125 0.328125
54 0.51484375 0.69765625 0.6796875 0.228125