11 0.20703125 0.37578125 0.13671875 0.38203125
41 0.33515625 0.37890625 0.13046875 0.36953125
1 0.54140625 0.38671875 0.1078125 0.378125
0 0.64453125 0.38046875 0.1078125 0.375
6 0.75390625 0.37890625 0.09921875 0.375
2 0.871875 0.3796875 0.125 0.3875
63 0.49765625 0.7734375 0.27109375 0.2226562511 0.20703125 0.37578125 0.13671875 0.38203125
41 0.33515625 0.37890625 0.13046875 0.36953125
1 0.54140625 0.38671875 0.1078125 0.378125
0 0.64453125 0.38046875 0.1078125 0.375
6 0.75390625 0.37890625 0.09921875 0.375
2 0.871875 0.3796875 0.125 0.3875
63 0.49765625 0.7734375 0.27109375 0.2226562511 0.20703125 0.37578125 0.13671875 0.38203125
41 0.33515625 0.37890625 0.13046875 0.36953125
1 0.54140625 0.38671875 0.1078125 0.378125
0 0.64453125 0.38046875 0.1078125 0.375
6 0.75390625 0.37890625 0.09921875 0.375
2 0.871875 0.3796875 0.125 0.3875
63 0.49765625 0.7734375 0.27109375 0.22265625