44 0.13671875 0.37734375 0.1609375 0.475
10 0.26953125 0.3890625 0.153125 0.4484375
1 0.47109375 0.38203125 0.128125 0.446875
0 0.60234375 0.36875 0.1515625 0.44375
6 0.72890625 0.36484375 0.146875 0.459375
0 0.853125 0.3546875 0.1359375 0.4671875
54 0.46328125 0.83984375 0.68125 0.2062544 0.13671875 0.37734375 0.1609375 0.475
10 0.26953125 0.3890625 0.153125 0.4484375
1 0.47109375 0.38203125 0.128125 0.446875
0 0.60234375 0.36875 0.1515625 0.44375
6 0.72890625 0.36484375 0.146875 0.459375
0 0.853125 0.3546875 0.1359375 0.4671875
54 0.46328125 0.83984375 0.68125 0.2062544 0.13671875 0.37734375 0.1609375 0.475
10 0.26953125 0.3890625 0.153125 0.4484375
1 0.47109375 0.38203125 0.128125 0.446875
0 0.60234375 0.36875 0.1515625 0.44375
6 0.72890625 0.36484375 0.146875 0.459375
0 0.853125 0.3546875 0.1359375 0.4671875
54 0.46328125 0.83984375 0.68125 0.20625