10 0.1828125 0.37734375 0.1984375 0.3984375
15 0.31328125 0.36328125 0.1734375 0.378125
1 0.52265625 0.3359375 0.1265625 0.36875
0 0.62890625 0.3125 0.153125 0.36875
6 0.7390625 0.3015625 0.1421875 0.3765625
1 0.8578125 0.290625 0.1390625 0.3828125
90 0.53359375 0.7046875 0.2734375 0.239062510 0.1828125 0.37734375 0.1984375 0.3984375
15 0.31328125 0.36328125 0.1734375 0.378125
1 0.52265625 0.3359375 0.1265625 0.36875
0 0.62890625 0.3125 0.153125 0.36875
6 0.7390625 0.3015625 0.1421875 0.3765625
1 0.8578125 0.290625 0.1390625 0.3828125
90 0.53359375 0.7046875 0.2734375 0.239062510 0.1828125 0.37734375 0.1984375 0.3984375
15 0.31328125 0.36328125 0.1734375 0.378125
1 0.52265625 0.3359375 0.1265625 0.36875
0 0.62890625 0.3125 0.153125 0.36875
6 0.7390625 0.3015625 0.1421875 0.3765625
1 0.8578125 0.290625 0.1390625 0.3828125
90 0.53359375 0.7046875 0.2734375 0.2390625