44 0.16328125 0.31640625 0.225 0.490625
10 0.29296875 0.35078125 0.2140625 0.4640625
1 0.4921875 0.37890625 0.1890625 0.4578125
0 0.6234375 0.38828125 0.2109375 0.4578125
6 0.74921875 0.40625 0.209375 0.471875
0 0.87265625 0.41796875 0.2 0.4796875
54 0.4046875 0.828125 0.7 0.298437544 0.16328125 0.31640625 0.225 0.490625
10 0.29296875 0.35078125 0.2140625 0.4640625
1 0.4921875 0.37890625 0.1890625 0.4578125
0 0.6234375 0.38828125 0.2109375 0.4578125
6 0.74921875 0.40625 0.209375 0.471875
0 0.87265625 0.41796875 0.2 0.4796875
54 0.4046875 0.828125 0.7 0.298437544 0.16328125 0.31640625 0.225 0.490625
10 0.29296875 0.35078125 0.2140625 0.4640625
1 0.4921875 0.37890625 0.1890625 0.4578125
0 0.6234375 0.38828125 0.2109375 0.4578125
6 0.74921875 0.40625 0.209375 0.471875
0 0.87265625 0.41796875 0.2 0.4796875
54 0.4046875 0.828125 0.7 0.2984375