11 0.21640625 0.35546875 0.1625 0.390625
41 0.34375 0.36796875 0.15625 0.378125
1 0.54921875 0.38984375 0.134375 0.384375
0 0.65234375 0.390625 0.134375 0.38125
6 0.76171875 0.396875 0.125 0.38125
2 0.8796875 0.40625 0.1515625 0.3953125
63 0.47890625 0.77265625 0.2859375 0.24062511 0.21640625 0.35546875 0.1625 0.390625
41 0.34375 0.36796875 0.15625 0.378125
1 0.54921875 0.38984375 0.134375 0.384375
0 0.65234375 0.390625 0.134375 0.38125
6 0.76171875 0.396875 0.125 0.38125
2 0.8796875 0.40625 0.1515625 0.3953125
63 0.47890625 0.77265625 0.2859375 0.24062511 0.21640625 0.35546875 0.1625 0.390625
41 0.34375 0.36796875 0.15625 0.378125
1 0.54921875 0.38984375 0.134375 0.384375
0 0.65234375 0.390625 0.134375 0.38125
6 0.76171875 0.396875 0.125 0.38125
2 0.8796875 0.40625 0.1515625 0.3953125
63 0.47890625 0.77265625 0.2859375 0.240625