21 0.1625 0.3578125 0.1765625 0.3875
32 0.3296875 0.35625 0.18125 0.3421875
1 0.53125 0.384375 0.1375 0.3265625
0 0.65234375 0.3875 0.140625 0.31875
6 0.775 0.39609375 0.1390625 0.3296875
0 0.89140625 0.40703125 0.140625 0.3234375
54 0.4765625 0.696875 0.675 0.1937521 0.1625 0.3578125 0.1765625 0.3875
32 0.3296875 0.35625 0.18125 0.3421875
1 0.53125 0.384375 0.1375 0.3265625
0 0.65234375 0.3875 0.140625 0.31875
6 0.775 0.39609375 0.1390625 0.3296875
0 0.89140625 0.40703125 0.140625 0.3234375
54 0.4765625 0.696875 0.675 0.1937521 0.1625 0.3578125 0.1765625 0.3875
32 0.3296875 0.35625 0.18125 0.3421875
1 0.53125 0.384375 0.1375 0.3265625
0 0.65234375 0.3875 0.140625 0.31875
6 0.775 0.39609375 0.1390625 0.3296875
0 0.89140625 0.40703125 0.140625 0.3234375
54 0.4765625 0.696875 0.675 0.19375