10 0.221875 0.3046875 0.1984375 0.3984375
15 0.3515625 0.321875 0.1734375 0.378125
1 0.56171875 0.34609375 0.1265625 0.36875
0 0.6703125 0.34921875 0.153125 0.36875
6 0.78046875 0.36484375 0.1421875 0.3765625
1 0.89765625 0.38359375 0.1390625 0.3828125
90 0.48359375 0.70625 0.2734375 0.239062510 0.221875 0.3046875 0.1984375 0.3984375
15 0.3515625 0.321875 0.1734375 0.378125
1 0.56171875 0.34609375 0.1265625 0.36875
0 0.6703125 0.34921875 0.153125 0.36875
6 0.78046875 0.36484375 0.1421875 0.3765625
1 0.89765625 0.38359375 0.1390625 0.3828125
90 0.48359375 0.70625 0.2734375 0.239062510 0.221875 0.3046875 0.1984375 0.3984375
15 0.3515625 0.321875 0.1734375 0.378125
1 0.56171875 0.34609375 0.1265625 0.36875
0 0.6703125 0.34921875 0.153125 0.36875
6 0.78046875 0.36484375 0.1421875 0.3765625
1 0.89765625 0.38359375 0.1390625 0.3828125
90 0.48359375 0.70625 0.2734375 0.2390625