11 0.20078125 0.39140625 0.15625 0.3890625
41 0.32890625 0.3875 0.15 0.3765625
1 0.53515625 0.384375 0.128125 0.3828125
0 0.63828125 0.3734375 0.1265625 0.3796875
6 0.746875 0.365625 0.11875 0.3796875
2 0.86484375 0.36015625 0.1453125 0.39375
63 0.51171875 0.7734375 0.2828125 0.235937511 0.20078125 0.39140625 0.15625 0.3890625
41 0.32890625 0.3875 0.15 0.3765625
1 0.53515625 0.384375 0.128125 0.3828125
0 0.63828125 0.3734375 0.1265625 0.3796875
6 0.746875 0.365625 0.11875 0.3796875
2 0.86484375 0.36015625 0.1453125 0.39375
63 0.51171875 0.7734375 0.2828125 0.235937511 0.20078125 0.39140625 0.15625 0.3890625
41 0.32890625 0.3875 0.15 0.3765625
1 0.53515625 0.384375 0.128125 0.3828125
0 0.63828125 0.3734375 0.1265625 0.3796875
6 0.746875 0.365625 0.11875 0.3796875
2 0.86484375 0.36015625 0.1453125 0.39375
63 0.51171875 0.7734375 0.2828125 0.2359375