48 0.16328125 0.35390625 0.2375 0.5953125
1 0.45234375 0.36640625 0.1265625 0.5328125
0 0.584375 0.35546875 0.1671875 0.5265625
6 0.73515625 0.34453125 0.178125 0.553125
8 0.8828125 0.33515625 0.1859375 0.559375
54 0.53359375 0.81015625 0.659375 0.262548 0.16328125 0.35390625 0.2375 0.5953125
1 0.45234375 0.36640625 0.1265625 0.5328125
0 0.584375 0.35546875 0.1671875 0.5265625
6 0.73515625 0.34453125 0.178125 0.553125
8 0.8828125 0.33515625 0.1859375 0.559375
54 0.53359375 0.81015625 0.659375 0.262548 0.16328125 0.35390625 0.2375 0.5953125
1 0.45234375 0.36640625 0.1265625 0.5328125
0 0.584375 0.35546875 0.1671875 0.5265625
6 0.73515625 0.34453125 0.178125 0.553125
8 0.8828125 0.33515625 0.1859375 0.559375
54 0.53359375 0.81015625 0.659375 0.2625