21 0.16015625 0.3640625 0.1703125 0.3859375
32 0.32734375 0.359375 0.175 0.3390625
1 0.5296875 0.384375 0.13125 0.325
0 0.65 0.38515625 0.1359375 0.3171875
6 0.7734375 0.39140625 0.1328125 0.328125
0 0.8890625 0.4 0.1359375 0.321875
54 0.48046875 0.696875 0.6734375 0.182812521 0.16015625 0.3640625 0.1703125 0.3859375
32 0.32734375 0.359375 0.175 0.3390625
1 0.5296875 0.384375 0.13125 0.325
0 0.65 0.38515625 0.1359375 0.3171875
6 0.7734375 0.39140625 0.1328125 0.328125
0 0.8890625 0.4 0.1359375 0.321875
54 0.48046875 0.696875 0.6734375 0.182812521 0.16015625 0.3640625 0.1703125 0.3859375
32 0.32734375 0.359375 0.175 0.3390625
1 0.5296875 0.384375 0.13125 0.325
0 0.65 0.38515625 0.1359375 0.3171875
6 0.7734375 0.39140625 0.1328125 0.328125
0 0.8890625 0.4 0.1359375 0.321875
54 0.48046875 0.696875 0.6734375 0.1828125