48 0.18984375 0.30234375 0.2484375 0.5984375
1 0.4734375 0.36015625 0.1359375 0.534375
0 0.60625 0.3703125 0.1765625 0.528125
6 0.75625 0.3828125 0.1875 0.55625
8 0.903125 0.39765625 0.19375 0.5609375
54 0.484375 0.81171875 0.6625 0.273437548 0.18984375 0.30234375 0.2484375 0.5984375
1 0.4734375 0.36015625 0.1359375 0.534375
0 0.60625 0.3703125 0.1765625 0.528125
6 0.75625 0.3828125 0.1875 0.55625
8 0.903125 0.39765625 0.19375 0.5609375
54 0.484375 0.81171875 0.6625 0.273437548 0.18984375 0.30234375 0.2484375 0.5984375
1 0.4734375 0.36015625 0.1359375 0.534375
0 0.60625 0.3703125 0.1765625 0.528125
6 0.75625 0.3828125 0.1875 0.55625
8 0.903125 0.39765625 0.19375 0.5609375
54 0.484375 0.81171875 0.6625 0.2734375