11 0.19140625 0.4234375 0.1953125 0.3984375
41 0.31796875 0.40625 0.1859375 0.3859375
1 0.5234375 0.38125 0.165625 0.390625
0 0.62421875 0.359375 0.165625 0.3875
6 0.73203125 0.340625 0.15625 0.3859375
2 0.8484375 0.32265625 0.184375 0.4015625
63 0.540625 0.7703125 0.303125 0.262511 0.19140625 0.4234375 0.1953125 0.3984375
41 0.31796875 0.40625 0.1859375 0.3859375
1 0.5234375 0.38125 0.165625 0.390625
0 0.62421875 0.359375 0.165625 0.3875
6 0.73203125 0.340625 0.15625 0.3859375
2 0.8484375 0.32265625 0.184375 0.4015625
63 0.540625 0.7703125 0.303125 0.262511 0.19140625 0.4234375 0.1953125 0.3984375
41 0.31796875 0.40625 0.1859375 0.3859375
1 0.5234375 0.38125 0.165625 0.390625
0 0.62421875 0.359375 0.165625 0.3875
6 0.73203125 0.340625 0.15625 0.3859375
2 0.8484375 0.32265625 0.184375 0.4015625
63 0.540625 0.7703125 0.303125 0.2625