44 0.1390625 0.37109375 0.153125 0.471875
10 0.271875 0.38515625 0.146875 0.446875
1 0.4734375 0.38125 0.121875 0.44375
0 0.6046875 0.3703125 0.14375 0.440625
6 0.73125 0.36875 0.1390625 0.45625
0 0.85546875 0.3609375 0.128125 0.465625
54 0.45703125 0.8390625 0.678125 0.1937544 0.1390625 0.37109375 0.153125 0.471875
10 0.271875 0.38515625 0.146875 0.446875
1 0.4734375 0.38125 0.121875 0.44375
0 0.6046875 0.3703125 0.14375 0.440625
6 0.73125 0.36875 0.1390625 0.45625
0 0.85546875 0.3609375 0.128125 0.465625
54 0.45703125 0.8390625 0.678125 0.1937544 0.1390625 0.37109375 0.153125 0.471875
10 0.271875 0.38515625 0.146875 0.446875
1 0.4734375 0.38125 0.121875 0.44375
0 0.6046875 0.3703125 0.14375 0.440625
6 0.73125 0.36875 0.1390625 0.45625
0 0.85546875 0.3609375 0.128125 0.465625
54 0.45703125 0.8390625 0.678125 0.19375