10 0.17890625 0.3890625 0.2109375 0.4015625
15 0.30859375 0.36953125 0.1859375 0.38125
1 0.51640625 0.33515625 0.1390625 0.3703125
0 0.62265625 0.3078125 0.165625 0.3703125
6 0.73203125 0.29296875 0.1546875 0.378125
1 0.85 0.278125 0.1515625 0.3828125
90 0.540625 0.703125 0.2796875 0.24687510 0.17890625 0.3890625 0.2109375 0.4015625
15 0.30859375 0.36953125 0.1859375 0.38125
1 0.51640625 0.33515625 0.1390625 0.3703125
0 0.62265625 0.3078125 0.165625 0.3703125
6 0.73203125 0.29296875 0.1546875 0.378125
1 0.85 0.278125 0.1515625 0.3828125
90 0.540625 0.703125 0.2796875 0.24687510 0.17890625 0.3890625 0.2109375 0.4015625
15 0.30859375 0.36953125 0.1859375 0.38125
1 0.51640625 0.33515625 0.1390625 0.3703125
0 0.62265625 0.3078125 0.165625 0.3703125
6 0.73203125 0.29296875 0.1546875 0.378125
1 0.85 0.278125 0.1515625 0.3828125
90 0.540625 0.703125 0.2796875 0.246875