10 0.2 0.33984375 0.153125 0.38203125
15 0.33125 0.34140625 0.13046875 0.36484375
1 0.5421875 0.33984375 0.08359375 0.3609375
0 0.65078125 0.3296875 0.1109375 0.3578125
6 0.76171875 0.33203125 0.09765625 0.36796875
1 0.88046875 0.3359375 0.09375 0.3734375
90 0.50859375 0.70703125 0.25 0.2101562510 0.2 0.33984375 0.153125 0.38203125
15 0.33125 0.34140625 0.13046875 0.36484375
1 0.5421875 0.33984375 0.08359375 0.3609375
0 0.65078125 0.3296875 0.1109375 0.3578125
6 0.76171875 0.33203125 0.09765625 0.36796875
1 0.88046875 0.3359375 0.09375 0.3734375
90 0.50859375 0.70703125 0.25 0.2101562510 0.2 0.33984375 0.153125 0.38203125
15 0.33125 0.34140625 0.13046875 0.36484375
1 0.5421875 0.33984375 0.08359375 0.3609375
0 0.65078125 0.3296875 0.1109375 0.3578125
6 0.76171875 0.33203125 0.09765625 0.36796875
1 0.88046875 0.3359375 0.09375 0.3734375
90 0.50859375 0.70703125 0.25 0.21015625