46 0.153125 0.3625 0.1796875 0.4578125
17 0.321875 0.359375 0.1671875 0.440625
1 0.58984375 0.36640625 0.0953125 0.41875
0 0.7109375 0.36171875 0.14375 0.4375
7 0.85078125 0.3546875 0.14375 0.4515625
54 0.51640625 0.8 0.6953125 0.23437546 0.153125 0.3625 0.1796875 0.4578125
17 0.321875 0.359375 0.1671875 0.440625
1 0.58984375 0.36640625 0.0953125 0.41875
0 0.7109375 0.36171875 0.14375 0.4375
7 0.85078125 0.3546875 0.14375 0.4515625
54 0.51640625 0.8 0.6953125 0.23437546 0.153125 0.3625 0.1796875 0.4578125
17 0.321875 0.359375 0.1671875 0.440625
1 0.58984375 0.36640625 0.0953125 0.41875
0 0.7109375 0.36171875 0.14375 0.4375
7 0.85078125 0.3546875 0.14375 0.4515625
54 0.51640625 0.8 0.6953125 0.234375