46 0.15546875 0.35625 0.171875 0.4546875
17 0.32421875 0.35625 0.16015625 0.4375
1 0.5921875 0.36796875 0.08828125 0.41796875
0 0.71328125 0.365625 0.13671875 0.4359375
7 0.853125 0.3609375 0.13515625 0.44921875
54 0.5109375 0.8 0.69140625 0.22187546 0.15546875 0.35625 0.171875 0.4546875
17 0.32421875 0.35625 0.16015625 0.4375
1 0.5921875 0.36796875 0.08828125 0.41796875
0 0.71328125 0.365625 0.13671875 0.4359375
7 0.853125 0.3609375 0.13515625 0.44921875
54 0.5109375 0.8 0.69140625 0.22187546 0.15546875 0.35625 0.171875 0.4546875
17 0.32421875 0.35625 0.16015625 0.4375
1 0.5921875 0.36796875 0.08828125 0.41796875
0 0.71328125 0.365625 0.13671875 0.4359375
7 0.853125 0.3609375 0.13515625 0.44921875
54 0.5109375 0.8 0.69140625 0.221875