46 0.14609375 0.38046875 0.203125 0.465625
17 0.31484375 0.36875 0.190625 0.446875
1 0.5828125 0.36171875 0.1171875 0.4234375
0 0.703125 0.35078125 0.1671875 0.44375
7 0.8421875 0.33671875 0.165625 0.4578125
54 0.53203125 0.7984375 0.7046875 0.270312546 0.14609375 0.38046875 0.203125 0.465625
17 0.31484375 0.36875 0.190625 0.446875
1 0.5828125 0.36171875 0.1171875 0.4234375
0 0.703125 0.35078125 0.1671875 0.44375
7 0.8421875 0.33671875 0.165625 0.4578125
54 0.53203125 0.7984375 0.7046875 0.270312546 0.14609375 0.38046875 0.203125 0.465625
17 0.31484375 0.36875 0.190625 0.446875
1 0.5828125 0.36171875 0.1171875 0.4234375
0 0.703125 0.35078125 0.1671875 0.44375
7 0.8421875 0.33671875 0.165625 0.4578125
54 0.53203125 0.7984375 0.7046875 0.2703125