46 0.1609375 0.34453125 0.1875 0.4609375
17 0.3296875 0.35 0.175 0.4421875
1 0.596875 0.37109375 0.103125 0.4203125
0 0.71796875 0.3734375 0.1515625 0.440625
7 0.8578125 0.3734375 0.15 0.453125
54 0.50078125 0.8 0.6984375 0.245312546 0.1609375 0.34453125 0.1875 0.4609375
17 0.3296875 0.35 0.175 0.4421875
1 0.596875 0.37109375 0.103125 0.4203125
0 0.71796875 0.3734375 0.1515625 0.440625
7 0.8578125 0.3734375 0.15 0.453125
54 0.50078125 0.8 0.6984375 0.245312546 0.1609375 0.34453125 0.1875 0.4609375
17 0.3296875 0.35 0.175 0.4421875
1 0.596875 0.37109375 0.103125 0.4203125
0 0.71796875 0.3734375 0.1515625 0.440625
7 0.8578125 0.3734375 0.15 0.453125
54 0.50078125 0.8 0.6984375 0.2453125