44 0.12890625 0.4484375 0.2265625 0.28125
16 0.27109375 0.42890625 0.2421875 0.2734375
1 0.52578125 0.38125 0.153125 0.2609375
0 0.63046875 0.35546875 0.1546875 0.2578125
8 0.74609375 0.33046875 0.1609375 0.2578125
54 0.54140625 0.6359375 0.6875 0.23437544 0.12890625 0.4484375 0.2265625 0.28125
16 0.27109375 0.42890625 0.2421875 0.2734375
1 0.52578125 0.38125 0.153125 0.2609375
0 0.63046875 0.35546875 0.1546875 0.2578125
8 0.74609375 0.33046875 0.1609375 0.2578125
54 0.54140625 0.6359375 0.6875 0.23437544 0.12890625 0.4484375 0.2265625 0.28125
16 0.27109375 0.42890625 0.2421875 0.2734375
1 0.52578125 0.38125 0.153125 0.2609375
0 0.63046875 0.35546875 0.1546875 0.2578125
8 0.74609375 0.33046875 0.1609375 0.2578125
54 0.54140625 0.6359375 0.6875 0.234375