14 0.2375 0.334375 0.1578125 0.3578125
15 0.36015625 0.35390625 0.1484375 0.353125
1 0.5609375 0.375 0.1203125 0.359375
0 0.6609375 0.38359375 0.125 0.3609375
8 0.77421875 0.39921875 0.15 0.3609375
4 0.87734375 0.4125 0.1296875 0.3515625
63 0.49140625 0.73984375 0.265625 0.22812514 0.2375 0.334375 0.1578125 0.3578125
15 0.36015625 0.35390625 0.1484375 0.353125
1 0.5609375 0.375 0.1203125 0.359375
0 0.6609375 0.38359375 0.125 0.3609375
8 0.77421875 0.39921875 0.15 0.3609375
4 0.87734375 0.4125 0.1296875 0.3515625
63 0.49140625 0.73984375 0.265625 0.22812514 0.2375 0.334375 0.1578125 0.3578125
15 0.36015625 0.35390625 0.1484375 0.353125
1 0.5609375 0.375 0.1203125 0.359375
0 0.6609375 0.38359375 0.125 0.3609375
8 0.77421875 0.39921875 0.15 0.3609375
4 0.87734375 0.4125 0.1296875 0.3515625
63 0.49140625 0.73984375 0.265625 0.228125