44 0.128125 0.4546875 0.23125 0.284375
16 0.2703125 0.4328125 0.2453125 0.2765625
1 0.5234375 0.38046875 0.1578125 0.2625
0 0.628125 0.353125 0.1578125 0.259375
8 0.74296875 0.3265625 0.165625 0.259375
54 0.54375 0.63515625 0.6875 0.245312544 0.128125 0.4546875 0.23125 0.284375
16 0.2703125 0.4328125 0.2453125 0.2765625
1 0.5234375 0.38046875 0.1578125 0.2625
0 0.628125 0.353125 0.1578125 0.259375
8 0.74296875 0.3265625 0.165625 0.259375
54 0.54375 0.63515625 0.6875 0.245312544 0.128125 0.4546875 0.23125 0.284375
16 0.2703125 0.4328125 0.2453125 0.2765625
1 0.5234375 0.38046875 0.1578125 0.2625
0 0.628125 0.353125 0.1578125 0.259375
8 0.74296875 0.3265625 0.165625 0.259375
54 0.54375 0.63515625 0.6875 0.2453125