44 0.14140625 0.390625 0.1890625 0.25546875
16 0.28515625 0.39375 0.20625 0.24453125
1 0.54375 0.38671875 0.11640625 0.24609375
0 0.6515625 0.37734375 0.11796875 0.24296875
8 0.76953125 0.37109375 0.125 0.24140625
54 0.51953125 0.640625 0.67578125 0.1304687544 0.14140625 0.390625 0.1890625 0.25546875
16 0.28515625 0.39375 0.20625 0.24453125
1 0.54375 0.38671875 0.11640625 0.24609375
0 0.6515625 0.37734375 0.11796875 0.24296875
8 0.76953125 0.37109375 0.125 0.24140625
54 0.51953125 0.640625 0.67578125 0.1304687544 0.14140625 0.390625 0.1890625 0.25546875
16 0.28515625 0.39375 0.20625 0.24453125
1 0.54375 0.38671875 0.11640625 0.24609375
0 0.6515625 0.37734375 0.11796875 0.24296875
8 0.76953125 0.37109375 0.125 0.24140625
54 0.51953125 0.640625 0.67578125 0.13046875