44 0.16015625 0.34140625 0.2234375 0.2796875
16 0.30234375 0.36484375 0.2375 0.2703125
1 0.559375 0.39375 0.15 0.259375
0 0.6671875 0.4 0.15 0.25625
8 0.78515625 0.41015625 0.1578125 0.25625
54 0.5 0.6421875 0.6875 0.223437544 0.16015625 0.34140625 0.2234375 0.2796875
16 0.30234375 0.36484375 0.2375 0.2703125
1 0.559375 0.39375 0.15 0.259375
0 0.6671875 0.4 0.15 0.25625
8 0.78515625 0.41015625 0.1578125 0.25625
54 0.5 0.6421875 0.6875 0.223437544 0.16015625 0.34140625 0.2234375 0.2796875
16 0.30234375 0.36484375 0.2375 0.2703125
1 0.559375 0.39375 0.15 0.259375
0 0.6671875 0.4 0.15 0.25625
8 0.78515625 0.41015625 0.1578125 0.25625
54 0.5 0.6421875 0.6875 0.2234375