14 0.2296875 0.3484375 0.140625 0.353125
15 0.35234375 0.36171875 0.13125 0.3484375
1 0.5546875 0.371875 0.1015625 0.35625
0 0.6546875 0.375 0.10625 0.3578125
8 0.76875 0.38515625 0.13125 0.35625
4 0.87265625 0.39296875 0.1109375 0.3484375
63 0.50390625 0.73984375 0.25625 0.21562514 0.2296875 0.3484375 0.140625 0.353125
15 0.35234375 0.36171875 0.13125 0.3484375
1 0.5546875 0.371875 0.1015625 0.35625
0 0.6546875 0.375 0.10625 0.3578125
8 0.76875 0.38515625 0.13125 0.35625
4 0.87265625 0.39296875 0.1109375 0.3484375
63 0.50390625 0.73984375 0.25625 0.21562514 0.2296875 0.3484375 0.140625 0.353125
15 0.35234375 0.36171875 0.13125 0.3484375
1 0.5546875 0.371875 0.1015625 0.35625
0 0.6546875 0.375 0.10625 0.3578125
8 0.76875 0.38515625 0.13125 0.35625
4 0.87265625 0.39296875 0.1109375 0.3484375
63 0.50390625 0.73984375 0.25625 0.215625