44 0.1359375 0.409375 0.2015625 0.265625
16 0.2796875 0.40546875 0.21875 0.2546875
1 0.5375 0.384375 0.1296875 0.2515625
0 0.6453125 0.36953125 0.13125 0.2484375
8 0.7625 0.35703125 0.1375 0.246875
54 0.5265625 0.6390625 0.68125 0.16562544 0.1359375 0.409375 0.2015625 0.265625
16 0.2796875 0.40546875 0.21875 0.2546875
1 0.5375 0.384375 0.1296875 0.2515625
0 0.6453125 0.36953125 0.13125 0.2484375
8 0.7625 0.35703125 0.1375 0.246875
54 0.5265625 0.6390625 0.68125 0.16562544 0.1359375 0.409375 0.2015625 0.265625
16 0.2796875 0.40546875 0.21875 0.2546875
1 0.5375 0.384375 0.1296875 0.2515625
0 0.6453125 0.36953125 0.13125 0.2484375
8 0.7625 0.35703125 0.1375 0.246875
54 0.5265625 0.6390625 0.68125 0.165625