14 0.221875 0.3625 0.121875 0.346875
15 0.3453125 0.36953125 0.11328125 0.34375
1 0.54765625 0.36953125 0.08359375 0.35234375
0 0.64765625 0.3671875 0.08828125 0.35390625
8 0.7625 0.37109375 0.11328125 0.35078125
4 0.86640625 0.3734375 0.09375 0.34375
63 0.51640625 0.7390625 0.24609375 0.20312514 0.221875 0.3625 0.121875 0.346875
15 0.3453125 0.36953125 0.11328125 0.34375
1 0.54765625 0.36953125 0.08359375 0.35234375
0 0.64765625 0.3671875 0.08828125 0.35390625
8 0.7625 0.37109375 0.11328125 0.35078125
4 0.86640625 0.3734375 0.09375 0.34375
63 0.51640625 0.7390625 0.24609375 0.20312514 0.221875 0.3625 0.121875 0.346875
15 0.3453125 0.36953125 0.11328125 0.34375
1 0.54765625 0.36953125 0.08359375 0.35234375
0 0.64765625 0.3671875 0.08828125 0.35390625
8 0.7625 0.37109375 0.11328125 0.35078125
4 0.86640625 0.3734375 0.09375 0.34375
63 0.51640625 0.7390625 0.24609375 0.203125