39 0.1890625 0.39140625 0.1890625 0.4015625
41 0.321875 0.371875 0.1875 0.3984375
1 0.578125 0.33046875 0.1609375 0.390625
0 0.68828125 0.315625 0.18125 0.3890625
9 0.80546875 0.29296875 0.19375 0.3875
54 0.55859375 0.71875 0.6625 0.267187539 0.1890625 0.39140625 0.1890625 0.4015625
41 0.321875 0.371875 0.1875 0.3984375
1 0.578125 0.33046875 0.1609375 0.390625
0 0.68828125 0.315625 0.18125 0.3890625
9 0.80546875 0.29296875 0.19375 0.3875
54 0.55859375 0.71875 0.6625 0.267187539 0.1890625 0.39140625 0.1890625 0.4015625
41 0.321875 0.371875 0.1875 0.3984375
1 0.578125 0.33046875 0.1609375 0.390625
0 0.68828125 0.315625 0.18125 0.3890625
9 0.80546875 0.29296875 0.19375 0.3875
54 0.55859375 0.71875 0.6625 0.2671875