39 0.20625 0.3265625 0.125 0.390625
41 0.340625 0.31953125 0.14375 0.371875
1 0.6015625 0.32890625 0.1125 0.35625
0 0.709375 0.32421875 0.128125 0.3625
9 0.8265625 0.328125 0.1203125 0.3734375
54 0.52265625 0.7125 0.6765625 0.21562539 0.20625 0.3265625 0.125 0.390625
41 0.340625 0.31953125 0.14375 0.371875
1 0.6015625 0.32890625 0.1125 0.35625
0 0.709375 0.32421875 0.128125 0.3625
9 0.8265625 0.328125 0.1203125 0.3734375
54 0.52265625 0.7125 0.6765625 0.21562539 0.20625 0.3265625 0.125 0.390625
41 0.340625 0.31953125 0.14375 0.371875
1 0.6015625 0.32890625 0.1125 0.35625
0 0.709375 0.32421875 0.128125 0.3625
9 0.8265625 0.328125 0.1203125 0.3734375
54 0.52265625 0.7125 0.6765625 0.215625