39 0.2046875 0.3546875 0.14375 0.3890625
41 0.3390625 0.35078125 0.1421875 0.3875
1 0.5984375 0.340625 0.115625 0.3828125
0 0.709375 0.340625 0.1359375 0.3796875
9 0.82890625 0.33125 0.15 0.375
54 0.53125 0.72421875 0.65 0.19062539 0.2046875 0.3546875 0.14375 0.3890625
41 0.3390625 0.35078125 0.1421875 0.3875
1 0.5984375 0.340625 0.115625 0.3828125
0 0.709375 0.340625 0.1359375 0.3796875
9 0.82890625 0.33125 0.15 0.375
54 0.53125 0.72421875 0.65 0.19062539 0.2046875 0.3546875 0.14375 0.3890625
41 0.3390625 0.35078125 0.1421875 0.3875
1 0.5984375 0.340625 0.115625 0.3828125
0 0.709375 0.340625 0.1359375 0.3796875
9 0.82890625 0.33125 0.15 0.375
54 0.53125 0.72421875 0.65 0.190625