39 0.22265625 0.3015625 0.1453125 0.396875
41 0.35703125 0.30625 0.1625 0.378125
1 0.61640625 0.33828125 0.13125 0.3609375
0 0.72421875 0.34375 0.1453125 0.36875
9 0.840625 0.35703125 0.1390625 0.378125
54 0.50390625 0.71328125 0.6859375 0.2539 0.22265625 0.3015625 0.1453125 0.396875
41 0.35703125 0.30625 0.1625 0.378125
1 0.61640625 0.33828125 0.13125 0.3609375
0 0.72421875 0.34375 0.1453125 0.36875
9 0.840625 0.35703125 0.1390625 0.378125
54 0.50390625 0.71328125 0.6859375 0.2539 0.22265625 0.3015625 0.1453125 0.396875
41 0.35703125 0.30625 0.1625 0.378125
1 0.61640625 0.33828125 0.13125 0.3609375
0 0.72421875 0.34375 0.1453125 0.36875
9 0.840625 0.35703125 0.1390625 0.378125
54 0.50390625 0.71328125 0.6859375 0.25