39 0.2078125 0.35 0.1375 0.3875
41 0.3421875 0.3484375 0.1359375 0.3859375
1 0.6015625 0.34296875 0.109375 0.38125
0 0.7125 0.34375 0.1296875 0.3765625
9 0.83125 0.3375 0.14375 0.3734375
54 0.52734375 0.72421875 0.646875 0.179687539 0.2078125 0.35 0.1375 0.3875
41 0.3421875 0.3484375 0.1359375 0.3859375
1 0.6015625 0.34296875 0.109375 0.38125
0 0.7125 0.34375 0.1296875 0.3765625
9 0.83125 0.3375 0.14375 0.3734375
54 0.52734375 0.72421875 0.646875 0.179687539 0.2078125 0.35 0.1375 0.3875
41 0.3421875 0.3484375 0.1359375 0.3859375
1 0.6015625 0.34296875 0.109375 0.38125
0 0.7125 0.34375 0.1296875 0.3765625
9 0.83125 0.3375 0.14375 0.3734375
54 0.52734375 0.72421875 0.646875 0.1796875