39 0.1921875 0.35234375 0.1578125 0.4
41 0.32578125 0.33359375 0.175 0.38125
1 0.58671875 0.3203125 0.1421875 0.3625
0 0.69375 0.30703125 0.1578125 0.371875
9 0.81015625 0.3 0.1515625 0.38125
54 0.540625 0.709375 0.690625 0.27187539 0.1921875 0.35234375 0.1578125 0.4
41 0.32578125 0.33359375 0.175 0.38125
1 0.58671875 0.3203125 0.1421875 0.3625
0 0.69375 0.30703125 0.1578125 0.371875
9 0.81015625 0.3 0.1515625 0.38125
54 0.540625 0.709375 0.690625 0.27187539 0.1921875 0.35234375 0.1578125 0.4
41 0.32578125 0.33359375 0.175 0.38125
1 0.58671875 0.3203125 0.1421875 0.3625
0 0.69375 0.30703125 0.1578125 0.371875
9 0.81015625 0.3 0.1515625 0.38125
54 0.540625 0.709375 0.690625 0.271875