39 0.21015625 0.34453125 0.13046875 0.38515625
41 0.34453125 0.3453125 0.12890625 0.38359375
1 0.60390625 0.34453125 0.10234375 0.37890625
0 0.71484375 0.34765625 0.1234375 0.375
9 0.834375 0.34296875 0.1375 0.37109375
54 0.5234375 0.725 0.64375 0.1687539 0.21015625 0.34453125 0.13046875 0.38515625
41 0.34453125 0.3453125 0.12890625 0.38359375
1 0.60390625 0.34453125 0.10234375 0.37890625
0 0.71484375 0.34765625 0.1234375 0.375
9 0.834375 0.34296875 0.1375 0.37109375
54 0.5234375 0.725 0.64375 0.1687539 0.21015625 0.34453125 0.13046875 0.38515625
41 0.34453125 0.3453125 0.12890625 0.38359375
1 0.60390625 0.34453125 0.10234375 0.37890625
0 0.71484375 0.34765625 0.1234375 0.375
9 0.834375 0.34296875 0.1375 0.37109375
54 0.5234375 0.725 0.64375 0.16875