39 0.209375 0.32109375 0.11796875 0.3890625
41 0.34375 0.31640625 0.13671875 0.36953125
1 0.6046875 0.33046875 0.10625 0.35390625
0 0.7125 0.328125 0.12109375 0.3609375
9 0.8296875 0.33359375 0.11328125 0.371875
54 0.51875 0.7125 0.6734375 0.20312539 0.209375 0.32109375 0.11796875 0.3890625
41 0.34375 0.31640625 0.13671875 0.36953125
1 0.6046875 0.33046875 0.10625 0.35390625
0 0.7125 0.328125 0.12109375 0.3609375
9 0.8296875 0.33359375 0.11328125 0.371875
54 0.51875 0.7125 0.6734375 0.20312539 0.209375 0.32109375 0.11796875 0.3890625
41 0.34375 0.31640625 0.13671875 0.36953125
1 0.6046875 0.33046875 0.10625 0.35390625
0 0.7125 0.328125 0.12109375 0.3609375
9 0.8296875 0.33359375 0.11328125 0.371875
54 0.51875 0.7125 0.6734375 0.203125