17 0.14296875 0.384375 0.2015625 0.3984375
26 0.2875 0.3734375 0.203125 0.3703125
1 0.60859375 0.33046875 0.1578125 0.3671875
0 0.72421875 0.3140625 0.1546875 0.36875
54 0.5046875 0.74296875 0.7078125 0.30312517 0.14296875 0.384375 0.2015625 0.3984375
26 0.2875 0.3734375 0.203125 0.3703125
1 0.60859375 0.33046875 0.1578125 0.3671875
0 0.72421875 0.3140625 0.1546875 0.36875
54 0.5046875 0.74296875 0.7078125 0.30312517 0.14296875 0.384375 0.2015625 0.3984375
26 0.2875 0.3734375 0.203125 0.3703125
1 0.60859375 0.33046875 0.1578125 0.3671875
0 0.72421875 0.3140625 0.1546875 0.36875
54 0.5046875 0.74296875 0.7078125 0.303125