17 0.171875 0.31875 0.16875 0.3890625
26 0.315625 0.33515625 0.175 0.359375
1 0.6390625 0.35390625 0.128125 0.3609375
0 0.75546875 0.36015625 0.125 0.3625
54 0.45859375 0.73984375 0.6953125 0.245312517 0.171875 0.31875 0.16875 0.3890625
26 0.315625 0.33515625 0.175 0.359375
1 0.6390625 0.35390625 0.128125 0.3609375
0 0.75546875 0.36015625 0.125 0.3625
54 0.45859375 0.73984375 0.6953125 0.245312517 0.171875 0.31875 0.16875 0.3890625
26 0.315625 0.33515625 0.175 0.359375
1 0.6390625 0.35390625 0.128125 0.3609375
0 0.75546875 0.36015625 0.125 0.3625
54 0.45859375 0.73984375 0.6953125 0.2453125