41 0.146875 0.45625 0.221875 0.275
33 0.2875 0.44453125 0.2234375 0.25
1 0.6140625 0.43125 0.1796875 0.2578125
0 0.73046875 0.4140625 0.1421875 0.2375
54 0.58046875 0.671875 0.7171875 0.176562541 0.146875 0.45625 0.221875 0.275
33 0.2875 0.44453125 0.2234375 0.25
1 0.6140625 0.43125 0.1796875 0.2578125
0 0.73046875 0.4140625 0.1421875 0.2375
54 0.58046875 0.671875 0.7171875 0.176562541 0.146875 0.45625 0.221875 0.275
33 0.2875 0.44453125 0.2234375 0.25
1 0.6140625 0.43125 0.1796875 0.2578125
0 0.73046875 0.4140625 0.1421875 0.2375
54 0.58046875 0.671875 0.7171875 0.1765625