17 0.16875 0.32421875 0.1625 0.3875
26 0.3125 0.3390625 0.16875 0.3578125
1 0.63671875 0.3515625 0.121875 0.359375
0 0.753125 0.35546875 0.11875 0.3609375
54 0.4625 0.740625 0.6921875 0.23437517 0.16875 0.32421875 0.1625 0.3875
26 0.3125 0.3390625 0.16875 0.3578125
1 0.63671875 0.3515625 0.121875 0.359375
0 0.753125 0.35546875 0.11875 0.3609375
54 0.4625 0.740625 0.6921875 0.23437517 0.16875 0.32421875 0.1625 0.3875
26 0.3125 0.3390625 0.16875 0.3578125
1 0.63671875 0.3515625 0.121875 0.359375
0 0.753125 0.35546875 0.11875 0.3609375
54 0.4625 0.740625 0.6921875 0.234375