17 0.1609375 0.371875 0.2234375 0.4359375
15 0.30078125 0.38125 0.175 0.390625
1 0.49609375 0.353125 0.1515625 0.3765625
1 0.6015625 0.3359375 0.1453125 0.38125
1 0.72265625 0.32109375 0.140625 0.378125
0 0.84296875 0.3 0.15625 0.384375
54 0.553125 0.72421875 0.65625 0.25312517 0.1609375 0.371875 0.2234375 0.4359375
15 0.30078125 0.38125 0.175 0.390625
1 0.49609375 0.353125 0.1515625 0.3765625
1 0.6015625 0.3359375 0.1453125 0.38125
1 0.72265625 0.32109375 0.140625 0.378125
0 0.84296875 0.3 0.15625 0.384375
54 0.553125 0.72421875 0.65625 0.25312517 0.1609375 0.371875 0.2234375 0.4359375
15 0.30078125 0.38125 0.175 0.390625
1 0.49609375 0.353125 0.1515625 0.3765625
1 0.6015625 0.3359375 0.1453125 0.38125
1 0.72265625 0.32109375 0.140625 0.378125
0 0.84296875 0.3 0.15625 0.384375
54 0.553125 0.72421875 0.65625 0.253125