42 0.15 0.42734375 0.1796875 0.43125
28 0.31328125 0.43125 0.1546875 0.44375
1 0.5046875 0.415625 0.1265625 0.4328125
1 0.62421875 0.4140625 0.1203125 0.4453125
1 0.75078125 0.4078125 0.125 0.4359375
1 0.86953125 0.41171875 0.134375 0.4546875
54 0.521875 0.821875 0.703125 0.223437542 0.15 0.42734375 0.1796875 0.43125
28 0.31328125 0.43125 0.1546875 0.44375
1 0.5046875 0.415625 0.1265625 0.4328125
1 0.62421875 0.4140625 0.1203125 0.4453125
1 0.75078125 0.4078125 0.125 0.4359375
1 0.86953125 0.41171875 0.134375 0.4546875
54 0.521875 0.821875 0.703125 0.223437542 0.15 0.42734375 0.1796875 0.43125
28 0.31328125 0.43125 0.1546875 0.44375
1 0.5046875 0.415625 0.1265625 0.4328125
1 0.62421875 0.4140625 0.1203125 0.4453125
1 0.75078125 0.4078125 0.125 0.4359375
1 0.86953125 0.41171875 0.134375 0.4546875
54 0.521875 0.821875 0.703125 0.2234375