17 0.17890625 0.33125 0.1734375 0.41796875
15 0.31640625 0.3578125 0.13046875 0.378125
1 0.5140625 0.35390625 0.1078125 0.36640625
1 0.62109375 0.34921875 0.10078125 0.371875
1 0.74296875 0.34921875 0.096875 0.36953125
0 0.86484375 0.34296875 0.1109375 0.3734375
54 0.52578125 0.72890625 0.6390625 0.1757812517 0.17890625 0.33125 0.1734375 0.41796875
15 0.31640625 0.3578125 0.13046875 0.378125
1 0.5140625 0.35390625 0.1078125 0.36640625
1 0.62109375 0.34921875 0.10078125 0.371875
1 0.74296875 0.34921875 0.096875 0.36953125
0 0.86484375 0.34296875 0.1109375 0.3734375
54 0.52578125 0.72890625 0.6390625 0.1757812517 0.17890625 0.33125 0.1734375 0.41796875
15 0.31640625 0.3578125 0.13046875 0.378125
1 0.5140625 0.35390625 0.1078125 0.36640625
1 0.62109375 0.34921875 0.10078125 0.371875
1 0.74296875 0.34921875 0.096875 0.36953125
0 0.86484375 0.34296875 0.1109375 0.3734375
54 0.52578125 0.72890625 0.6390625 0.17578125