42 0.15390625 0.409375 0.1578125 0.4234375
28 0.3171875 0.421875 0.13203125 0.4375
1 0.509375 0.415625 0.10390625 0.42734375
1 0.62890625 0.4203125 0.09765625 0.440625
1 0.75546875 0.42109375 0.10234375 0.43046875
1 0.8734375 0.43125 0.1109375 0.45
54 0.5046875 0.82265625 0.69453125 0.187542 0.15390625 0.409375 0.1578125 0.4234375
28 0.3171875 0.421875 0.13203125 0.4375
1 0.509375 0.415625 0.10390625 0.42734375
1 0.62890625 0.4203125 0.09765625 0.440625
1 0.75546875 0.42109375 0.10234375 0.43046875
1 0.8734375 0.43125 0.1109375 0.45
54 0.5046875 0.82265625 0.69453125 0.187542 0.15390625 0.409375 0.1578125 0.4234375
28 0.3171875 0.421875 0.13203125 0.4375
1 0.509375 0.415625 0.10390625 0.42734375
1 0.62890625 0.4203125 0.09765625 0.440625
1 0.75546875 0.42109375 0.10234375 0.43046875
1 0.8734375 0.43125 0.1109375 0.45
54 0.5046875 0.82265625 0.69453125 0.1875