43 0.18984375 0.4015625 0.1734375 0.3359375
38 0.33203125 0.3921875 0.1921875 0.334375
1 0.54140625 0.390625 0.1328125 0.309375
1 0.66953125 0.37578125 0.1421875 0.3
1 0.778125 0.3734375 0.1203125 0.309375
54 0.53984375 0.6890625 0.6828125 0.24375
1 0.90234375 0.365625 0.1421875 0.3312543 0.18984375 0.4015625 0.1734375 0.3359375
38 0.33203125 0.3921875 0.1921875 0.334375
1 0.54140625 0.390625 0.1328125 0.309375
1 0.66953125 0.37578125 0.1421875 0.3
1 0.778125 0.3734375 0.1203125 0.309375
54 0.53984375 0.6890625 0.6828125 0.24375
1 0.90234375 0.365625 0.1421875 0.3312543 0.18984375 0.4015625 0.1734375 0.3359375
38 0.33203125 0.3921875 0.1921875 0.334375
1 0.54140625 0.390625 0.1328125 0.309375
1 0.66953125 0.37578125 0.1421875 0.3
1 0.778125 0.3734375 0.1203125 0.309375
54 0.53984375 0.6890625 0.6828125 0.24375
1 0.90234375 0.365625 0.1421875 0.33125