17 0.20546875 0.28828125 0.2296875 0.4375
15 0.33828125 0.33359375 0.18125 0.3921875
1 0.534375 0.35703125 0.1578125 0.378125
1 0.640625 0.3671875 0.1515625 0.3828125
1 0.76171875 0.384375 0.146875 0.3796875
0 0.8828125 0.3953125 0.1625 0.3859375
54 0.49375 0.73046875 0.6578125 0.262517 0.20546875 0.28828125 0.2296875 0.4375
15 0.33828125 0.33359375 0.18125 0.3921875
1 0.534375 0.35703125 0.1578125 0.378125
1 0.640625 0.3671875 0.1515625 0.3828125
1 0.76171875 0.384375 0.146875 0.3796875
0 0.8828125 0.3953125 0.1625 0.3859375
54 0.49375 0.73046875 0.6578125 0.262517 0.20546875 0.28828125 0.2296875 0.4375
15 0.33828125 0.33359375 0.18125 0.3921875
1 0.534375 0.35703125 0.1578125 0.378125
1 0.640625 0.3671875 0.1515625 0.3828125
1 0.76171875 0.384375 0.146875 0.3796875
0 0.8828125 0.3953125 0.1625 0.3859375
54 0.49375 0.73046875 0.6578125 0.2625