42 0.15703125 0.39765625 0.171875 0.428125
28 0.3203125 0.415625 0.146875 0.4421875
1 0.5125 0.415625 0.11875 0.43125
1 0.63125 0.425 0.1125 0.44375
1 0.7578125 0.4296875 0.1171875 0.434375
1 0.87578125 0.44453125 0.1265625 0.453125
54 0.49375 0.82265625 0.7 0.210937542 0.15703125 0.39765625 0.171875 0.428125
28 0.3203125 0.415625 0.146875 0.4421875
1 0.5125 0.415625 0.11875 0.43125
1 0.63125 0.425 0.1125 0.44375
1 0.7578125 0.4296875 0.1171875 0.434375
1 0.87578125 0.44453125 0.1265625 0.453125
54 0.49375 0.82265625 0.7 0.210937542 0.15703125 0.39765625 0.171875 0.428125
28 0.3203125 0.415625 0.146875 0.4421875
1 0.5125 0.415625 0.11875 0.43125
1 0.63125 0.425 0.1125 0.44375
1 0.7578125 0.4296875 0.1171875 0.434375
1 0.87578125 0.44453125 0.1265625 0.453125
54 0.49375 0.82265625 0.7 0.2109375