43 0.19921875 0.375 0.146875 0.325
38 0.3421875 0.378125 0.165625 0.321875
1 0.55078125 0.39453125 0.10625 0.3
1 0.6796875 0.39140625 0.11875 0.290625
1 0.78828125 0.3984375 0.09375 0.303125
54 0.5234375 0.6921875 0.66875 0.1859375
1 0.9125 0.4015625 0.115625 0.32187543 0.19921875 0.375 0.146875 0.325
38 0.3421875 0.378125 0.165625 0.321875
1 0.55078125 0.39453125 0.10625 0.3
1 0.6796875 0.39140625 0.11875 0.290625
1 0.78828125 0.3984375 0.09375 0.303125
54 0.5234375 0.6921875 0.66875 0.1859375
1 0.9125 0.4015625 0.115625 0.32187543 0.19921875 0.375 0.146875 0.325
38 0.3421875 0.378125 0.165625 0.321875
1 0.55078125 0.39453125 0.10625 0.3
1 0.6796875 0.39140625 0.11875 0.290625
1 0.78828125 0.3984375 0.09375 0.303125
54 0.5234375 0.6921875 0.66875 0.1859375
1 0.9125 0.4015625 0.115625 0.321875