42 0.159375 0.39140625 0.1796875 0.43125
28 0.321875 0.4125 0.1546875 0.44375
1 0.5140625 0.41640625 0.1265625 0.4328125
1 0.6328125 0.42734375 0.1203125 0.4453125
1 0.759375 0.434375 0.125 0.4359375
1 0.8765625 0.45078125 0.134375 0.4546875
54 0.4875 0.82265625 0.703125 0.223437542 0.159375 0.39140625 0.1796875 0.43125
28 0.321875 0.4125 0.1546875 0.44375
1 0.5140625 0.41640625 0.1265625 0.4328125
1 0.6328125 0.42734375 0.1203125 0.4453125
1 0.759375 0.434375 0.125 0.4359375
1 0.8765625 0.45078125 0.134375 0.4546875
54 0.4875 0.82265625 0.703125 0.223437542 0.159375 0.39140625 0.1796875 0.43125
28 0.321875 0.4125 0.1546875 0.44375
1 0.5140625 0.41640625 0.1265625 0.4328125
1 0.6328125 0.42734375 0.1203125 0.4453125
1 0.759375 0.434375 0.125 0.4359375
1 0.8765625 0.45078125 0.134375 0.4546875
54 0.4875 0.82265625 0.703125 0.2234375