48 0.17109375 0.33125 0.2171875 0.5796875
1 0.46796875 0.36328125 0.0921875 0.52421875
1 0.6046875 0.36640625 0.08984375 0.53125
2 0.74609375 0.36328125 0.153125 0.528125
0 0.8859375 0.3609375 0.140625 0.52265625
54 0.50625 0.81796875 0.62890625 0.2132812548 0.17109375 0.33125 0.2171875 0.5796875
1 0.46796875 0.36328125 0.0921875 0.52421875
1 0.6046875 0.36640625 0.08984375 0.53125
2 0.74609375 0.36328125 0.153125 0.528125
0 0.8859375 0.3609375 0.140625 0.52265625
54 0.50625 0.81796875 0.62890625 0.2132812548 0.17109375 0.33125 0.2171875 0.5796875
1 0.46796875 0.36328125 0.0921875 0.52421875
1 0.6046875 0.36640625 0.08984375 0.53125
2 0.74609375 0.36328125 0.153125 0.528125
0 0.8859375 0.3609375 0.140625 0.52265625
54 0.50625 0.81796875 0.62890625 0.21328125