48 0.18359375 0.30859375 0.2578125 0.59375
1 0.47734375 0.36171875 0.128125 0.5296875
1 0.6140625 0.37421875 0.1265625 0.5359375
2 0.7546875 0.38046875 0.1890625 0.5375
0 0.89453125 0.38828125 0.1765625 0.53125
54 0.484375 0.81796875 0.6421875 0.2562548 0.18359375 0.30859375 0.2578125 0.59375
1 0.47734375 0.36171875 0.128125 0.5296875
1 0.6140625 0.37421875 0.1265625 0.5359375
2 0.7546875 0.38046875 0.1890625 0.5375
0 0.89453125 0.38828125 0.1765625 0.53125
54 0.484375 0.81796875 0.6421875 0.2562548 0.18359375 0.30859375 0.2578125 0.59375
1 0.47734375 0.36171875 0.128125 0.5296875
1 0.6140625 0.37421875 0.1265625 0.5359375
2 0.7546875 0.38046875 0.1890625 0.5375
0 0.89453125 0.38828125 0.1765625 0.53125
54 0.484375 0.81796875 0.6421875 0.25625