21 0.23515625 0.40234375 0.1375 0.39375
28 0.35625 0.3890625 0.115625 0.346875
1 0.55078125 0.38359375 0.1 0.340625
1 0.65234375 0.375 0.096875 0.3375
2 0.7625 0.3828125 0.103125 0.35625
2 0.8640625 0.378125 0.115625 0.34375
54 0.51640625 0.73125 0.6375 0.15937521 0.23515625 0.40234375 0.1375 0.39375
28 0.35625 0.3890625 0.115625 0.346875
1 0.55078125 0.38359375 0.1 0.340625
1 0.65234375 0.375 0.096875 0.3375
2 0.7625 0.3828125 0.103125 0.35625
2 0.8640625 0.378125 0.115625 0.34375
54 0.51640625 0.73125 0.6375 0.15937521 0.23515625 0.40234375 0.1375 0.39375
28 0.35625 0.3890625 0.115625 0.346875
1 0.55078125 0.38359375 0.1 0.340625
1 0.65234375 0.375 0.096875 0.3375
2 0.7625 0.3828125 0.103125 0.35625
2 0.8640625 0.378125 0.115625 0.34375
54 0.51640625 0.73125 0.6375 0.159375