48 0.15546875 0.36640625 0.2765625 0.5984375
1 0.45390625 0.3671875 0.146875 0.53125
1 0.58984375 0.35625 0.1453125 0.5375
2 0.73046875 0.33828125 0.2078125 0.540625
0 0.86953125 0.32109375 0.19375 0.534375
54 0.5390625 0.815625 0.6484375 0.27812548 0.15546875 0.36640625 0.2765625 0.5984375
1 0.45390625 0.3671875 0.146875 0.53125
1 0.58984375 0.35625 0.1453125 0.5375
2 0.73046875 0.33828125 0.2078125 0.540625
0 0.86953125 0.32109375 0.19375 0.534375
54 0.5390625 0.815625 0.6484375 0.27812548 0.15546875 0.36640625 0.2765625 0.5984375
1 0.45390625 0.3671875 0.146875 0.53125
1 0.58984375 0.35625 0.1453125 0.5375
2 0.73046875 0.33828125 0.2078125 0.540625
0 0.86953125 0.32109375 0.19375 0.534375
54 0.5390625 0.815625 0.6484375 0.278125