48 0.165625 0.34296875 0.2375 0.5875
1 0.46328125 0.36484375 0.1109375 0.5265625
1 0.6 0.3625 0.1078125 0.534375
2 0.74140625 0.3546875 0.171875 0.5328125
0 0.88046875 0.34765625 0.159375 0.5265625
54 0.5171875 0.8171875 0.6359375 0.23437548 0.165625 0.34296875 0.2375 0.5875
1 0.46328125 0.36484375 0.1109375 0.5265625
1 0.6 0.3625 0.1078125 0.534375
2 0.74140625 0.3546875 0.171875 0.5328125
0 0.88046875 0.34765625 0.159375 0.5265625
54 0.5171875 0.8171875 0.6359375 0.23437548 0.165625 0.34296875 0.2375 0.5875
1 0.46328125 0.36484375 0.1109375 0.5265625
1 0.6 0.3625 0.1078125 0.534375
2 0.74140625 0.3546875 0.171875 0.5328125
0 0.88046875 0.34765625 0.159375 0.5265625
54 0.5171875 0.8171875 0.6359375 0.234375