21 0.2390625 0.39296875 0.1515625 0.3984375
28 0.36015625 0.384375 0.128125 0.35
1 0.5546875 0.38515625 0.1125 0.34375
1 0.65625 0.38046875 0.109375 0.3421875
2 0.76640625 0.3921875 0.1140625 0.359375
2 0.86796875 0.390625 0.1265625 0.346875
54 0.50859375 0.73203125 0.6421875 0.1812521 0.2390625 0.39296875 0.1515625 0.3984375
28 0.36015625 0.384375 0.128125 0.35
1 0.5546875 0.38515625 0.1125 0.34375
1 0.65625 0.38046875 0.109375 0.3421875
2 0.76640625 0.3921875 0.1140625 0.359375
2 0.86796875 0.390625 0.1265625 0.346875
54 0.50859375 0.73203125 0.6421875 0.1812521 0.2390625 0.39296875 0.1515625 0.3984375
28 0.36015625 0.384375 0.128125 0.35
1 0.5546875 0.38515625 0.1125 0.34375
1 0.65625 0.38046875 0.109375 0.3421875
2 0.76640625 0.3921875 0.1140625 0.359375
2 0.86796875 0.390625 0.1265625 0.346875
54 0.50859375 0.73203125 0.6421875 0.18125