48 0.1578125 0.3609375 0.2671875 0.596875
1 0.45625 0.36640625 0.1375 0.5296875
1 0.59296875 0.3578125 0.1359375 0.5375
2 0.73359375 0.3421875 0.1984375 0.5390625
0 0.87265625 0.328125 0.1859375 0.5328125
54 0.53359375 0.81640625 0.6453125 0.267187548 0.1578125 0.3609375 0.2671875 0.596875
1 0.45625 0.36640625 0.1375 0.5296875
1 0.59296875 0.3578125 0.1359375 0.5375
2 0.73359375 0.3421875 0.1984375 0.5390625
0 0.87265625 0.328125 0.1859375 0.5328125
54 0.53359375 0.81640625 0.6453125 0.267187548 0.1578125 0.3609375 0.2671875 0.596875
1 0.45625 0.36640625 0.1375 0.5296875
1 0.59296875 0.3578125 0.1359375 0.5375
2 0.73359375 0.3421875 0.1984375 0.5390625
0 0.87265625 0.328125 0.1859375 0.5328125
54 0.53359375 0.81640625 0.6453125 0.2671875