21 0.25390625 0.3625 0.196875 0.4109375
28 0.375 0.36796875 0.16875 0.3609375
1 0.56875 0.39296875 0.153125 0.3515625
1 0.6703125 0.4 0.15 0.35
2 0.77734375 0.425 0.15625 0.3671875
2 0.87890625 0.43671875 0.1671875 0.3578125
54 0.4796875 0.73125 0.6546875 0.257812521 0.25390625 0.3625 0.196875 0.4109375
28 0.375 0.36796875 0.16875 0.3609375
1 0.56875 0.39296875 0.153125 0.3515625
1 0.6703125 0.4 0.15 0.35
2 0.77734375 0.425 0.15625 0.3671875
2 0.87890625 0.43671875 0.1671875 0.3578125
54 0.4796875 0.73125 0.6546875 0.257812521 0.25390625 0.3625 0.196875 0.4109375
28 0.375 0.36796875 0.16875 0.3609375
1 0.56875 0.39296875 0.153125 0.3515625
1 0.6703125 0.4 0.15 0.35
2 0.77734375 0.425 0.15625 0.3671875
2 0.87890625 0.43671875 0.1671875 0.3578125
54 0.4796875 0.73125 0.6546875 0.2578125