10 0.2046875 0.3375 0.1734375 0.396875
32 0.35234375 0.353125 0.1828125 0.4328125
3 0.54375 0.38984375 0.14375 0.3671875
4 0.653125 0.4078125 0.1359375 0.3765625
4 0.7625 0.41953125 0.1421875 0.4078125
9 0.8671875 0.42265625 0.128125 0.4062510 0.2046875 0.3375 0.1734375 0.396875
32 0.35234375 0.353125 0.1828125 0.4328125
3 0.54375 0.38984375 0.14375 0.3671875
4 0.653125 0.4078125 0.1359375 0.3765625
4 0.7625 0.41953125 0.1421875 0.4078125
9 0.8671875 0.42265625 0.128125 0.4062510 0.2046875 0.3375 0.1734375 0.396875
32 0.35234375 0.353125 0.1828125 0.4328125
3 0.54375 0.38984375 0.14375 0.3671875
4 0.653125 0.4078125 0.1359375 0.3765625
4 0.7625 0.41953125 0.1421875 0.4078125
9 0.8671875 0.42265625 0.128125 0.40625