44 0.221875 0.38203125 0.15625 0.403125
16 0.3546875 0.39140625 0.12890625 0.36796875
1 0.55078125 0.3859375 0.1109375 0.3625
3 0.75390625 0.3796875 0.1125 0.359375
3 0.8546875 0.38046875 0.109375 0.38046875
1 0.64140625 0.3734375 0.12109375 0.371875
54 0.5140625 0.78828125 0.625 0.187544 0.221875 0.38203125 0.15625 0.403125
16 0.3546875 0.39140625 0.12890625 0.36796875
1 0.55078125 0.3859375 0.1109375 0.3625
3 0.75390625 0.3796875 0.1125 0.359375
3 0.8546875 0.38046875 0.109375 0.38046875
1 0.64140625 0.3734375 0.12109375 0.371875
54 0.5140625 0.78828125 0.625 0.187544 0.221875 0.38203125 0.15625 0.403125
16 0.3546875 0.39140625 0.12890625 0.36796875
1 0.55078125 0.3859375 0.1109375 0.3625
3 0.75390625 0.3796875 0.1125 0.359375
3 0.8546875 0.38046875 0.109375 0.38046875
1 0.64140625 0.3734375 0.12109375 0.371875
54 0.5140625 0.78828125 0.625 0.1875