38 0.20078125 0.41328125 0.209375 0.3953125
39 0.3515625 0.40078125 0.1875 0.4078125
1 0.5171875 0.38828125 0.159375 0.390625
1 0.63203125 0.3828125 0.109375 0.3921875
3 0.75625 0.38203125 0.1484375 0.396875
6 0.8734375 0.3671875 0.140625 0.384375
54 0.5921875 0.75703125 0.6359375 0.19687538 0.20078125 0.41328125 0.209375 0.3953125
39 0.3515625 0.40078125 0.1875 0.4078125
1 0.5171875 0.38828125 0.159375 0.390625
1 0.63203125 0.3828125 0.109375 0.3921875
3 0.75625 0.38203125 0.1484375 0.396875
6 0.8734375 0.3671875 0.140625 0.384375
54 0.5921875 0.75703125 0.6359375 0.19687538 0.20078125 0.41328125 0.209375 0.3953125
39 0.3515625 0.40078125 0.1875 0.4078125
1 0.5171875 0.38828125 0.159375 0.390625
1 0.63203125 0.3828125 0.109375 0.3921875
3 0.75625 0.38203125 0.1484375 0.396875
6 0.8734375 0.3671875 0.140625 0.384375
54 0.5921875 0.75703125 0.6359375 0.196875