10 0.22265625 0.40625 0.19296875 0.403125
1 0.45546875 0.39921875 0.10390625 0.41171875
1 0.58984375 0.4 0.09921875 0.42734375
3 0.71015625 0.40078125 0.128125 0.41796875
0 0.84375 0.38828125 0.153125 0.42734375
114 0.4953125 0.74296875 0.3109375 0.1757812510 0.22265625 0.40625 0.19296875 0.403125
1 0.45546875 0.39921875 0.10390625 0.41171875
1 0.58984375 0.4 0.09921875 0.42734375
3 0.71015625 0.40078125 0.128125 0.41796875
0 0.84375 0.38828125 0.153125 0.42734375
114 0.4953125 0.74296875 0.3109375 0.1757812510 0.22265625 0.40625 0.19296875 0.403125
1 0.45546875 0.39921875 0.10390625 0.41171875
1 0.58984375 0.4 0.09921875 0.42734375
3 0.71015625 0.40078125 0.128125 0.41796875
0 0.84375 0.38828125 0.153125 0.42734375
114 0.4953125 0.74296875 0.3109375 0.17578125