10 0.2296875 0.3875 0.2203125 0.415625
1 0.4625 0.39609375 0.1328125 0.4171875
1 0.596875 0.40625 0.128125 0.4328125
3 0.71640625 0.415625 0.15625 0.4265625
0 0.85078125 0.4125 0.1828125 0.4375
114 0.478125 0.7421875 0.321875 0.19687510 0.2296875 0.3875 0.2203125 0.415625
1 0.4625 0.39609375 0.1328125 0.4171875
1 0.596875 0.40625 0.128125 0.4328125
3 0.71640625 0.415625 0.15625 0.4265625
0 0.85078125 0.4125 0.1828125 0.4375
114 0.478125 0.7421875 0.321875 0.19687510 0.2296875 0.3875 0.2203125 0.415625
1 0.4625 0.39609375 0.1328125 0.4171875
1 0.596875 0.40625 0.128125 0.4328125
3 0.71640625 0.415625 0.15625 0.4265625
0 0.85078125 0.4125 0.1828125 0.4375
114 0.478125 0.7421875 0.321875 0.196875