38 0.209375 0.3875 0.203125 0.39375
39 0.3609375 0.38828125 0.1796875 0.4046875
1 0.5265625 0.38984375 0.153125 0.3875
1 0.6421875 0.39453125 0.103125 0.390625
3 0.76484375 0.4046875 0.1421875 0.3953125
6 0.88359375 0.4 0.134375 0.3828125
54 0.56953125 0.7640625 0.634375 0.185937538 0.209375 0.3875 0.203125 0.39375
39 0.3609375 0.38828125 0.1796875 0.4046875
1 0.5265625 0.38984375 0.153125 0.3875
1 0.6421875 0.39453125 0.103125 0.390625
3 0.76484375 0.4046875 0.1421875 0.3953125
6 0.88359375 0.4 0.134375 0.3828125
54 0.56953125 0.7640625 0.634375 0.185937538 0.209375 0.3875 0.203125 0.39375
39 0.3609375 0.38828125 0.1796875 0.4046875
1 0.5265625 0.38984375 0.153125 0.3875
1 0.6421875 0.39453125 0.103125 0.390625
3 0.76484375 0.4046875 0.1421875 0.3953125
6 0.88359375 0.4 0.134375 0.3828125
54 0.56953125 0.7640625 0.634375 0.1859375