44 0.240625 0.34453125 0.2109375 0.4203125
16 0.37109375 0.371875 0.178125 0.3828125
1 0.56640625 0.39375 0.1609375 0.375
3 0.76796875 0.41640625 0.1609375 0.371875
3 0.86796875 0.43125 0.1609375 0.3921875
1 0.6578125 0.39453125 0.171875 0.384375
54 0.4734375 0.7875 0.6453125 0.273437544 0.240625 0.34453125 0.2109375 0.4203125
16 0.37109375 0.371875 0.178125 0.3828125
1 0.56640625 0.39375 0.1609375 0.375
3 0.76796875 0.41640625 0.1609375 0.371875
3 0.86796875 0.43125 0.1609375 0.3921875
1 0.6578125 0.39453125 0.171875 0.384375
54 0.4734375 0.7875 0.6453125 0.273437544 0.240625 0.34453125 0.2109375 0.4203125
16 0.37109375 0.371875 0.178125 0.3828125
1 0.56640625 0.39375 0.1609375 0.375
3 0.76796875 0.41640625 0.1609375 0.371875
3 0.86796875 0.43125 0.1609375 0.3921875
1 0.6578125 0.39453125 0.171875 0.384375
54 0.4734375 0.7875 0.6453125 0.2734375