38 0.20546875 0.39765625 0.1890625 0.38671875
39 0.35703125 0.39296875 0.16640625 0.39921875
1 0.52265625 0.3890625 0.1390625 0.38359375
1 0.63828125 0.38984375 0.08984375 0.3875
3 0.76171875 0.3953125 0.12890625 0.390625
6 0.8796875 0.38671875 0.12109375 0.378125
54 0.57890625 0.76171875 0.62890625 0.1648437538 0.20546875 0.39765625 0.1890625 0.38671875
39 0.35703125 0.39296875 0.16640625 0.39921875
1 0.52265625 0.3890625 0.1390625 0.38359375
1 0.63828125 0.38984375 0.08984375 0.3875
3 0.76171875 0.3953125 0.12890625 0.390625
6 0.8796875 0.38671875 0.12109375 0.378125
54 0.57890625 0.76171875 0.62890625 0.1648437538 0.20546875 0.39765625 0.1890625 0.38671875
39 0.35703125 0.39296875 0.16640625 0.39921875
1 0.52265625 0.3890625 0.1390625 0.38359375
1 0.63828125 0.38984375 0.08984375 0.3875
3 0.76171875 0.3953125 0.12890625 0.390625
6 0.8796875 0.38671875 0.12109375 0.378125
54 0.57890625 0.76171875 0.62890625 0.16484375