38 0.20703125 0.3921875 0.1953125 0.390625
39 0.35859375 0.390625 0.1734375 0.4015625
1 0.52421875 0.38984375 0.1453125 0.3859375
1 0.63984375 0.3921875 0.096875 0.3890625
3 0.76328125 0.4 0.1359375 0.3921875
6 0.88125 0.39375 0.128125 0.3796875
54 0.57421875 0.76328125 0.63125 0.176562538 0.20703125 0.3921875 0.1953125 0.390625
39 0.35859375 0.390625 0.1734375 0.4015625
1 0.52421875 0.38984375 0.1453125 0.3859375
1 0.63984375 0.3921875 0.096875 0.3890625
3 0.76328125 0.4 0.1359375 0.3921875
6 0.88125 0.39375 0.128125 0.3796875
54 0.57421875 0.76328125 0.63125 0.176562538 0.20703125 0.3921875 0.1953125 0.390625
39 0.35859375 0.390625 0.1734375 0.4015625
1 0.52421875 0.38984375 0.1453125 0.3859375
1 0.63984375 0.3921875 0.096875 0.3890625
3 0.76328125 0.4 0.1359375 0.3921875
6 0.88125 0.39375 0.128125 0.3796875
54 0.57421875 0.76328125 0.63125 0.1765625