10 0.2234375 0.30703125 0.2125 0.4109375
32 0.36875 0.3390625 0.2265625 0.446875
3 0.5546875 0.39453125 0.1796875 0.3765625
4 0.6625 0.42421875 0.1734375 0.3859375
4 0.76953125 0.446875 0.184375 0.4171875
9 0.87265625 0.46171875 0.1703125 0.41562510 0.2234375 0.30703125 0.2125 0.4109375
32 0.36875 0.3390625 0.2265625 0.446875
3 0.5546875 0.39453125 0.1796875 0.3765625
4 0.6625 0.42421875 0.1734375 0.3859375
4 0.76953125 0.446875 0.184375 0.4171875
9 0.87265625 0.46171875 0.1703125 0.41562510 0.2234375 0.30703125 0.2125 0.4109375
32 0.36875 0.3390625 0.2265625 0.446875
3 0.5546875 0.39453125 0.1796875 0.3765625
4 0.6625 0.42421875 0.1734375 0.3859375
4 0.76953125 0.446875 0.184375 0.4171875
9 0.87265625 0.46171875 0.1703125 0.415625