10 0.24296875 0.359375 0.259375 0.43125
1 0.4734375 0.39296875 0.1734375 0.4234375
1 0.60546875 0.4171875 0.171875 0.4375
3 0.72421875 0.4390625 0.1984375 0.434375
0 0.8578125 0.45 0.225 0.446875
114 0.453125 0.73828125 0.3375 0.226562510 0.24296875 0.359375 0.259375 0.43125
1 0.4734375 0.39296875 0.1734375 0.4234375
1 0.60546875 0.4171875 0.171875 0.4375
3 0.72421875 0.4390625 0.1984375 0.434375
0 0.8578125 0.45 0.225 0.446875
114 0.453125 0.73828125 0.3375 0.226562510 0.24296875 0.359375 0.259375 0.43125
1 0.4734375 0.39296875 0.1734375 0.4234375
1 0.60546875 0.4171875 0.171875 0.4375
3 0.72421875 0.4390625 0.1984375 0.434375
0 0.8578125 0.45 0.225 0.446875
114 0.453125 0.73828125 0.3375 0.2265625