50 0.2 0.36875 0.196875 0.403125
45 0.34921875 0.3875 0.1734375 0.39375
1 0.55859375 0.4015625 0.14375 0.384375
1 0.67109375 0.4140625 0.14375 0.3828125
4 0.77890625 0.425 0.1546875 0.3921875
6 0.90078125 0.43828125 0.1625 0.3890625
54 0.4671875 0.78984375 0.6859375 0.242187550 0.2 0.36875 0.196875 0.403125
45 0.34921875 0.3875 0.1734375 0.39375
1 0.55859375 0.4015625 0.14375 0.384375
1 0.67109375 0.4140625 0.14375 0.3828125
4 0.77890625 0.425 0.1546875 0.3921875
6 0.90078125 0.43828125 0.1625 0.3890625
54 0.4671875 0.78984375 0.6859375 0.242187550 0.2 0.36875 0.196875 0.403125
45 0.34921875 0.3875 0.1734375 0.39375
1 0.55859375 0.4015625 0.14375 0.384375
1 0.67109375 0.4140625 0.14375 0.3828125
4 0.77890625 0.425 0.1546875 0.3921875
6 0.90078125 0.43828125 0.1625 0.3890625
54 0.4671875 0.78984375 0.6859375 0.2421875