50 0.18984375 0.3953125 0.16328125 0.390625
45 0.33984375 0.40078125 0.140625 0.38359375
1 0.55 0.396875 0.1109375 0.3765625
1 0.66328125 0.39921875 0.1109375 0.375
4 0.77109375 0.40078125 0.121875 0.38359375
6 0.89375 0.40390625 0.13046875 0.37890625
54 0.4921875 0.79140625 0.671875 0.18437550 0.18984375 0.3953125 0.16328125 0.390625
45 0.33984375 0.40078125 0.140625 0.38359375
1 0.55 0.396875 0.1109375 0.3765625
1 0.66328125 0.39921875 0.1109375 0.375
4 0.77109375 0.40078125 0.121875 0.38359375
6 0.89375 0.40390625 0.13046875 0.37890625
54 0.4921875 0.79140625 0.671875 0.18437550 0.18984375 0.3953125 0.16328125 0.390625
45 0.33984375 0.40078125 0.140625 0.38359375
1 0.55 0.396875 0.1109375 0.3765625
1 0.66328125 0.39921875 0.1109375 0.375
4 0.77109375 0.40078125 0.121875 0.38359375
6 0.89375 0.40390625 0.13046875 0.37890625
54 0.4921875 0.79140625 0.671875 0.184375