50 0.2046875 0.35859375 0.209375 0.4078125
45 0.353125 0.38203125 0.1859375 0.3984375
1 0.5625 0.40390625 0.15625 0.3875
1 0.67421875 0.41953125 0.15625 0.3859375
4 0.78125 0.434375 0.1671875 0.3953125
6 0.90234375 0.45234375 0.175 0.3921875
54 0.45703125 0.78828125 0.6890625 0.26562550 0.2046875 0.35859375 0.209375 0.4078125
45 0.353125 0.38203125 0.1859375 0.3984375
1 0.5625 0.40390625 0.15625 0.3875
1 0.67421875 0.41953125 0.15625 0.3859375
4 0.78125 0.434375 0.1671875 0.3953125
6 0.90234375 0.45234375 0.175 0.3921875
54 0.45703125 0.78828125 0.6890625 0.26562550 0.2046875 0.35859375 0.209375 0.4078125
45 0.353125 0.38203125 0.1859375 0.3984375
1 0.5625 0.40390625 0.15625 0.3875
1 0.67421875 0.41953125 0.15625 0.3859375
4 0.78125 0.434375 0.1671875 0.3953125
6 0.90234375 0.45234375 0.175 0.3921875
54 0.45703125 0.78828125 0.6890625 0.265625