50 0.19609375 0.37890625 0.1828125 0.3984375
45 0.3453125 0.3921875 0.1609375 0.390625
1 0.55546875 0.4 0.13125 0.38125
1 0.66796875 0.4078125 0.1296875 0.3796875
4 0.77578125 0.41484375 0.1421875 0.3890625
6 0.8984375 0.425 0.15 0.3859375
54 0.4765625 0.790625 0.68125 0.2187550 0.19609375 0.37890625 0.1828125 0.3984375
45 0.3453125 0.3921875 0.1609375 0.390625
1 0.55546875 0.4 0.13125 0.38125
1 0.66796875 0.4078125 0.1296875 0.3796875
4 0.77578125 0.41484375 0.1421875 0.3890625
6 0.8984375 0.425 0.15 0.3859375
54 0.4765625 0.790625 0.68125 0.2187550 0.19609375 0.37890625 0.1828125 0.3984375
45 0.3453125 0.3921875 0.1609375 0.390625
1 0.55546875 0.4 0.13125 0.38125
1 0.66796875 0.4078125 0.1296875 0.3796875
4 0.77578125 0.41484375 0.1421875 0.3890625
6 0.8984375 0.425 0.15 0.3859375
54 0.4765625 0.790625 0.68125 0.21875