50 0.18671875 0.40625 0.1765625 0.3953125
45 0.33671875 0.40625 0.1546875 0.3875
1 0.54609375 0.3953125 0.1234375 0.3796875
1 0.659375 0.39375 0.1234375 0.378125
4 0.7671875 0.39140625 0.1359375 0.3875
6 0.88984375 0.38984375 0.14375 0.3828125
54 0.50234375 0.79140625 0.678125 0.207812550 0.18671875 0.40625 0.1765625 0.3953125
45 0.33671875 0.40625 0.1546875 0.3875
1 0.54609375 0.3953125 0.1234375 0.3796875
1 0.659375 0.39375 0.1234375 0.378125
4 0.7671875 0.39140625 0.1359375 0.3875
6 0.88984375 0.38984375 0.14375 0.3828125
54 0.50234375 0.79140625 0.678125 0.207812550 0.18671875 0.40625 0.1765625 0.3953125
45 0.33671875 0.40625 0.1546875 0.3875
1 0.54609375 0.3953125 0.1234375 0.3796875
1 0.659375 0.39375 0.1234375 0.378125
4 0.7671875 0.39140625 0.1359375 0.3875
6 0.88984375 0.38984375 0.14375 0.3828125
54 0.50234375 0.79140625 0.678125 0.2078125