19 0.1609375 0.36484375 0.2203125 0.51953125
1 0.45703125 0.3546875 0.11328125 0.52734375
1 0.596875 0.3703125 0.090625 0.54375
5 0.7421875 0.3703125 0.16015625 0.54375
4 0.89453125 0.36484375 0.15625 0.5484375
54 0.5046875 0.81171875 0.675 0.237519 0.1609375 0.36484375 0.2203125 0.51953125
1 0.45703125 0.3546875 0.11328125 0.52734375
1 0.596875 0.3703125 0.090625 0.54375
5 0.7421875 0.3703125 0.16015625 0.54375
4 0.89453125 0.36484375 0.15625 0.5484375
54 0.5046875 0.81171875 0.675 0.237519 0.1609375 0.36484375 0.2203125 0.51953125
1 0.45703125 0.3546875 0.11328125 0.52734375
1 0.596875 0.3703125 0.090625 0.54375
5 0.7421875 0.3703125 0.16015625 0.54375
4 0.89453125 0.36484375 0.15625 0.5484375
54 0.5046875 0.81171875 0.675 0.2375