19 0.27734375 0.31953125 0.2359375 0.45
1 0.48828125 0.35078125 0.1546875 0.440625
1 0.58125 0.3734375 0.1546875 0.4265625
5 0.6890625 0.390625 0.2265625 0.428125
4 0.815625 0.40625 0.2140625 0.4234375
54 0.46484375 0.72265625 0.725 0.298437519 0.27734375 0.31953125 0.2359375 0.45
1 0.48828125 0.35078125 0.1546875 0.440625
1 0.58125 0.3734375 0.1546875 0.4265625
5 0.6890625 0.390625 0.2265625 0.428125
4 0.815625 0.40625 0.2140625 0.4234375
54 0.46484375 0.72265625 0.725 0.298437519 0.27734375 0.31953125 0.2359375 0.45
1 0.48828125 0.35078125 0.1546875 0.440625
1 0.58125 0.3734375 0.1546875 0.4265625
5 0.6890625 0.390625 0.2265625 0.428125
4 0.815625 0.40625 0.2140625 0.4234375
54 0.46484375 0.72265625 0.725 0.2984375