19 0.1546875 0.3828125 0.246875 0.5296875
1 0.44921875 0.35703125 0.140625 0.5328125
1 0.58984375 0.365625 0.11875 0.5484375
5 0.73515625 0.3578125 0.1890625 0.5515625
4 0.88671875 0.34453125 0.184375 0.55625
54 0.52109375 0.8109375 0.6859375 0.27187519 0.1546875 0.3828125 0.246875 0.5296875
1 0.44921875 0.35703125 0.140625 0.5328125
1 0.58984375 0.365625 0.11875 0.5484375
5 0.73515625 0.3578125 0.1890625 0.5515625
4 0.88671875 0.34453125 0.184375 0.55625
54 0.52109375 0.8109375 0.6859375 0.27187519 0.1546875 0.3828125 0.246875 0.5296875
1 0.44921875 0.35703125 0.140625 0.5328125
1 0.58984375 0.365625 0.11875 0.5484375
5 0.73515625 0.3578125 0.1890625 0.5515625
4 0.88671875 0.34453125 0.184375 0.55625
54 0.52109375 0.8109375 0.6859375 0.271875