19 0.15859375 0.37109375 0.2296875 0.5234375
1 0.4546875 0.35546875 0.121875 0.5296875
1 0.59453125 0.36875 0.1 0.5453125
5 0.73984375 0.36640625 0.1703125 0.546875
4 0.8921875 0.3578125 0.165625 0.5515625
54 0.51015625 0.81171875 0.6796875 0.2519 0.15859375 0.37109375 0.2296875 0.5234375
1 0.4546875 0.35546875 0.121875 0.5296875
1 0.59453125 0.36875 0.1 0.5453125
5 0.73984375 0.36640625 0.1703125 0.546875
4 0.8921875 0.3578125 0.165625 0.5515625
54 0.51015625 0.81171875 0.6796875 0.2519 0.15859375 0.37109375 0.2296875 0.5234375
1 0.4546875 0.35546875 0.121875 0.5296875
1 0.59453125 0.36875 0.1 0.5453125
5 0.73984375 0.36640625 0.1703125 0.546875
4 0.8921875 0.3578125 0.165625 0.5515625
54 0.51015625 0.81171875 0.6796875 0.25