10 0.16796875 0.31328125 0.2234375 0.44375
14 0.3390625 0.3375 0.2015625 0.43125
1 0.525 0.3625 0.1921875 0.44375
1 0.646875 0.38125 0.171875 0.459375
6 0.76796875 0.3953125 0.1890625 0.48125
6 0.8984375 0.41015625 0.190625 0.4546875
58 0.478125 0.7421875 0.35 0.2687510 0.16796875 0.31328125 0.2234375 0.44375
14 0.3390625 0.3375 0.2015625 0.43125
1 0.525 0.3625 0.1921875 0.44375
1 0.646875 0.38125 0.171875 0.459375
6 0.76796875 0.3953125 0.1890625 0.48125
6 0.8984375 0.41015625 0.190625 0.4546875
58 0.478125 0.7421875 0.35 0.2687510 0.16796875 0.31328125 0.2234375 0.44375
14 0.3390625 0.3375 0.2015625 0.43125
1 0.525 0.3625 0.1921875 0.44375
1 0.646875 0.38125 0.171875 0.459375
6 0.76796875 0.3953125 0.1890625 0.48125
6 0.8984375 0.41015625 0.190625 0.4546875
58 0.478125 0.7421875 0.35 0.26875