35 0.23515625 0.32734375 0.1953125 0.3796875
42 0.37421875 0.3546875 0.1875 0.3875
1 0.62265625 0.38671875 0.1375 0.3796875
1 0.72421875 0.40234375 0.15625 0.371875
6 0.83828125 0.4171875 0.1671875 0.39375
63 0.4546875 0.74296875 0.3125 0.267187535 0.23515625 0.32734375 0.1953125 0.3796875
42 0.37421875 0.3546875 0.1875 0.3875
1 0.62265625 0.38671875 0.1375 0.3796875
1 0.72421875 0.40234375 0.15625 0.371875
6 0.83828125 0.4171875 0.1671875 0.39375
63 0.4546875 0.74296875 0.3125 0.267187535 0.23515625 0.32734375 0.1953125 0.3796875
42 0.37421875 0.3546875 0.1875 0.3875
1 0.62265625 0.38671875 0.1375 0.3796875
1 0.72421875 0.40234375 0.15625 0.371875
6 0.83828125 0.4171875 0.1671875 0.39375
63 0.4546875 0.74296875 0.3125 0.2671875