11 0.18203125 0.3625 0.1796875 0.36875
28 0.3109375 0.35078125 0.1671875 0.3609375
1 0.52421875 0.3265625 0.1328125 0.3546875
1 0.634375 0.30703125 0.1421875 0.3515625
6 0.74296875 0.29921875 0.140625 0.3515625
8 0.85234375 0.2765625 0.140625 0.3328125
63 0.5140625 0.70234375 0.2859375 0.254687511 0.18203125 0.3625 0.1796875 0.36875
28 0.3109375 0.35078125 0.1671875 0.3609375
1 0.52421875 0.3265625 0.1328125 0.3546875
1 0.634375 0.30703125 0.1421875 0.3515625
6 0.74296875 0.29921875 0.140625 0.3515625
8 0.85234375 0.2765625 0.140625 0.3328125
63 0.5140625 0.70234375 0.2859375 0.254687511 0.18203125 0.3625 0.1796875 0.36875
28 0.3109375 0.35078125 0.1671875 0.3609375
1 0.52421875 0.3265625 0.1328125 0.3546875
1 0.634375 0.30703125 0.1421875 0.3515625
6 0.74296875 0.29921875 0.140625 0.3515625
8 0.85234375 0.2765625 0.140625 0.3328125
63 0.5140625 0.70234375 0.2859375 0.2546875