11 0.1828125 0.28984375 0.175 0.3953125
42 0.3234375 0.29609375 0.14375 0.3734375
1 0.53515625 0.3046875 0.115625 0.39375
1 0.64765625 0.29921875 0.0921875 0.384375
6 0.76796875 0.303125 0.1125 0.3796875
8 0.878125 0.3078125 0.1203125 0.38125
63 0.5015625 0.71171875 0.2796875 0.27511 0.1828125 0.28984375 0.175 0.3953125
42 0.3234375 0.29609375 0.14375 0.3734375
1 0.53515625 0.3046875 0.115625 0.39375
1 0.64765625 0.29921875 0.0921875 0.384375
6 0.76796875 0.303125 0.1125 0.3796875
8 0.878125 0.3078125 0.1203125 0.38125
63 0.5015625 0.71171875 0.2796875 0.27511 0.1828125 0.28984375 0.175 0.3953125
42 0.3234375 0.29609375 0.14375 0.3734375
1 0.53515625 0.3046875 0.115625 0.39375
1 0.64765625 0.29921875 0.0921875 0.384375
6 0.76796875 0.303125 0.1125 0.3796875
8 0.878125 0.3078125 0.1203125 0.38125
63 0.5015625 0.71171875 0.2796875 0.275