11 0.1984375 0.3296875 0.14375 0.35546875
28 0.32734375 0.33203125 0.13203125 0.34921875
1 0.5421875 0.3296875 0.09765625 0.346875
1 0.65390625 0.321875 0.10625 0.3421875
6 0.7625 0.32578125 0.10546875 0.3421875
8 0.8734375 0.31484375 0.1078125 0.32265625
63 0.49296875 0.70234375 0.2640625 0.2289062511 0.1984375 0.3296875 0.14375 0.35546875
28 0.32734375 0.33203125 0.13203125 0.34921875
1 0.5421875 0.3296875 0.09765625 0.346875
1 0.65390625 0.321875 0.10625 0.3421875
6 0.7625 0.32578125 0.10546875 0.3421875
8 0.8734375 0.31484375 0.1078125 0.32265625
63 0.49296875 0.70234375 0.2640625 0.2289062511 0.1984375 0.3296875 0.14375 0.35546875
28 0.32734375 0.33203125 0.13203125 0.34921875
1 0.5421875 0.3296875 0.09765625 0.346875
1 0.65390625 0.321875 0.10625 0.3421875
6 0.7625 0.32578125 0.10546875 0.3421875
8 0.8734375 0.31484375 0.1078125 0.32265625
63 0.49296875 0.70234375 0.2640625 0.22890625