11 0.2140625 0.30390625 0.1734375 0.3671875
28 0.34296875 0.31796875 0.1625 0.359375
1 0.55703125 0.334375 0.128125 0.3546875
1 0.66875 0.3359375 0.1359375 0.35
6 0.7765625 0.34921875 0.134375 0.35
8 0.88828125 0.3484375 0.1359375 0.33125
63 0.475 0.70078125 0.2828125 0.251562511 0.2140625 0.30390625 0.1734375 0.3671875
28 0.34296875 0.31796875 0.1625 0.359375
1 0.55703125 0.334375 0.128125 0.3546875
1 0.66875 0.3359375 0.1359375 0.35
6 0.7765625 0.34921875 0.134375 0.35
8 0.88828125 0.3484375 0.1359375 0.33125
63 0.475 0.70078125 0.2828125 0.251562511 0.2140625 0.30390625 0.1734375 0.3671875
28 0.34296875 0.31796875 0.1625 0.359375
1 0.55703125 0.334375 0.128125 0.3546875
1 0.66875 0.3359375 0.1359375 0.35
6 0.7765625 0.34921875 0.134375 0.35
8 0.88828125 0.3484375 0.1359375 0.33125
63 0.475 0.70078125 0.2828125 0.2515625