35 0.21640625 0.3609375 0.153125 0.365625
42 0.3578125 0.37109375 0.14375 0.3734375
1 0.6078125 0.37265625 0.09375 0.371875
1 0.7109375 0.37578125 0.1140625 0.3625
6 0.82578125 0.3765625 0.121875 0.384375
63 0.484375 0.746875 0.2875 0.235937535 0.21640625 0.3609375 0.153125 0.365625
42 0.3578125 0.37109375 0.14375 0.3734375
1 0.6078125 0.37265625 0.09375 0.371875
1 0.7109375 0.37578125 0.1140625 0.3625
6 0.82578125 0.3765625 0.121875 0.384375
63 0.484375 0.746875 0.2875 0.235937535 0.21640625 0.3609375 0.153125 0.365625
42 0.3578125 0.37109375 0.14375 0.3734375
1 0.6078125 0.37265625 0.09375 0.371875
1 0.7109375 0.37578125 0.1140625 0.3625
6 0.82578125 0.3765625 0.121875 0.384375
63 0.484375 0.746875 0.2875 0.2359375