35 0.20703125 0.38046875 0.165625 0.3703125
42 0.34921875 0.38125 0.15625 0.378125
1 0.5984375 0.365625 0.10625 0.375
1 0.7015625 0.3609375 0.1265625 0.365625
6 0.81640625 0.3546875 0.134375 0.3875
63 0.50234375 0.746875 0.29375 0.245312535 0.20703125 0.38046875 0.165625 0.3703125
42 0.34921875 0.38125 0.15625 0.378125
1 0.5984375 0.365625 0.10625 0.375
1 0.7015625 0.3609375 0.1265625 0.365625
6 0.81640625 0.3546875 0.134375 0.3875
63 0.50234375 0.746875 0.29375 0.245312535 0.20703125 0.38046875 0.165625 0.3703125
42 0.34921875 0.38125 0.15625 0.378125
1 0.5984375 0.365625 0.10625 0.375
1 0.7015625 0.3609375 0.1265625 0.365625
6 0.81640625 0.3546875 0.134375 0.3875
63 0.50234375 0.746875 0.29375 0.2453125