10 0.1296875 0.4125 0.2375 0.446875
14 0.30078125 0.38828125 0.215625 0.434375
1 0.4859375 0.3609375 0.20625 0.446875
1 0.60859375 0.3453125 0.1859375 0.4609375
6 0.72890625 0.325 0.2046875 0.484375
6 0.8578125 0.30390625 0.2046875 0.45625
58 0.54609375 0.7390625 0.3578125 0.27812510 0.1296875 0.4125 0.2375 0.446875
14 0.30078125 0.38828125 0.215625 0.434375
1 0.4859375 0.3609375 0.20625 0.446875
1 0.60859375 0.3453125 0.1859375 0.4609375
6 0.72890625 0.325 0.2046875 0.484375
6 0.8578125 0.30390625 0.2046875 0.45625
58 0.54609375 0.7390625 0.3578125 0.27812510 0.1296875 0.4125 0.2375 0.446875
14 0.30078125 0.38828125 0.215625 0.434375
1 0.4859375 0.3609375 0.20625 0.446875
1 0.60859375 0.3453125 0.1859375 0.4609375
6 0.72890625 0.325 0.2046875 0.484375
6 0.8578125 0.30390625 0.2046875 0.45625
58 0.54609375 0.7390625 0.3578125 0.278125