11 0.19296875 0.340625 0.15625 0.3609375
28 0.321875 0.33828125 0.14375 0.353125
1 0.5359375 0.328125 0.109375 0.35
1 0.64765625 0.31640625 0.11875 0.3453125
6 0.75625 0.31640625 0.1171875 0.3453125
8 0.86640625 0.3015625 0.11875 0.3265625
63 0.5 0.70234375 0.271875 0.237511 0.19296875 0.340625 0.15625 0.3609375
28 0.321875 0.33828125 0.14375 0.353125
1 0.5359375 0.328125 0.109375 0.35
1 0.64765625 0.31640625 0.11875 0.3453125
6 0.75625 0.31640625 0.1171875 0.3453125
8 0.86640625 0.3015625 0.11875 0.3265625
63 0.5 0.70234375 0.271875 0.237511 0.19296875 0.340625 0.15625 0.3609375
28 0.321875 0.33828125 0.14375 0.353125
1 0.5359375 0.328125 0.109375 0.35
1 0.64765625 0.31640625 0.11875 0.3453125
6 0.75625 0.31640625 0.1171875 0.3453125
8 0.86640625 0.3015625 0.11875 0.3265625
63 0.5 0.70234375 0.271875 0.2375