11 0.17890625 0.2953125 0.16796875 0.3921875
42 0.31953125 0.29921875 0.13671875 0.37109375
1 0.53203125 0.30390625 0.109375 0.3921875
1 0.64375 0.296875 0.08515625 0.38359375
6 0.76484375 0.2984375 0.10625 0.378125
8 0.875 0.3015625 0.11328125 0.37890625
63 0.50546875 0.71171875 0.27578125 0.2695312511 0.17890625 0.2953125 0.16796875 0.3921875
42 0.31953125 0.29921875 0.13671875 0.37109375
1 0.53203125 0.30390625 0.109375 0.3921875
1 0.64375 0.296875 0.08515625 0.38359375
6 0.76484375 0.2984375 0.10625 0.378125
8 0.875 0.3015625 0.11328125 0.37890625
63 0.50546875 0.71171875 0.27578125 0.2695312511 0.17890625 0.2953125 0.16796875 0.3921875
42 0.31953125 0.29921875 0.13671875 0.37109375
1 0.53203125 0.30390625 0.109375 0.3921875
1 0.64375 0.296875 0.08515625 0.38359375
6 0.76484375 0.2984375 0.10625 0.378125
8 0.875 0.3015625 0.11328125 0.37890625
63 0.50546875 0.71171875 0.27578125 0.26953125