35 0.209375 0.37578125 0.159375 0.3671875
42 0.35078125 0.37890625 0.15 0.3765625
1 0.60078125 0.3671875 0.1 0.3734375
1 0.70390625 0.36484375 0.1203125 0.3640625
6 0.81875 0.36015625 0.128125 0.3859375
63 0.49765625 0.746875 0.290625 0.24062535 0.209375 0.37578125 0.159375 0.3671875
42 0.35078125 0.37890625 0.15 0.3765625
1 0.60078125 0.3671875 0.1 0.3734375
1 0.70390625 0.36484375 0.1203125 0.3640625
6 0.81875 0.36015625 0.128125 0.3859375
63 0.49765625 0.746875 0.290625 0.24062535 0.209375 0.37578125 0.159375 0.3671875
42 0.35078125 0.37890625 0.15 0.3765625
1 0.60078125 0.3671875 0.1 0.3734375
1 0.70390625 0.36484375 0.1203125 0.3640625
6 0.81875 0.36015625 0.128125 0.3859375
63 0.49765625 0.746875 0.290625 0.240625