10 0.14765625 0.35546875 0.1734375 0.425
14 0.3203125 0.35859375 0.15234375 0.41640625
1 0.5078125 0.36015625 0.140625 0.43046875
1 0.63125 0.3640625 0.11796875 0.44765625
6 0.753125 0.36328125 0.13359375 0.46875
6 0.884375 0.3625 0.1375 0.440625
58 0.5078125 0.74296875 0.325 0.2304687510 0.14765625 0.35546875 0.1734375 0.425
14 0.3203125 0.35859375 0.15234375 0.41640625
1 0.5078125 0.36015625 0.140625 0.43046875
1 0.63125 0.3640625 0.11796875 0.44765625
6 0.753125 0.36328125 0.13359375 0.46875
6 0.884375 0.3625 0.1375 0.440625
58 0.5078125 0.74296875 0.325 0.2304687510 0.14765625 0.35546875 0.1734375 0.425
14 0.3203125 0.35859375 0.15234375 0.41640625
1 0.5078125 0.36015625 0.140625 0.43046875
1 0.63125 0.3640625 0.11796875 0.44765625
6 0.753125 0.36328125 0.13359375 0.46875
6 0.884375 0.3625 0.1375 0.440625
58 0.5078125 0.74296875 0.325 0.23046875