35 0.2140625 0.365625 0.14609375 0.3625
42 0.35546875 0.3734375 0.13671875 0.371875
1 0.60546875 0.37109375 0.08671875 0.37109375
1 0.70859375 0.371875 0.1078125 0.3609375
6 0.8234375 0.37109375 0.11484375 0.38203125
63 0.4890625 0.746875 0.2828125 0.2304687535 0.2140625 0.365625 0.14609375 0.3625
42 0.35546875 0.3734375 0.13671875 0.371875
1 0.60546875 0.37109375 0.08671875 0.37109375
1 0.70859375 0.371875 0.1078125 0.3609375
6 0.8234375 0.37109375 0.11484375 0.38203125
63 0.4890625 0.746875 0.2828125 0.2304687535 0.2140625 0.365625 0.14609375 0.3625
42 0.35546875 0.3734375 0.13671875 0.371875
1 0.60546875 0.37109375 0.08671875 0.37109375
1 0.70859375 0.371875 0.1078125 0.3609375
6 0.8234375 0.37109375 0.11484375 0.38203125
63 0.4890625 0.746875 0.2828125 0.23046875