30 0.14375 0.43203125 0.1984375 0.4125
41 0.28515625 0.4265625 0.16875 0.403125
1 0.46953125 0.40703125 0.13125 0.4015625
1 0.5875 0.39296875 0.121875 0.4
7 0.70546875 0.38671875 0.15625 0.4046875
4 0.82265625 0.3734375 0.159375 0.425
54 0.5140625 0.78515625 0.6671875 0.22530 0.14375 0.43203125 0.1984375 0.4125
41 0.28515625 0.4265625 0.16875 0.403125
1 0.46953125 0.40703125 0.13125 0.4015625
1 0.5875 0.39296875 0.121875 0.4
7 0.70546875 0.38671875 0.15625 0.4046875
4 0.82265625 0.3734375 0.159375 0.425
54 0.5140625 0.78515625 0.6671875 0.22530 0.14375 0.43203125 0.1984375 0.4125
41 0.28515625 0.4265625 0.16875 0.403125
1 0.46953125 0.40703125 0.13125 0.4015625
1 0.5875 0.39296875 0.121875 0.4
7 0.70546875 0.38671875 0.15625 0.4046875
4 0.82265625 0.3734375 0.159375 0.425
54 0.5140625 0.78515625 0.6671875 0.225