48 0.20625 0.28671875 0.296875 0.5734375
1 0.48203125 0.353125 0.18125 0.540625
1 0.6171875 0.38828125 0.1796875 0.55
7 0.76015625 0.40546875 0.2625 0.5796875
8 0.89375 0.43671875 0.2125 0.5421875
54 0.44921875 0.809375 0.6703125 0.3312548 0.20625 0.28671875 0.296875 0.5734375
1 0.48203125 0.353125 0.18125 0.540625
1 0.6171875 0.38828125 0.1796875 0.55
7 0.76015625 0.40546875 0.2625 0.5796875
8 0.89375 0.43671875 0.2125 0.5421875
54 0.44921875 0.809375 0.6703125 0.3312548 0.20625 0.28671875 0.296875 0.5734375
1 0.48203125 0.353125 0.18125 0.540625
1 0.6171875 0.38828125 0.1796875 0.55
7 0.76015625 0.40546875 0.2625 0.5796875
8 0.89375 0.43671875 0.2125 0.5421875
54 0.44921875 0.809375 0.6703125 0.33125