48 0.17109375 0.325 0.2 0.5796875
1 0.45703125 0.35859375 0.090625 0.5328125
1 0.59609375 0.36953125 0.0875 0.54375
7 0.73984375 0.36171875 0.16875 0.559375
8 0.88984375 0.3671875 0.15 0.525
54 0.50390625 0.81328125 0.640625 0.22187548 0.17109375 0.325 0.2 0.5796875
1 0.45703125 0.35859375 0.090625 0.5328125
1 0.59609375 0.36953125 0.0875 0.54375
7 0.73984375 0.36171875 0.16875 0.559375
8 0.88984375 0.3671875 0.15 0.525
54 0.50390625 0.81328125 0.640625 0.22187548 0.17109375 0.325 0.2 0.5796875
1 0.45703125 0.35859375 0.090625 0.5328125
1 0.59609375 0.36953125 0.0875 0.54375
7 0.73984375 0.36171875 0.16875 0.559375
8 0.88984375 0.3671875 0.15 0.525
54 0.50390625 0.81328125 0.640625 0.221875