11 0.15546875 0.39296875 0.15234375 0.41640625
30 0.30078125 0.3875 0.14765625 0.38671875
1 0.4921875 0.38984375 0.10625 0.41015625
1 0.6171875 0.39453125 0.0921875 0.41015625
7 0.7234375 0.3953125 0.1234375 0.4078125
7 0.84765625 0.39453125 0.121875 0.41015625
80 0.50859375 0.75859375 0.50859375 0.1960937511 0.15546875 0.39296875 0.15234375 0.41640625
30 0.30078125 0.3875 0.14765625 0.38671875
1 0.4921875 0.38984375 0.10625 0.41015625
1 0.6171875 0.39453125 0.0921875 0.41015625
7 0.7234375 0.3953125 0.1234375 0.4078125
7 0.84765625 0.39453125 0.121875 0.41015625
80 0.50859375 0.75859375 0.50859375 0.1960937511 0.15546875 0.39296875 0.15234375 0.41640625
30 0.30078125 0.3875 0.14765625 0.38671875
1 0.4921875 0.38984375 0.10625 0.41015625
1 0.6171875 0.39453125 0.0921875 0.41015625
7 0.7234375 0.3953125 0.1234375 0.4078125
7 0.84765625 0.39453125 0.121875 0.41015625
80 0.50859375 0.75859375 0.50859375 0.19609375