11 0.15703125 0.38671875 0.159375 0.41875
30 0.303125 0.384375 0.1546875 0.3890625
1 0.49375 0.38984375 0.1140625 0.4125
1 0.61875 0.396875 0.1 0.4109375
7 0.725 0.39921875 0.13125 0.409375
7 0.84921875 0.40078125 0.1296875 0.4125
80 0.50390625 0.75859375 0.5125 0.204687511 0.15703125 0.38671875 0.159375 0.41875
30 0.303125 0.384375 0.1546875 0.3890625
1 0.49375 0.38984375 0.1140625 0.4125
1 0.61875 0.396875 0.1 0.4109375
7 0.725 0.39921875 0.13125 0.409375
7 0.84921875 0.40078125 0.1296875 0.4125
80 0.50390625 0.75859375 0.5125 0.204687511 0.15703125 0.38671875 0.159375 0.41875
30 0.303125 0.384375 0.1546875 0.3890625
1 0.49375 0.38984375 0.1140625 0.4125
1 0.61875 0.396875 0.1 0.4109375
7 0.725 0.39921875 0.13125 0.409375
7 0.84921875 0.40078125 0.1296875 0.4125
80 0.50390625 0.75859375 0.5125 0.2046875