30 0.14921875 0.4078125 0.171875 0.4015625
41 0.290625 0.41171875 0.1421875 0.39375
1 0.4765625 0.40546875 0.1046875 0.396875
1 0.5953125 0.39921875 0.0953125 0.3953125
7 0.71328125 0.4015625 0.128125 0.3984375
4 0.83125 0.396875 0.13125 0.41875
54 0.49375 0.78515625 0.6578125 0.179687530 0.14921875 0.4078125 0.171875 0.4015625
41 0.290625 0.41171875 0.1421875 0.39375
1 0.4765625 0.40546875 0.1046875 0.396875
1 0.5953125 0.39921875 0.0953125 0.3953125
7 0.71328125 0.4015625 0.128125 0.3984375
4 0.83125 0.396875 0.13125 0.41875
54 0.49375 0.78515625 0.6578125 0.179687530 0.14921875 0.4078125 0.171875 0.4015625
41 0.290625 0.41171875 0.1421875 0.39375
1 0.4765625 0.40546875 0.1046875 0.396875
1 0.5953125 0.39921875 0.0953125 0.3953125
7 0.71328125 0.4015625 0.128125 0.3984375
4 0.83125 0.396875 0.13125 0.41875
54 0.49375 0.78515625 0.6578125 0.1796875