48 0.1625 0.3421875 0.2296875 0.5890625
1 0.45 0.3609375 0.11875 0.5375
1 0.5890625 0.36484375 0.115625 0.546875
7 0.73203125 0.34921875 0.196875 0.5671875
8 0.88203125 0.346875 0.1765625 0.53125
54 0.5203125 0.8125 0.6515625 0.2562548 0.1625 0.3421875 0.2296875 0.5890625
1 0.45 0.3609375 0.11875 0.5375
1 0.5890625 0.36484375 0.115625 0.546875
7 0.73203125 0.34921875 0.196875 0.5671875
8 0.88203125 0.346875 0.1765625 0.53125
54 0.5203125 0.8125 0.6515625 0.2562548 0.1625 0.3421875 0.2296875 0.5890625
1 0.45 0.3609375 0.11875 0.5375
1 0.5890625 0.36484375 0.115625 0.546875
7 0.73203125 0.34921875 0.196875 0.5671875
8 0.88203125 0.346875 0.1765625 0.53125
54 0.5203125 0.8125 0.6515625 0.25625