48 0.17109375 0.325 0.2 0.5796875
1 0.45703125 0.35859375 0.090625 0.5328125
1 0.59609375 0.36953125 0.08671875 0.54296875
7 0.73984375 0.36171875 0.16796875 0.55859375
8 0.88984375 0.3671875 0.14921875 0.52421875
54 0.50390625 0.81328125 0.640625 0.2226562548 0.17109375 0.325 0.2 0.5796875
1 0.45703125 0.35859375 0.090625 0.5328125
1 0.59609375 0.36953125 0.08671875 0.54296875
7 0.73984375 0.36171875 0.16796875 0.55859375
8 0.88984375 0.3671875 0.14921875 0.52421875
54 0.50390625 0.81328125 0.640625 0.2226562548 0.17109375 0.325 0.2 0.5796875
1 0.45703125 0.35859375 0.090625 0.5328125
1 0.59609375 0.36953125 0.08671875 0.54296875
7 0.73984375 0.36171875 0.16796875 0.55859375
8 0.88984375 0.3671875 0.14921875 0.52421875
54 0.50390625 0.81328125 0.640625 0.22265625