34 0.23046875 0.38671875 0.1890625 0.46171875
1 0.465625 0.39375 0.096875 0.46328125
1 0.58359375 0.390625 0.09375 0.46328125
8 0.6984375 0.38515625 0.12890625 0.4828125
2 0.8234375 0.38828125 0.16015625 0.46171875
56 0.496875 0.7796875 0.35546875 0.21562534 0.23046875 0.38671875 0.1890625 0.46171875
1 0.465625 0.39375 0.096875 0.46328125
1 0.58359375 0.390625 0.09375 0.46328125
8 0.6984375 0.38515625 0.12890625 0.4828125
2 0.8234375 0.38828125 0.16015625 0.46171875
56 0.496875 0.7796875 0.35546875 0.21562534 0.23046875 0.38671875 0.1890625 0.46171875
1 0.465625 0.39375 0.096875 0.46328125
1 0.58359375 0.390625 0.09375 0.46328125
8 0.6984375 0.38515625 0.12890625 0.4828125
2 0.8234375 0.38828125 0.16015625 0.46171875
56 0.496875 0.7796875 0.35546875 0.215625