13 0.15546875 0.3921875 0.1875 0.4046875
15 0.2953125 0.38203125 0.15625 0.4109375
1 0.49140625 0.36875 0.1328125 0.425
1 0.6046875 0.34921875 0.13125 0.428125
8 0.73125 0.340625 0.1609375 0.421875
9 0.846875 0.33125 0.15 0.409375
54 0.53046875 0.77890625 0.6609375 0.23437513 0.15546875 0.3921875 0.1875 0.4046875
15 0.2953125 0.38203125 0.15625 0.4109375
1 0.49140625 0.36875 0.1328125 0.425
1 0.6046875 0.34921875 0.13125 0.428125
8 0.73125 0.340625 0.1609375 0.421875
9 0.846875 0.33125 0.15 0.409375
54 0.53046875 0.77890625 0.6609375 0.23437513 0.15546875 0.3921875 0.1875 0.4046875
15 0.2953125 0.38203125 0.15625 0.4109375
1 0.49140625 0.36875 0.1328125 0.425
1 0.6046875 0.34921875 0.13125 0.428125
8 0.73125 0.340625 0.1609375 0.421875
9 0.846875 0.33125 0.15 0.409375
54 0.53046875 0.77890625 0.6609375 0.234375