13 0.1765625 0.33984375 0.19375 0.40625
15 0.31640625 0.3515625 0.1625 0.4125
1 0.5125 0.36953125 0.140625 0.4265625
1 0.6265625 0.36796875 0.1390625 0.4296875
8 0.75390625 0.37890625 0.1671875 0.4234375
9 0.86875 0.3875 0.15625 0.4109375
54 0.48671875 0.78046875 0.6625 0.245312513 0.1765625 0.33984375 0.19375 0.40625
15 0.31640625 0.3515625 0.1625 0.4125
1 0.5125 0.36953125 0.140625 0.4265625
1 0.6265625 0.36796875 0.1390625 0.4296875
8 0.75390625 0.37890625 0.1671875 0.4234375
9 0.86875 0.3875 0.15625 0.4109375
54 0.48671875 0.78046875 0.6625 0.245312513 0.1765625 0.33984375 0.19375 0.40625
15 0.31640625 0.3515625 0.1625 0.4125
1 0.5125 0.36953125 0.140625 0.4265625
1 0.6265625 0.36796875 0.1390625 0.4296875
8 0.75390625 0.37890625 0.1671875 0.4234375
9 0.86875 0.3875 0.15625 0.4109375
54 0.48671875 0.78046875 0.6625 0.2453125