19 0.215625 0.37734375 0.2140625 0.3390625
39 0.3671875 0.3671875 0.2234375 0.3328125
1 0.6328125 0.35 0.1484375 0.334375
8 0.8609375 0.33671875 0.175 0.334375
1 0.7625 0.3390625 0.1328125 0.3421875
54 0.4890625 0.72109375 0.7421875 0.2562519 0.215625 0.37734375 0.2140625 0.3390625
39 0.3671875 0.3671875 0.2234375 0.3328125
1 0.6328125 0.35 0.1484375 0.334375
8 0.8609375 0.33671875 0.175 0.334375
1 0.7625 0.3390625 0.1328125 0.3421875
54 0.4890625 0.72109375 0.7421875 0.2562519 0.215625 0.37734375 0.2140625 0.3390625
39 0.3671875 0.3671875 0.2234375 0.3328125
1 0.6328125 0.35 0.1484375 0.334375
8 0.8609375 0.33671875 0.175 0.334375
1 0.7625 0.3390625 0.1328125 0.3421875
54 0.4890625 0.72109375 0.7421875 0.25625