34 0.221875 0.4109375 0.228125 0.4765625
1 0.45625 0.396875 0.1375 0.4703125
1 0.5734375 0.38359375 0.134375 0.4703125
8 0.6875 0.36796875 0.1703125 0.4921875
2 0.8125 0.36015625 0.2 0.4734375
56 0.52109375 0.77890625 0.3734375 0.245312534 0.221875 0.4109375 0.228125 0.4765625
1 0.45625 0.396875 0.1375 0.4703125
1 0.5734375 0.38359375 0.134375 0.4703125
8 0.6875 0.36796875 0.1703125 0.4921875
2 0.8125 0.36015625 0.2 0.4734375
56 0.52109375 0.77890625 0.3734375 0.245312534 0.221875 0.4109375 0.228125 0.4765625
1 0.45625 0.396875 0.1375 0.4703125
1 0.5734375 0.38359375 0.134375 0.4703125
8 0.6875 0.36796875 0.1703125 0.4921875
2 0.8125 0.36015625 0.2 0.4734375
56 0.52109375 0.77890625 0.3734375 0.2453125