19 0.225 0.3578125 0.19140625 0.3265625
39 0.3765625 0.35859375 0.2015625 0.31953125
1 0.64296875 0.359375 0.1265625 0.3265625
8 0.87109375 0.3625 0.15234375 0.32421875
1 0.7734375 0.3578125 0.109375 0.33515625
54 0.4734375 0.71953125 0.72890625 0.2062519 0.225 0.3578125 0.19140625 0.3265625
39 0.3765625 0.35859375 0.2015625 0.31953125
1 0.64296875 0.359375 0.1265625 0.3265625
8 0.87109375 0.3625 0.15234375 0.32421875
1 0.7734375 0.3578125 0.109375 0.33515625
54 0.4734375 0.71953125 0.72890625 0.2062519 0.225 0.3578125 0.19140625 0.3265625
39 0.3765625 0.35859375 0.2015625 0.31953125
1 0.64296875 0.359375 0.1265625 0.3265625
8 0.87109375 0.3625 0.15234375 0.32421875
1 0.7734375 0.3578125 0.109375 0.33515625
54 0.4734375 0.71953125 0.72890625 0.20625