13 0.20078125 0.37734375 0.14921875 0.3875
26 0.340625 0.378125 0.13671875 0.378125
1 0.52578125 0.3859375 0.11328125 0.4046875
1 0.64296875 0.38046875 0.10625 0.40078125
8 0.75 0.39375 0.10546875 0.3890625
4 0.85234375 0.38984375 0.1078125 0.38515625
54 0.50546875 0.790625 0.6734375 0.1835937513 0.20078125 0.37734375 0.14921875 0.3875
26 0.340625 0.378125 0.13671875 0.378125
1 0.52578125 0.3859375 0.11328125 0.4046875
1 0.64296875 0.38046875 0.10625 0.40078125
8 0.75 0.39375 0.10546875 0.3890625
4 0.85234375 0.38984375 0.1078125 0.38515625
54 0.50546875 0.790625 0.6734375 0.1835937513 0.20078125 0.37734375 0.14921875 0.3875
26 0.340625 0.378125 0.13671875 0.378125
1 0.52578125 0.3859375 0.11328125 0.4046875
1 0.64296875 0.38046875 0.10625 0.40078125
8 0.75 0.39375 0.10546875 0.3890625
4 0.85234375 0.38984375 0.1078125 0.38515625
54 0.50546875 0.790625 0.6734375 0.18359375