13 0.2234375 0.33203125 0.2078125 0.40625
26 0.36171875 0.3546875 0.19375 0.3953125
1 0.54296875 0.39140625 0.175 0.4171875
1 0.66015625 0.4046875 0.1671875 0.4125
8 0.76328125 0.434375 0.165625 0.4
4 0.865625 0.44609375 0.1671875 0.396875
54 0.46015625 0.78828125 0.69375 0.285937513 0.2234375 0.33203125 0.2078125 0.40625
26 0.36171875 0.3546875 0.19375 0.3953125
1 0.54296875 0.39140625 0.175 0.4171875
1 0.66015625 0.4046875 0.1671875 0.4125
8 0.76328125 0.434375 0.165625 0.4
4 0.865625 0.44609375 0.1671875 0.396875
54 0.46015625 0.78828125 0.69375 0.285937513 0.2234375 0.33203125 0.2078125 0.40625
26 0.36171875 0.3546875 0.19375 0.3953125
1 0.54296875 0.39140625 0.175 0.4171875
1 0.66015625 0.4046875 0.1671875 0.4125
8 0.76328125 0.434375 0.165625 0.4
4 0.865625 0.44609375 0.1671875 0.396875
54 0.46015625 0.78828125 0.69375 0.2859375