34 0.24609375 0.3546875 0.24375 0.48125
1 0.47890625 0.390625 0.153125 0.471875
1 0.59609375 0.4015625 0.15 0.471875
8 0.7109375 0.41015625 0.1875 0.4953125
2 0.834375 0.42890625 0.215625 0.478125
56 0.4625 0.77734375 0.3796875 0.257812534 0.24609375 0.3546875 0.24375 0.48125
1 0.47890625 0.390625 0.153125 0.471875
1 0.59609375 0.4015625 0.15 0.471875
8 0.7109375 0.41015625 0.1875 0.4953125
2 0.834375 0.42890625 0.215625 0.478125
56 0.4625 0.77734375 0.3796875 0.257812534 0.24609375 0.3546875 0.24375 0.48125
1 0.47890625 0.390625 0.153125 0.471875
1 0.59609375 0.4015625 0.15 0.471875
8 0.7109375 0.41015625 0.1875 0.4953125
2 0.834375 0.42890625 0.215625 0.478125
56 0.4625 0.77734375 0.3796875 0.2578125