13 0.19453125 0.39296875 0.16875 0.3953125
26 0.334375 0.38671875 0.15625 0.384375
1 0.51953125 0.384375 0.134375 0.409375
1 0.63671875 0.3734375 0.1265625 0.40625
8 0.74375 0.38046875 0.125 0.39375
4 0.84609375 0.371875 0.128125 0.390625
54 0.5203125 0.78984375 0.6828125 0.2187513 0.19453125 0.39296875 0.16875 0.3953125
26 0.334375 0.38671875 0.15625 0.384375
1 0.51953125 0.384375 0.134375 0.409375
1 0.63671875 0.3734375 0.1265625 0.40625
8 0.74375 0.38046875 0.125 0.39375
4 0.84609375 0.371875 0.128125 0.390625
54 0.5203125 0.78984375 0.6828125 0.2187513 0.19453125 0.39296875 0.16875 0.3953125
26 0.334375 0.38671875 0.15625 0.384375
1 0.51953125 0.384375 0.134375 0.409375
1 0.63671875 0.3734375 0.1265625 0.40625
8 0.74375 0.38046875 0.125 0.39375
4 0.84609375 0.371875 0.128125 0.390625
54 0.5203125 0.78984375 0.6828125 0.21875