19 0.20625 0.40234375 0.240625 0.353125
39 0.35625 0.3796875 0.2484375 0.346875
1 0.61953125 0.3390625 0.1765625 0.3421875
8 0.8453125 0.30625 0.2015625 0.34375
1 0.74765625 0.31640625 0.1609375 0.3484375
54 0.5078125 0.72109375 0.7515625 0.317187519 0.20625 0.40234375 0.240625 0.353125
39 0.35625 0.3796875 0.2484375 0.346875
1 0.61953125 0.3390625 0.1765625 0.3421875
8 0.8453125 0.30625 0.2015625 0.34375
1 0.74765625 0.31640625 0.1609375 0.3484375
54 0.5078125 0.72109375 0.7515625 0.317187519 0.20625 0.40234375 0.240625 0.353125
39 0.35625 0.3796875 0.2484375 0.346875
1 0.61953125 0.3390625 0.1765625 0.3421875
8 0.8453125 0.30625 0.2015625 0.34375
1 0.74765625 0.31640625 0.1609375 0.3484375
54 0.5078125 0.72109375 0.7515625 0.3171875