13 0.14921875 0.41640625 0.2140625 0.4125
15 0.2875 0.396875 0.1828125 0.4171875
1 0.4828125 0.36953125 0.1609375 0.4296875
1 0.59375 0.3421875 0.159375 0.43125
8 0.7203125 0.325 0.1875 0.428125
9 0.834375 0.30703125 0.1765625 0.415625
54 0.55 0.7765625 0.66875 0.27812513 0.14921875 0.41640625 0.2140625 0.4125
15 0.2875 0.396875 0.1828125 0.4171875
1 0.4828125 0.36953125 0.1609375 0.4296875
1 0.59375 0.3421875 0.159375 0.43125
8 0.7203125 0.325 0.1875 0.428125
9 0.834375 0.30703125 0.1765625 0.415625
54 0.55 0.7765625 0.66875 0.27812513 0.14921875 0.41640625 0.2140625 0.4125
15 0.2875 0.396875 0.1828125 0.4171875
1 0.4828125 0.36953125 0.1609375 0.4296875
1 0.59375 0.3421875 0.159375 0.43125
8 0.7203125 0.325 0.1875 0.428125
9 0.834375 0.30703125 0.1765625 0.415625
54 0.55 0.7765625 0.66875 0.278125