13 0.1640625 0.36875 0.16015625 0.39375
15 0.30390625 0.36796875 0.128125 0.403125
1 0.50078125 0.36875 0.10390625 0.41875
1 0.61484375 0.35703125 0.10234375 0.421875
8 0.7421875 0.35703125 0.13203125 0.41328125
9 0.8578125 0.35546875 0.121875 0.40234375
54 0.5109375 0.78046875 0.64921875 0.189062513 0.1640625 0.36875 0.16015625 0.39375
15 0.30390625 0.36796875 0.128125 0.403125
1 0.50078125 0.36875 0.10390625 0.41875
1 0.61484375 0.35703125 0.10234375 0.421875
8 0.7421875 0.35703125 0.13203125 0.41328125
9 0.8578125 0.35546875 0.121875 0.40234375
54 0.5109375 0.78046875 0.64921875 0.189062513 0.1640625 0.36875 0.16015625 0.39375
15 0.30390625 0.36796875 0.128125 0.403125
1 0.50078125 0.36875 0.10390625 0.41875
1 0.61484375 0.35703125 0.10234375 0.421875
8 0.7421875 0.35703125 0.13203125 0.41328125
9 0.8578125 0.35546875 0.121875 0.40234375
54 0.5109375 0.78046875 0.64921875 0.1890625