34 0.21640625 0.43046875 0.259375 0.4859375
1 0.44921875 0.40078125 0.16875 0.4734375
1 0.565625 0.37890625 0.165625 0.471875
8 0.678125 0.35546875 0.203125 0.496875
2 0.80234375 0.3390625 0.2296875 0.48125
56 0.540625 0.7765625 0.384375 0.2687534 0.21640625 0.43046875 0.259375 0.4859375
1 0.44921875 0.40078125 0.16875 0.4734375
1 0.565625 0.37890625 0.165625 0.471875
8 0.678125 0.35546875 0.203125 0.496875
2 0.80234375 0.3390625 0.2296875 0.48125
56 0.540625 0.7765625 0.384375 0.2687534 0.21640625 0.43046875 0.259375 0.4859375
1 0.44921875 0.40078125 0.16875 0.4734375
1 0.565625 0.37890625 0.165625 0.471875
8 0.678125 0.35546875 0.203125 0.496875
2 0.80234375 0.3390625 0.2296875 0.48125
56 0.540625 0.7765625 0.384375 0.26875