19 0.23828125 0.334375 0.21875 0.3421875
39 0.3890625 0.3484375 0.228125 0.3359375
1 0.6546875 0.37265625 0.1546875 0.3359375
8 0.88203125 0.3953125 0.1796875 0.3359375
1 0.78515625 0.38203125 0.1375 0.34375
54 0.4546875 0.71640625 0.74375 0.2687519 0.23828125 0.334375 0.21875 0.3421875
39 0.3890625 0.3484375 0.228125 0.3359375
1 0.6546875 0.37265625 0.1546875 0.3359375
8 0.88203125 0.3953125 0.1796875 0.3359375
1 0.78515625 0.38203125 0.1375 0.34375
54 0.4546875 0.71640625 0.74375 0.2687519 0.23828125 0.334375 0.21875 0.3421875
39 0.3890625 0.3484375 0.228125 0.3359375
1 0.6546875 0.37265625 0.1546875 0.3359375
8 0.88203125 0.3953125 0.1796875 0.3359375
1 0.78515625 0.38203125 0.1375 0.34375
54 0.4546875 0.71640625 0.74375 0.26875