17 0.1203125 0.38203125 0.2078125 0.4453125
38 0.26875 0.371875 0.215625 0.4375
1 0.49609375 0.35546875 0.1484375 0.44375
1 0.61953125 0.334375 0.1390625 0.4296875
9 0.74296875 0.32578125 0.1765625 0.43125
9 0.86953125 0.3078125 0.178125 0.4125
54 0.534375 0.76796875 0.703125 0.276562517 0.1203125 0.38203125 0.2078125 0.4453125
38 0.26875 0.371875 0.215625 0.4375
1 0.49609375 0.35546875 0.1484375 0.44375
1 0.61953125 0.334375 0.1390625 0.4296875
9 0.74296875 0.32578125 0.1765625 0.43125
9 0.86953125 0.3078125 0.178125 0.4125
54 0.534375 0.76796875 0.703125 0.276562517 0.1203125 0.38203125 0.2078125 0.4453125
38 0.26875 0.371875 0.215625 0.4375
1 0.49609375 0.35546875 0.1484375 0.44375
1 0.61953125 0.334375 0.1390625 0.4296875
9 0.74296875 0.32578125 0.1765625 0.43125
9 0.86953125 0.3078125 0.178125 0.4125
54 0.534375 0.76796875 0.703125 0.2765625