17 0.11796875 0.3890625 0.2140625 0.446875
38 0.26640625 0.37578125 0.221875 0.4390625
1 0.49296875 0.35546875 0.15625 0.4453125
1 0.61640625 0.33203125 0.1453125 0.4296875
9 0.73984375 0.321875 0.184375 0.4328125
9 0.86640625 0.3015625 0.184375 0.4140625
54 0.5390625 0.7671875 0.70625 0.289062517 0.11796875 0.3890625 0.2140625 0.446875
38 0.26640625 0.37578125 0.221875 0.4390625
1 0.49296875 0.35546875 0.15625 0.4453125
1 0.61640625 0.33203125 0.1453125 0.4296875
9 0.73984375 0.321875 0.184375 0.4328125
9 0.86640625 0.3015625 0.184375 0.4140625
54 0.5390625 0.7671875 0.70625 0.289062517 0.11796875 0.3890625 0.2140625 0.446875
38 0.26640625 0.37578125 0.221875 0.4390625
1 0.49296875 0.35546875 0.15625 0.4453125
1 0.61640625 0.33203125 0.1453125 0.4296875
9 0.73984375 0.321875 0.184375 0.4328125
9 0.86640625 0.3015625 0.184375 0.4140625
54 0.5390625 0.7671875 0.70625 0.2890625