17 0.153125 0.30546875 0.2078125 0.4453125
38 0.30078125 0.3265625 0.215625 0.4375
1 0.52578125 0.35703125 0.1484375 0.44375
1 0.65078125 0.3625 0.1390625 0.4296875
9 0.77421875 0.38046875 0.1765625 0.43125
9 0.9015625 0.3890625 0.178125 0.4125
54 0.478125 0.76953125 0.703125 0.276562517 0.153125 0.30546875 0.2078125 0.4453125
38 0.30078125 0.3265625 0.215625 0.4375
1 0.52578125 0.35703125 0.1484375 0.44375
1 0.65078125 0.3625 0.1390625 0.4296875
9 0.77421875 0.38046875 0.1765625 0.43125
9 0.9015625 0.3890625 0.178125 0.4125
54 0.478125 0.76953125 0.703125 0.276562517 0.153125 0.30546875 0.2078125 0.4453125
38 0.30078125 0.3265625 0.215625 0.4375
1 0.52578125 0.35703125 0.1484375 0.44375
1 0.65078125 0.3625 0.1390625 0.4296875
9 0.77421875 0.38046875 0.1765625 0.43125
9 0.9015625 0.3890625 0.178125 0.4125
54 0.478125 0.76953125 0.703125 0.2765625