17 0.134375 0.34296875 0.1625 0.43125
38 0.28359375 0.3484375 0.171875 0.421875
1 0.5109375 0.35546875 0.103125 0.4359375
1 0.6359375 0.34765625 0.0953125 0.421875
9 0.76015625 0.35234375 0.134375 0.4203125
9 0.8875 0.34765625 0.1375 0.4
54 0.50625 0.7703125 0.6859375 0.2062517 0.134375 0.34296875 0.1625 0.43125
38 0.28359375 0.3484375 0.171875 0.421875
1 0.5109375 0.35546875 0.103125 0.4359375
1 0.6359375 0.34765625 0.0953125 0.421875
9 0.76015625 0.35234375 0.134375 0.4203125
9 0.8875 0.34765625 0.1375 0.4
54 0.50625 0.7703125 0.6859375 0.2062517 0.134375 0.34296875 0.1625 0.43125
38 0.28359375 0.3484375 0.171875 0.421875
1 0.5109375 0.35546875 0.103125 0.4359375
1 0.6359375 0.34765625 0.0953125 0.421875
9 0.76015625 0.35234375 0.134375 0.4203125
9 0.8875 0.34765625 0.1375 0.4
54 0.50625 0.7703125 0.6859375 0.20625