48 0.1578125 0.37265625 0.2703125 0.590625
1 0.4375 0.36015625 0.153125 0.565625
2 0.58515625 0.35078125 0.2171875 0.5546875
0 0.72734375 0.3296875 0.2171875 0.55
6 0.86640625 0.31015625 0.203125 0.528125
54 0.54140625 0.81875 0.6625 0.33437548 0.1578125 0.37265625 0.2703125 0.590625
1 0.4375 0.36015625 0.153125 0.565625
2 0.58515625 0.35078125 0.2171875 0.5546875
0 0.72734375 0.3296875 0.2171875 0.55
6 0.86640625 0.31015625 0.203125 0.528125
54 0.54140625 0.81875 0.6625 0.33437548 0.1578125 0.37265625 0.2703125 0.590625
1 0.4375 0.36015625 0.153125 0.565625
2 0.58515625 0.35078125 0.2171875 0.5546875
0 0.72734375 0.3296875 0.2171875 0.55
6 0.86640625 0.31015625 0.203125 0.528125
54 0.54140625 0.81875 0.6625 0.334375