48 0.17265625 0.3375 0.2125 0.5734375
1 0.45234375 0.3546875 0.0953125 0.5609375
2 0.6 0.3609375 0.1625 0.5421875
0 0.74375 0.3546875 0.1609375 0.5375
6 0.884375 0.34921875 0.1515625 0.5171875
54 0.5078125 0.82109375 0.6390625 0.270312548 0.17265625 0.3375 0.2125 0.5734375
1 0.45234375 0.3546875 0.0953125 0.5609375
2 0.6 0.3609375 0.1625 0.5421875
0 0.74375 0.3546875 0.1609375 0.5375
6 0.884375 0.34921875 0.1515625 0.5171875
54 0.5078125 0.82109375 0.6390625 0.270312548 0.17265625 0.3375 0.2125 0.5734375
1 0.45234375 0.3546875 0.0953125 0.5609375
2 0.6 0.3609375 0.1625 0.5421875
0 0.74375 0.3546875 0.1609375 0.5375
6 0.884375 0.34921875 0.1515625 0.5171875
54 0.5078125 0.82109375 0.6390625 0.2703125