48 0.153125 0.38515625 0.2890625 0.59375
1 0.43203125 0.3625 0.171875 0.565625
2 0.5796875 0.3484375 0.2359375 0.5578125
0 0.72109375 0.321875 0.234375 0.553125
6 0.859375 0.29765625 0.2203125 0.5296875
54 0.55234375 0.81640625 0.6671875 0.354687548 0.153125 0.38515625 0.2890625 0.59375
1 0.43203125 0.3625 0.171875 0.565625
2 0.5796875 0.3484375 0.2359375 0.5578125
0 0.72109375 0.321875 0.234375 0.553125
6 0.859375 0.29765625 0.2203125 0.5296875
54 0.55234375 0.81640625 0.6671875 0.354687548 0.153125 0.38515625 0.2890625 0.59375
1 0.43203125 0.3625 0.171875 0.565625
2 0.5796875 0.3484375 0.2359375 0.5578125
0 0.72109375 0.321875 0.234375 0.553125
6 0.859375 0.29765625 0.2203125 0.5296875
54 0.55234375 0.81640625 0.6671875 0.3546875