35 0.1859375 0.40390625 0.159375 0.3546875
15 0.31796875 0.39765625 0.15625 0.3609375
1 0.5265625 0.375 0.1265625 0.3578125
2 0.64140625 0.36875 0.1609375 0.359375
1 0.753125 0.3640625 0.125 0.3578125
0 0.86875 0.35703125 0.1390625 0.371875
122 0.525 0.74609375 0.5765625 0.289062535 0.1859375 0.40390625 0.159375 0.3546875
15 0.31796875 0.39765625 0.15625 0.3609375
1 0.5265625 0.375 0.1265625 0.3578125
2 0.64140625 0.36875 0.1609375 0.359375
1 0.753125 0.3640625 0.125 0.3578125
0 0.86875 0.35703125 0.1390625 0.371875
122 0.525 0.74609375 0.5765625 0.289062535 0.1859375 0.40390625 0.159375 0.3546875
15 0.31796875 0.39765625 0.15625 0.3609375
1 0.5265625 0.375 0.1265625 0.3578125
2 0.64140625 0.36875 0.1609375 0.359375
1 0.753125 0.3640625 0.125 0.3578125
0 0.86875 0.35703125 0.1390625 0.371875
122 0.525 0.74609375 0.5765625 0.2890625