35 0.1984375 0.37109375 0.146875 0.3515625
15 0.3296875 0.37890625 0.14375 0.35625
1 0.5390625 0.37890625 0.1140625 0.3546875
2 0.65390625 0.384375 0.15 0.3546875
1 0.765625 0.39140625 0.1125 0.35625
0 0.88203125 0.39609375 0.1265625 0.36875
122 0.49921875 0.746875 0.56875 0.2687535 0.1984375 0.37109375 0.146875 0.3515625
15 0.3296875 0.37890625 0.14375 0.35625
1 0.5390625 0.37890625 0.1140625 0.3546875
2 0.65390625 0.384375 0.15 0.3546875
1 0.765625 0.39140625 0.1125 0.35625
0 0.88203125 0.39609375 0.1265625 0.36875
122 0.49921875 0.746875 0.56875 0.2687535 0.1984375 0.37109375 0.146875 0.3515625
15 0.3296875 0.37890625 0.14375 0.35625
1 0.5390625 0.37890625 0.1140625 0.3546875
2 0.65390625 0.384375 0.15 0.3546875
1 0.765625 0.39140625 0.1125 0.35625
0 0.88203125 0.39609375 0.1265625 0.36875
122 0.49921875 0.746875 0.56875 0.26875