10 0.15234375 0.36796875 0.16640625 0.4234375
33 0.29921875 0.365625 0.14921875 0.41875
1 0.51328125 0.365625 0.10390625 0.41640625
2 0.63984375 0.36484375 0.140625 0.40625
1 0.76953125 0.36015625 0.10546875 0.39921875
2 0.8890625 0.36328125 0.125 0.4078125
96 0.51953125 0.76015625 0.39921875 0.2726562510 0.15234375 0.36796875 0.16640625 0.4234375
33 0.29921875 0.365625 0.14921875 0.41875
1 0.51328125 0.365625 0.10390625 0.41640625
2 0.63984375 0.36484375 0.140625 0.40625
1 0.76953125 0.36015625 0.10546875 0.39921875
2 0.8890625 0.36328125 0.125 0.4078125
96 0.51953125 0.76015625 0.39921875 0.2726562510 0.15234375 0.36796875 0.16640625 0.4234375
33 0.29921875 0.365625 0.14921875 0.41875
1 0.51328125 0.365625 0.10390625 0.41640625
2 0.63984375 0.36484375 0.140625 0.40625
1 0.76953125 0.36015625 0.10546875 0.39921875
2 0.8890625 0.36328125 0.125 0.4078125
96 0.51953125 0.76015625 0.39921875 0.27265625