10 0.15703125 0.35625 0.18125 0.4296875
33 0.30390625 0.35859375 0.1640625 0.4234375
1 0.51796875 0.36640625 0.11875 0.4203125
2 0.64453125 0.36953125 0.1546875 0.4109375
1 0.77421875 0.36953125 0.11875 0.403125
2 0.89375 0.3765625 0.1390625 0.4125
96 0.51015625 0.7609375 0.4078125 0.285937510 0.15703125 0.35625 0.18125 0.4296875
33 0.30390625 0.35859375 0.1640625 0.4234375
1 0.51796875 0.36640625 0.11875 0.4203125
2 0.64453125 0.36953125 0.1546875 0.4109375
1 0.77421875 0.36953125 0.11875 0.403125
2 0.89375 0.3765625 0.1390625 0.4125
96 0.51015625 0.7609375 0.4078125 0.285937510 0.15703125 0.35625 0.18125 0.4296875
33 0.30390625 0.35859375 0.1640625 0.4234375
1 0.51796875 0.36640625 0.11875 0.4203125
2 0.64453125 0.36953125 0.1546875 0.4109375
1 0.77421875 0.36953125 0.11875 0.403125
2 0.89375 0.3765625 0.1390625 0.4125
96 0.51015625 0.7609375 0.4078125 0.2859375