10 0.2453125 0.3484375 0.15625 0.3375
32 0.38828125 0.35546875 0.1578125 0.3296875
1 0.5765625 0.36953125 0.1109375 0.34375
1 0.7921875 0.38046875 0.0984375 0.3234375
1 0.89375 0.38671875 0.11875 0.33125
2 0.6859375 0.3703125 0.134375 0.346875
98 0.5234375 0.68359375 0.2375 0.22510 0.2453125 0.3484375 0.15625 0.3375
32 0.38828125 0.35546875 0.1578125 0.3296875
1 0.5765625 0.36953125 0.1109375 0.34375
1 0.7921875 0.38046875 0.0984375 0.3234375
1 0.89375 0.38671875 0.11875 0.33125
2 0.6859375 0.3703125 0.134375 0.346875
98 0.5234375 0.68359375 0.2375 0.22510 0.2453125 0.3484375 0.15625 0.3375
32 0.38828125 0.35546875 0.1578125 0.3296875
1 0.5765625 0.36953125 0.1109375 0.34375
1 0.7921875 0.38046875 0.0984375 0.3234375
1 0.89375 0.38671875 0.11875 0.33125
2 0.6859375 0.3703125 0.134375 0.346875
98 0.5234375 0.68359375 0.2375 0.225