10 0.14765625 0.38046875 0.18125 0.4296875
33 0.29453125 0.37265625 0.1640625 0.4234375
1 0.50859375 0.365625 0.11875 0.4203125
2 0.63515625 0.36015625 0.1546875 0.4109375
1 0.76484375 0.35078125 0.11875 0.403125
2 0.884375 0.35 0.1390625 0.4125
96 0.52890625 0.759375 0.4078125 0.285937510 0.14765625 0.38046875 0.18125 0.4296875
33 0.29453125 0.37265625 0.1640625 0.4234375
1 0.50859375 0.365625 0.11875 0.4203125
2 0.63515625 0.36015625 0.1546875 0.4109375
1 0.76484375 0.35078125 0.11875 0.403125
2 0.884375 0.35 0.1390625 0.4125
96 0.52890625 0.759375 0.4078125 0.285937510 0.14765625 0.38046875 0.18125 0.4296875
33 0.29453125 0.37265625 0.1640625 0.4234375
1 0.50859375 0.365625 0.11875 0.4203125
2 0.63515625 0.36015625 0.1546875 0.4109375
1 0.76484375 0.35078125 0.11875 0.403125
2 0.884375 0.35 0.1390625 0.4125
96 0.52890625 0.759375 0.4078125 0.2859375