10 0.14609375 0.38671875 0.1890625 0.43125
33 0.2921875 0.3765625 0.1703125 0.4265625
1 0.50625 0.36484375 0.125 0.421875
2 0.6328125 0.3578125 0.1609375 0.4125
1 0.76171875 0.34609375 0.1265625 0.4046875
2 0.88125 0.34296875 0.146875 0.4140625
96 0.5328125 0.75859375 0.4125 0.2937510 0.14609375 0.38671875 0.1890625 0.43125
33 0.2921875 0.3765625 0.1703125 0.4265625
1 0.50625 0.36484375 0.125 0.421875
2 0.6328125 0.3578125 0.1609375 0.4125
1 0.76171875 0.34609375 0.1265625 0.4046875
2 0.88125 0.34296875 0.146875 0.4140625
96 0.5328125 0.75859375 0.4125 0.2937510 0.14609375 0.38671875 0.1890625 0.43125
33 0.2921875 0.3765625 0.1703125 0.4265625
1 0.50625 0.36484375 0.125 0.421875
2 0.6328125 0.3578125 0.1609375 0.4125
1 0.76171875 0.34609375 0.1265625 0.4046875
2 0.88125 0.34296875 0.146875 0.4140625
96 0.5328125 0.75859375 0.4125 0.29375