35 0.21328125 0.340625 0.1828125 0.3625
15 0.34375 0.36171875 0.1796875 0.3671875
1 0.5515625 0.38359375 0.15 0.3609375
2 0.665625 0.40078125 0.184375 0.3671875
1 0.77578125 0.41953125 0.1484375 0.3625
0 0.890625 0.43671875 0.1625 0.3765625
122 0.4734375 0.7453125 0.590625 0.32535 0.21328125 0.340625 0.1828125 0.3625
15 0.34375 0.36171875 0.1796875 0.3671875
1 0.5515625 0.38359375 0.15 0.3609375
2 0.665625 0.40078125 0.184375 0.3671875
1 0.77578125 0.41953125 0.1484375 0.3625
0 0.890625 0.43671875 0.1625 0.3765625
122 0.4734375 0.7453125 0.590625 0.32535 0.21328125 0.340625 0.1828125 0.3625
15 0.34375 0.36171875 0.1796875 0.3671875
1 0.5515625 0.38359375 0.15 0.3609375
2 0.665625 0.40078125 0.184375 0.3671875
1 0.77578125 0.41953125 0.1484375 0.3625
0 0.890625 0.43671875 0.1625 0.3765625
122 0.4734375 0.7453125 0.590625 0.325