35 0.19609375 0.3765625 0.140625 0.3484375
15 0.328125 0.38203125 0.1375 0.3546875
1 0.5375 0.378125 0.1078125 0.353125
2 0.65234375 0.38125 0.14375 0.353125
1 0.7640625 0.38671875 0.10625 0.3546875
0 0.88046875 0.3890625 0.1203125 0.3671875
122 0.503125 0.746875 0.565625 0.25937535 0.19609375 0.3765625 0.140625 0.3484375
15 0.328125 0.38203125 0.1375 0.3546875
1 0.5375 0.378125 0.1078125 0.353125
2 0.65234375 0.38125 0.14375 0.353125
1 0.7640625 0.38671875 0.10625 0.3546875
0 0.88046875 0.3890625 0.1203125 0.3671875
122 0.503125 0.746875 0.565625 0.25937535 0.19609375 0.3765625 0.140625 0.3484375
15 0.328125 0.38203125 0.1375 0.3546875
1 0.5375 0.378125 0.1078125 0.353125
2 0.65234375 0.38125 0.14375 0.353125
1 0.7640625 0.38671875 0.10625 0.3546875
0 0.88046875 0.3890625 0.1203125 0.3671875
122 0.503125 0.746875 0.565625 0.259375