10 0.25078125 0.3390625 0.1671875 0.3421875
32 0.39375 0.3515625 0.16875 0.334375
1 0.58125 0.371875 0.1234375 0.346875
1 0.79609375 0.390625 0.109375 0.325
1 0.89765625 0.40078125 0.1296875 0.334375
2 0.690625 0.37734375 0.1453125 0.35
98 0.5171875 0.684375 0.2453125 0.232812510 0.25078125 0.3390625 0.1671875 0.3421875
32 0.39375 0.3515625 0.16875 0.334375
1 0.58125 0.371875 0.1234375 0.346875
1 0.79609375 0.390625 0.109375 0.325
1 0.89765625 0.40078125 0.1296875 0.334375
2 0.690625 0.37734375 0.1453125 0.35
98 0.5171875 0.684375 0.2453125 0.232812510 0.25078125 0.3390625 0.1671875 0.3421875
32 0.39375 0.3515625 0.16875 0.334375
1 0.58125 0.371875 0.1234375 0.346875
1 0.79609375 0.390625 0.109375 0.325
1 0.89765625 0.40078125 0.1296875 0.334375
2 0.690625 0.37734375 0.1453125 0.35
98 0.5171875 0.684375 0.2453125 0.2328125