35 0.19375 0.38203125 0.13515625 0.346875
15 0.32578125 0.38515625 0.13203125 0.35234375
1 0.53515625 0.37734375 0.10234375 0.35078125
2 0.65 0.37890625 0.1375 0.35078125
1 0.76171875 0.38203125 0.10078125 0.35234375
0 0.878125 0.3828125 0.11328125 0.36484375
122 0.5078125 0.746875 0.5609375 0.2535 0.19375 0.38203125 0.13515625 0.346875
15 0.32578125 0.38515625 0.13203125 0.35234375
1 0.53515625 0.37734375 0.10234375 0.35078125
2 0.65 0.37890625 0.1375 0.35078125
1 0.76171875 0.38203125 0.10078125 0.35234375
0 0.878125 0.3828125 0.11328125 0.36484375
122 0.5078125 0.746875 0.5609375 0.2535 0.19375 0.38203125 0.13515625 0.346875
15 0.32578125 0.38515625 0.13203125 0.35234375
1 0.53515625 0.37734375 0.10234375 0.35078125
2 0.65 0.37890625 0.1375 0.35078125
1 0.76171875 0.38203125 0.10078125 0.35234375
0 0.878125 0.3828125 0.11328125 0.36484375
122 0.5078125 0.746875 0.5609375 0.25