10 0.25625 0.33046875 0.178125 0.3453125
32 0.39921875 0.3484375 0.178125 0.3375
1 0.58515625 0.375 0.134375 0.3484375
1 0.79921875 0.4015625 0.1203125 0.3265625
1 0.90078125 0.41484375 0.140625 0.3359375
2 0.69453125 0.38359375 0.1578125 0.3515625
98 0.51015625 0.684375 0.2515625 0.239062510 0.25625 0.33046875 0.178125 0.3453125
32 0.39921875 0.3484375 0.178125 0.3375
1 0.58515625 0.375 0.134375 0.3484375
1 0.79921875 0.4015625 0.1203125 0.3265625
1 0.90078125 0.41484375 0.140625 0.3359375
2 0.69453125 0.38359375 0.1578125 0.3515625
98 0.51015625 0.684375 0.2515625 0.239062510 0.25625 0.33046875 0.178125 0.3453125
32 0.39921875 0.3484375 0.178125 0.3375
1 0.58515625 0.375 0.134375 0.3484375
1 0.79921875 0.4015625 0.1203125 0.3265625
1 0.90078125 0.41484375 0.140625 0.3359375
2 0.69453125 0.38359375 0.1578125 0.3515625
98 0.51015625 0.684375 0.2515625 0.2390625