48 0.16484375 0.3546875 0.234375 0.59375
1 0.45546875 0.37265625 0.15 0.56875
2 0.58984375 0.359375 0.1890625 0.559375
2 0.73359375 0.34375 0.1890625 0.5390625
7 0.88125 0.340625 0.196875 0.546875
54 0.51953125 0.81484375 0.6609375 0.282812548 0.16484375 0.3546875 0.234375 0.59375
1 0.45546875 0.37265625 0.15 0.56875
2 0.58984375 0.359375 0.1890625 0.559375
2 0.73359375 0.34375 0.1890625 0.5390625
7 0.88125 0.340625 0.196875 0.546875
54 0.51953125 0.81484375 0.6609375 0.282812548 0.16484375 0.3546875 0.234375 0.59375
1 0.45546875 0.37265625 0.15 0.56875
2 0.58984375 0.359375 0.1890625 0.559375
2 0.73359375 0.34375 0.1890625 0.5390625
7 0.88125 0.340625 0.196875 0.546875
54 0.51953125 0.81484375 0.6609375 0.2828125