48 0.18828125 0.31015625 0.234375 0.59375
1 0.47421875 0.3671875 0.15 0.56875
2 0.60859375 0.37265625 0.1890625 0.559375
2 0.753125 0.37734375 0.1890625 0.5390625
7 0.9 0.3953125 0.196875 0.546875
54 0.47578125 0.81484375 0.6609375 0.282812548 0.18828125 0.31015625 0.234375 0.59375
1 0.47421875 0.3671875 0.15 0.56875
2 0.60859375 0.37265625 0.1890625 0.559375
2 0.753125 0.37734375 0.1890625 0.5390625
7 0.9 0.3953125 0.196875 0.546875
54 0.47578125 0.81484375 0.6609375 0.282812548 0.18828125 0.31015625 0.234375 0.59375
1 0.47421875 0.3671875 0.15 0.56875
2 0.60859375 0.37265625 0.1890625 0.559375
2 0.753125 0.37734375 0.1890625 0.5390625
7 0.9 0.3953125 0.196875 0.546875
54 0.47578125 0.81484375 0.6609375 0.2828125