48 0.17578125 0.33203125 0.19453125 0.58125
1 0.46484375 0.36953125 0.1109375 0.5625
2 0.59921875 0.365625 0.15078125 0.55
2 0.74375 0.36015625 0.15234375 0.5296875
7 0.89140625 0.36796875 0.16015625 0.53671875
54 0.49765625 0.815625 0.64609375 0.2382812548 0.17578125 0.33203125 0.19453125 0.58125
1 0.46484375 0.36953125 0.1109375 0.5625
2 0.59921875 0.365625 0.15078125 0.55
2 0.74375 0.36015625 0.15234375 0.5296875
7 0.89140625 0.36796875 0.16015625 0.53671875
54 0.49765625 0.815625 0.64609375 0.2382812548 0.17578125 0.33203125 0.19453125 0.58125
1 0.46484375 0.36953125 0.1109375 0.5625
2 0.59921875 0.365625 0.15078125 0.55
2 0.74375 0.36015625 0.15234375 0.5296875
7 0.89140625 0.36796875 0.16015625 0.53671875
54 0.49765625 0.815625 0.64609375 0.23828125