48 0.21015625 0.290625 0.2921875 0.58125
1 0.48828125 0.365625 0.20625 0.5734375
2 0.62109375 0.38515625 0.24375 0.5671875
2 0.7640625 0.4046875 0.2421875 0.5484375
7 0.89140625 0.4375 0.2171875 0.55625
54 0.44296875 0.81015625 0.678125 0.34687548 0.21015625 0.290625 0.2921875 0.58125
1 0.48828125 0.365625 0.20625 0.5734375
2 0.62109375 0.38515625 0.24375 0.5671875
2 0.7640625 0.4046875 0.2421875 0.5484375
7 0.89140625 0.4375 0.2171875 0.55625
54 0.44296875 0.81015625 0.678125 0.34687548 0.21015625 0.290625 0.2921875 0.58125
1 0.48828125 0.365625 0.20625 0.5734375
2 0.62109375 0.38515625 0.24375 0.5671875
2 0.7640625 0.4046875 0.2421875 0.5484375
7 0.89140625 0.4375 0.2171875 0.55625
54 0.44296875 0.81015625 0.678125 0.346875