48 0.1703125 0.34375 0.2140625 0.5875
1 0.46015625 0.37109375 0.13125 0.565625
2 0.59453125 0.3625 0.1703125 0.5546875
2 0.7390625 0.3515625 0.1703125 0.534375
7 0.88671875 0.3546875 0.178125 0.5421875
54 0.50859375 0.815625 0.6546875 0.260937548 0.1703125 0.34375 0.2140625 0.5875
1 0.46015625 0.37109375 0.13125 0.565625
2 0.59453125 0.3625 0.1703125 0.5546875
2 0.7390625 0.3515625 0.1703125 0.534375
7 0.88671875 0.3546875 0.178125 0.5421875
54 0.50859375 0.815625 0.6546875 0.260937548 0.1703125 0.34375 0.2140625 0.5875
1 0.46015625 0.37109375 0.13125 0.565625
2 0.59453125 0.3625 0.1703125 0.5546875
2 0.7390625 0.3515625 0.1703125 0.534375
7 0.88671875 0.3546875 0.178125 0.5421875
54 0.50859375 0.815625 0.6546875 0.2609375