33 0.1453125 0.4109375 0.175 0.41875
31 0.30390625 0.40546875 0.153125 0.4078125
1 0.49453125 0.42578125 0.11328125 0.453125
2 0.61953125 0.41796875 0.1390625 0.44765625
3 0.746875 0.41796875 0.128125 0.434375
7 0.86328125 0.42578125 0.13359375 0.43359375
98 0.496875 0.7859375 0.215625 0.1664062533 0.1453125 0.4109375 0.175 0.41875
31 0.30390625 0.40546875 0.153125 0.4078125
1 0.49453125 0.42578125 0.11328125 0.453125
2 0.61953125 0.41796875 0.1390625 0.44765625
3 0.746875 0.41796875 0.128125 0.434375
7 0.86328125 0.42578125 0.13359375 0.43359375
98 0.496875 0.7859375 0.215625 0.1664062533 0.1453125 0.4109375 0.175 0.41875
31 0.30390625 0.40546875 0.153125 0.4078125
1 0.49453125 0.42578125 0.11328125 0.453125
2 0.61953125 0.41796875 0.1390625 0.44765625
3 0.746875 0.41796875 0.128125 0.434375
7 0.86328125 0.42578125 0.13359375 0.43359375
98 0.496875 0.7859375 0.215625 0.16640625