10 0.19453125 0.478125 0.2203125 0.4078125
16 0.33515625 0.45390625 0.2046875 0.39375
1 0.54140625 0.40546875 0.1625 0.39375
2 0.646875 0.3765625 0.175 0.409375
3 0.76640625 0.3625 0.1828125 0.396875
71 0.56484375 0.8015625 0.3171875 0.24375
1 0.878125 0.33125 0.15 0.38437510 0.19453125 0.478125 0.2203125 0.4078125
16 0.33515625 0.45390625 0.2046875 0.39375
1 0.54140625 0.40546875 0.1625 0.39375
2 0.646875 0.3765625 0.175 0.409375
3 0.76640625 0.3625 0.1828125 0.396875
71 0.56484375 0.8015625 0.3171875 0.24375
1 0.878125 0.33125 0.15 0.38437510 0.19453125 0.478125 0.2203125 0.4078125
16 0.33515625 0.45390625 0.2046875 0.39375
1 0.54140625 0.40546875 0.1625 0.39375
2 0.646875 0.3765625 0.175 0.409375
3 0.76640625 0.3625 0.1828125 0.396875
71 0.56484375 0.8015625 0.3171875 0.24375
1 0.878125 0.33125 0.15 0.384375