10 0.2109375 0.4 0.1890625 0.3984375
16 0.35234375 0.4125 0.175 0.3859375
1 0.5640625 0.41953125 0.1296875 0.3890625
2 0.67421875 0.41875 0.1421875 0.4046875
3 0.79296875 0.4359375 0.1515625 0.390625
71 0.48515625 0.80859375 0.303125 0.221875
1 0.90859375 0.434375 0.11875 0.3812510 0.2109375 0.4 0.1890625 0.3984375
16 0.35234375 0.4125 0.175 0.3859375
1 0.5640625 0.41953125 0.1296875 0.3890625
2 0.67421875 0.41875 0.1421875 0.4046875
3 0.79296875 0.4359375 0.1515625 0.390625
71 0.48515625 0.80859375 0.303125 0.221875
1 0.90859375 0.434375 0.11875 0.3812510 0.2109375 0.4 0.1890625 0.3984375
16 0.35234375 0.4125 0.175 0.3859375
1 0.5640625 0.41953125 0.1296875 0.3890625
2 0.67421875 0.41875 0.1421875 0.4046875
3 0.79296875 0.4359375 0.1515625 0.390625
71 0.48515625 0.80859375 0.303125 0.221875
1 0.90859375 0.434375 0.11875 0.38125