10 0.2 0.44140625 0.1765625 0.39375
16 0.34140625 0.43359375 0.1609375 0.38125
1 0.55234375 0.4109375 0.1171875 0.3859375
2 0.6609375 0.3953125 0.128125 0.4015625
3 0.78125 0.39609375 0.1375 0.3875
71 0.528125 0.8078125 0.296875 0.2125
1 0.89609375 0.378125 0.10625 0.379687510 0.2 0.44140625 0.1765625 0.39375
16 0.34140625 0.43359375 0.1609375 0.38125
1 0.55234375 0.4109375 0.1171875 0.3859375
2 0.6609375 0.3953125 0.128125 0.4015625
3 0.78125 0.39609375 0.1375 0.3875
71 0.528125 0.8078125 0.296875 0.2125
1 0.89609375 0.378125 0.10625 0.379687510 0.2 0.44140625 0.1765625 0.39375
16 0.34140625 0.43359375 0.1609375 0.38125
1 0.55234375 0.4109375 0.1171875 0.3859375
2 0.6609375 0.3953125 0.128125 0.4015625
3 0.78125 0.39609375 0.1375 0.3875
71 0.528125 0.8078125 0.296875 0.2125
1 0.89609375 0.378125 0.10625 0.3796875