33 0.14375 0.4171875 0.1828125 0.421875
31 0.30234375 0.40859375 0.1609375 0.4109375
1 0.49296875 0.42578125 0.121875 0.4546875
2 0.61796875 0.415625 0.146875 0.45
3 0.7453125 0.4140625 0.1359375 0.4359375
7 0.86171875 0.41953125 0.140625 0.4359375
98 0.5015625 0.7859375 0.21875 0.170312533 0.14375 0.4171875 0.1828125 0.421875
31 0.30234375 0.40859375 0.1609375 0.4109375
1 0.49296875 0.42578125 0.121875 0.4546875
2 0.61796875 0.415625 0.146875 0.45
3 0.7453125 0.4140625 0.1359375 0.4359375
7 0.86171875 0.41953125 0.140625 0.4359375
98 0.5015625 0.7859375 0.21875 0.170312533 0.14375 0.4171875 0.1828125 0.421875
31 0.30234375 0.40859375 0.1609375 0.4109375
1 0.49296875 0.42578125 0.121875 0.4546875
2 0.61796875 0.415625 0.146875 0.45
3 0.7453125 0.4140625 0.1359375 0.4359375
7 0.86171875 0.41953125 0.140625 0.4359375
98 0.5015625 0.7859375 0.21875 0.1703125