11 0.15234375 0.3421875 0.1734375 0.43203125
41 0.30859375 0.34140625 0.1578125 0.40234375
1 0.48515625 0.340625 0.140625 0.41171875
2 0.61484375 0.34453125 0.13359375 0.41640625
3 0.75390625 0.3484375 0.14453125 0.44140625
4 0.88046875 0.340625 0.13671875 0.42890625
63 0.48984375 0.7578125 0.2984375 0.23437511 0.15234375 0.3421875 0.1734375 0.43203125
41 0.30859375 0.34140625 0.1578125 0.40234375
1 0.48515625 0.340625 0.140625 0.41171875
2 0.61484375 0.34453125 0.13359375 0.41640625
3 0.75390625 0.3484375 0.14453125 0.44140625
4 0.88046875 0.340625 0.13671875 0.42890625
63 0.48984375 0.7578125 0.2984375 0.23437511 0.15234375 0.3421875 0.1734375 0.43203125
41 0.30859375 0.34140625 0.1578125 0.40234375
1 0.48515625 0.340625 0.140625 0.41171875
2 0.61484375 0.34453125 0.13359375 0.41640625
3 0.75390625 0.3484375 0.14453125 0.44140625
4 0.88046875 0.340625 0.13671875 0.42890625
63 0.48984375 0.7578125 0.2984375 0.234375