11 0.17734375 0.2953125 0.23125 0.4515625
41 0.3328125 0.31640625 0.2125 0.4203125
1 0.5078125 0.33984375 0.196875 0.4265625
2 0.63515625 0.36171875 0.190625 0.43125
3 0.77265625 0.38515625 0.2046875 0.4578125
4 0.89921875 0.3953125 0.1953125 0.44375
63 0.45390625 0.75390625 0.328125 0.273437511 0.17734375 0.2953125 0.23125 0.4515625
41 0.3328125 0.31640625 0.2125 0.4203125
1 0.5078125 0.33984375 0.196875 0.4265625
2 0.63515625 0.36171875 0.190625 0.43125
3 0.77265625 0.38515625 0.2046875 0.4578125
4 0.89921875 0.3953125 0.1953125 0.44375
63 0.45390625 0.75390625 0.328125 0.273437511 0.17734375 0.2953125 0.23125 0.4515625
41 0.3328125 0.31640625 0.2125 0.4203125
1 0.5078125 0.33984375 0.196875 0.4265625
2 0.63515625 0.36171875 0.190625 0.43125
3 0.77265625 0.38515625 0.2046875 0.4578125
4 0.89921875 0.3953125 0.1953125 0.44375
63 0.45390625 0.75390625 0.328125 0.2734375