33 0.16328125 0.35625 0.2390625 0.440625
31 0.32109375 0.37578125 0.215625 0.4265625
1 0.50625 0.42578125 0.1828125 0.465625
2 0.63125 0.4375 0.2078125 0.4640625
3 0.75703125 0.4578125 0.19375 0.4484375
7 0.8703125 0.48359375 0.2 0.4484375
98 0.45234375 0.78203125 0.2390625 0.198437533 0.16328125 0.35625 0.2390625 0.440625
31 0.32109375 0.37578125 0.215625 0.4265625
1 0.50625 0.42578125 0.1828125 0.465625
2 0.63125 0.4375 0.2078125 0.4640625
3 0.75703125 0.4578125 0.19375 0.4484375
7 0.8703125 0.48359375 0.2 0.4484375
98 0.45234375 0.78203125 0.2390625 0.198437533 0.16328125 0.35625 0.2390625 0.440625
31 0.32109375 0.37578125 0.215625 0.4265625
1 0.50625 0.42578125 0.1828125 0.465625
2 0.63125 0.4375 0.2078125 0.4640625
3 0.75703125 0.4578125 0.19375 0.4484375
7 0.8703125 0.48359375 0.2 0.4484375
98 0.45234375 0.78203125 0.2390625 0.1984375