33 0.1390625 0.4421875 0.2109375 0.4328125
31 0.29609375 0.42265625 0.1875 0.4203125
1 0.48828125 0.4265625 0.1515625 0.4609375
2 0.61171875 0.4078125 0.178125 0.4578125
3 0.7390625 0.396875 0.165625 0.44375
7 0.85546875 0.39453125 0.1703125 0.44375
98 0.521875 0.78515625 0.2296875 0.18437533 0.1390625 0.4421875 0.2109375 0.4328125
31 0.29609375 0.42265625 0.1875 0.4203125
1 0.48828125 0.4265625 0.1515625 0.4609375
2 0.61171875 0.4078125 0.178125 0.4578125
3 0.7390625 0.396875 0.165625 0.44375
7 0.85546875 0.39453125 0.1703125 0.44375
98 0.521875 0.78515625 0.2296875 0.18437533 0.1390625 0.4421875 0.2109375 0.4328125
31 0.29609375 0.42265625 0.1875 0.4203125
1 0.48828125 0.4265625 0.1515625 0.4609375
2 0.61171875 0.4078125 0.178125 0.4578125
3 0.7390625 0.396875 0.165625 0.44375
7 0.85546875 0.39453125 0.1703125 0.44375
98 0.521875 0.78515625 0.2296875 0.184375