35 0.19921875 0.38828125 0.1421875 0.33359375
42 0.3359375 0.4 0.11796875 0.33671875
1 0.52734375 0.4046875 0.09375 0.32109375
2 0.6296875 0.41015625 0.12890625 0.3265625
3 0.73671875 0.41015625 0.10625 0.31796875
8 0.83984375 0.41328125 0.10234375 0.32421875
63 0.47265625 0.74453125 0.25703125 0.1960937535 0.19921875 0.38828125 0.1421875 0.33359375
42 0.3359375 0.4 0.11796875 0.33671875
1 0.52734375 0.4046875 0.09375 0.32109375
2 0.6296875 0.41015625 0.12890625 0.3265625
3 0.73671875 0.41015625 0.10625 0.31796875
8 0.83984375 0.41328125 0.10234375 0.32421875
63 0.47265625 0.74453125 0.25703125 0.1960937535 0.19921875 0.38828125 0.1421875 0.33359375
42 0.3359375 0.4 0.11796875 0.33671875
1 0.52734375 0.4046875 0.09375 0.32109375
2 0.6296875 0.41015625 0.12890625 0.3265625
3 0.73671875 0.41015625 0.10625 0.31796875
8 0.83984375 0.41328125 0.10234375 0.32421875
63 0.47265625 0.74453125 0.25703125 0.19609375