11 0.13203125 0.3984375 0.2390625 0.453125
41 0.2859375 0.3734375 0.21875 0.421875
1 0.46015625 0.34453125 0.203125 0.428125
2 0.5890625 0.328125 0.196875 0.4328125
3 0.72734375 0.3109375 0.2125 0.4578125
4 0.85078125 0.2828125 0.2015625 0.4453125
63 0.53046875 0.75625 0.33125 0.27812511 0.13203125 0.3984375 0.2390625 0.453125
41 0.2859375 0.3734375 0.21875 0.421875
1 0.46015625 0.34453125 0.203125 0.428125
2 0.5890625 0.328125 0.196875 0.4328125
3 0.72734375 0.3109375 0.2125 0.4578125
4 0.85078125 0.2828125 0.2015625 0.4453125
63 0.53046875 0.75625 0.33125 0.27812511 0.13203125 0.3984375 0.2390625 0.453125
41 0.2859375 0.3734375 0.21875 0.421875
1 0.46015625 0.34453125 0.203125 0.428125
2 0.5890625 0.328125 0.196875 0.4328125
3 0.72734375 0.3109375 0.2125 0.4578125
4 0.85078125 0.2828125 0.2015625 0.4453125
63 0.53046875 0.75625 0.33125 0.278125