11 0.18125 0.28984375 0.2390625 0.453125
41 0.3359375 0.31328125 0.21875 0.421875
1 0.51015625 0.340625 0.203125 0.428125
2 0.6375 0.3640625 0.196875 0.4328125
3 0.77421875 0.38984375 0.2125 0.4578125
4 0.9 0.40234375 0.2 0.4453125
63 0.45 0.753125 0.33125 0.27812511 0.18125 0.28984375 0.2390625 0.453125
41 0.3359375 0.31328125 0.21875 0.421875
1 0.51015625 0.340625 0.203125 0.428125
2 0.6375 0.3640625 0.196875 0.4328125
3 0.77421875 0.38984375 0.2125 0.4578125
4 0.9 0.40234375 0.2 0.4453125
63 0.45 0.753125 0.33125 0.27812511 0.18125 0.28984375 0.2390625 0.453125
41 0.3359375 0.31328125 0.21875 0.421875
1 0.51015625 0.340625 0.203125 0.428125
2 0.6375 0.3640625 0.196875 0.4328125
3 0.77421875 0.38984375 0.2125 0.4578125
4 0.9 0.40234375 0.2 0.4453125
63 0.45 0.753125 0.33125 0.278125