11 0.1609375 0.32421875 0.1953125 0.440625
41 0.3171875 0.33125 0.178125 0.409375
1 0.49375 0.33984375 0.1625 0.41875
2 0.62265625 0.35078125 0.1546875 0.4234375
3 0.76171875 0.36171875 0.1671875 0.4484375
4 0.88828125 0.3609375 0.159375 0.4359375
63 0.4765625 0.75703125 0.3109375 0.2511 0.1609375 0.32421875 0.1953125 0.440625
41 0.3171875 0.33125 0.178125 0.409375
1 0.49375 0.33984375 0.1625 0.41875
2 0.62265625 0.35078125 0.1546875 0.4234375
3 0.76171875 0.36171875 0.1671875 0.4484375
4 0.88828125 0.3609375 0.159375 0.4359375
63 0.4765625 0.75703125 0.3109375 0.2511 0.1609375 0.32421875 0.1953125 0.440625
41 0.3171875 0.33125 0.178125 0.409375
1 0.49375 0.33984375 0.1625 0.41875
2 0.62265625 0.35078125 0.1546875 0.4234375
3 0.76171875 0.36171875 0.1671875 0.4484375
4 0.88828125 0.3609375 0.159375 0.4359375
63 0.4765625 0.75703125 0.3109375 0.25