35 0.21015625 0.3625 0.1703125 0.3453125
42 0.3453125 0.3859375 0.146875 0.3453125
1 0.53515625 0.4078125 0.121875 0.328125
2 0.63671875 0.421875 0.15625 0.3359375
3 0.74375 0.43125 0.1328125 0.3265625
8 0.84609375 0.44296875 0.1296875 0.33125
63 0.4515625 0.74140625 0.2734375 0.217187535 0.21015625 0.3625 0.1703125 0.3453125
42 0.3453125 0.3859375 0.146875 0.3453125
1 0.53515625 0.4078125 0.121875 0.328125
2 0.63671875 0.421875 0.15625 0.3359375
3 0.74375 0.43125 0.1328125 0.3265625
8 0.84609375 0.44296875 0.1296875 0.33125
63 0.4515625 0.74140625 0.2734375 0.217187535 0.21015625 0.3625 0.1703125 0.3453125
42 0.3453125 0.3859375 0.146875 0.3453125
1 0.53515625 0.4078125 0.121875 0.328125
2 0.63671875 0.421875 0.15625 0.3359375
3 0.74375 0.43125 0.1328125 0.3265625
8 0.84609375 0.44296875 0.1296875 0.33125
63 0.4515625 0.74140625 0.2734375 0.2171875