10 0.19765625 0.4515625 0.1890625 0.3984375
16 0.3390625 0.43984375 0.175 0.3859375
1 0.54921875 0.409375 0.1296875 0.3890625
2 0.65703125 0.38984375 0.1421875 0.4046875
3 0.77734375 0.38671875 0.1515625 0.390625
71 0.53828125 0.80625 0.303125 0.221875
1 0.89140625 0.36484375 0.11875 0.3812510 0.19765625 0.4515625 0.1890625 0.3984375
16 0.3390625 0.43984375 0.175 0.3859375
1 0.54921875 0.409375 0.1296875 0.3890625
2 0.65703125 0.38984375 0.1421875 0.4046875
3 0.77734375 0.38671875 0.1515625 0.390625
71 0.53828125 0.80625 0.303125 0.221875
1 0.89140625 0.36484375 0.11875 0.3812510 0.19765625 0.4515625 0.1890625 0.3984375
16 0.3390625 0.43984375 0.175 0.3859375
1 0.54921875 0.409375 0.1296875 0.3890625
2 0.65703125 0.38984375 0.1421875 0.4046875
3 0.77734375 0.38671875 0.1515625 0.390625
71 0.53828125 0.80625 0.303125 0.221875
1 0.89140625 0.36484375 0.11875 0.38125