10 0.203125 0.42578125 0.15625 0.38671875
16 0.3453125 0.42578125 0.1421875 0.375
1 0.55703125 0.4140625 0.096875 0.38203125
2 0.66640625 0.40390625 0.1078125 0.39609375
3 0.7859375 0.4109375 0.11796875 0.38203125
71 0.51171875 0.80859375 0.28671875 0.19765625
1 0.9015625 0.39921875 0.08671875 0.37510 0.203125 0.42578125 0.15625 0.38671875
16 0.3453125 0.42578125 0.1421875 0.375
1 0.55703125 0.4140625 0.096875 0.38203125
2 0.66640625 0.40390625 0.1078125 0.39609375
3 0.7859375 0.4109375 0.11796875 0.38203125
71 0.51171875 0.80859375 0.28671875 0.19765625
1 0.9015625 0.39921875 0.08671875 0.37510 0.203125 0.42578125 0.15625 0.38671875
16 0.3453125 0.42578125 0.1421875 0.375
1 0.55703125 0.4140625 0.096875 0.38203125
2 0.66640625 0.40390625 0.1078125 0.39609375
3 0.7859375 0.4109375 0.11796875 0.38203125
71 0.51171875 0.80859375 0.28671875 0.19765625
1 0.9015625 0.39921875 0.08671875 0.375