39 0.171875 0.46640625 0.234375 0.334375
17 0.3 0.43984375 0.2328125 0.34375
1 0.4734375 0.415625 0.1890625 0.3296875
2 0.58125 0.39453125 0.159375 0.315625
4 0.70546875 0.37421875 0.159375 0.31875
1 0.79453125 0.36484375 0.153125 0.321875
54 0.56796875 0.72421875 0.671875 0.30312539 0.171875 0.46640625 0.234375 0.334375
17 0.3 0.43984375 0.2328125 0.34375
1 0.4734375 0.415625 0.1890625 0.3296875
2 0.58125 0.39453125 0.159375 0.315625
4 0.70546875 0.37421875 0.159375 0.31875
1 0.79453125 0.36484375 0.153125 0.321875
54 0.56796875 0.72421875 0.671875 0.30312539 0.171875 0.46640625 0.234375 0.334375
17 0.3 0.43984375 0.2328125 0.34375
1 0.4734375 0.415625 0.1890625 0.3296875
2 0.58125 0.39453125 0.159375 0.315625
4 0.70546875 0.37421875 0.159375 0.31875
1 0.79453125 0.36484375 0.153125 0.321875
54 0.56796875 0.72421875 0.671875 0.303125