14 0.19140625 0.41015625 0.203125 0.3921875
33 0.33125 0.384375 0.209375 0.378125
1 0.53203125 0.35625 0.1546875 0.3703125
2 0.6421875 0.334375 0.178125 0.3828125
4 0.74765625 0.3125 0.1671875 0.36875
9 0.8625 0.29296875 0.1703125 0.3625
63 0.54140625 0.71875 0.3234375 0.28437514 0.19140625 0.41015625 0.203125 0.3921875
33 0.33125 0.384375 0.209375 0.378125
1 0.53203125 0.35625 0.1546875 0.3703125
2 0.6421875 0.334375 0.178125 0.3828125
4 0.74765625 0.3125 0.1671875 0.36875
9 0.8625 0.29296875 0.1703125 0.3625
63 0.54140625 0.71875 0.3234375 0.28437514 0.19140625 0.41015625 0.203125 0.3921875
33 0.33125 0.384375 0.209375 0.378125
1 0.53203125 0.35625 0.1546875 0.3703125
2 0.6421875 0.334375 0.178125 0.3828125
4 0.74765625 0.3125 0.1671875 0.36875
9 0.8625 0.29296875 0.1703125 0.3625
63 0.54140625 0.71875 0.3234375 0.284375