14 0.209375 0.36328125 0.14609375 0.3734375
33 0.3515625 0.359375 0.1546875 0.3578125
1 0.55390625 0.36328125 0.09921875 0.359375
2 0.66640625 0.35859375 0.121875 0.36796875
4 0.77421875 0.35390625 0.11328125 0.35546875
9 0.890625 0.35234375 0.11640625 0.34921875
63 0.50703125 0.72265625 0.28984375 0.2414062514 0.209375 0.36328125 0.14609375 0.3734375
33 0.3515625 0.359375 0.1546875 0.3578125
1 0.55390625 0.36328125 0.09921875 0.359375
2 0.66640625 0.35859375 0.121875 0.36796875
4 0.77421875 0.35390625 0.11328125 0.35546875
9 0.890625 0.35234375 0.11640625 0.34921875
63 0.50703125 0.72265625 0.28984375 0.2414062514 0.209375 0.36328125 0.14609375 0.3734375
33 0.3515625 0.359375 0.1546875 0.3578125
1 0.55390625 0.36328125 0.09921875 0.359375
2 0.66640625 0.35859375 0.121875 0.36796875
4 0.77421875 0.35390625 0.11328125 0.35546875
9 0.890625 0.35234375 0.11640625 0.34921875
63 0.50703125 0.72265625 0.28984375 0.24140625