14 0.23125 0.32421875 0.196875 0.390625
33 0.37265625 0.33984375 0.203125 0.3765625
1 0.57265625 0.371875 0.1484375 0.3703125
2 0.684375 0.3828125 0.171875 0.38125
4 0.7921875 0.39375 0.1609375 0.3671875
9 0.90703125 0.4078125 0.1640625 0.3625
63 0.47578125 0.72109375 0.3203125 0.279687514 0.23125 0.32421875 0.196875 0.390625
33 0.37265625 0.33984375 0.203125 0.3765625
1 0.57265625 0.371875 0.1484375 0.3703125
2 0.684375 0.3828125 0.171875 0.38125
4 0.7921875 0.39375 0.1609375 0.3671875
9 0.90703125 0.4078125 0.1640625 0.3625
63 0.47578125 0.72109375 0.3203125 0.279687514 0.23125 0.32421875 0.196875 0.390625
33 0.37265625 0.33984375 0.203125 0.3765625
1 0.57265625 0.371875 0.1484375 0.3703125
2 0.684375 0.3828125 0.171875 0.38125
4 0.7921875 0.39375 0.1609375 0.3671875
9 0.90703125 0.4078125 0.1640625 0.3625
63 0.47578125 0.72109375 0.3203125 0.2796875