43 0.19375 0.44140625 0.1859375 0.384375
38 0.34453125 0.4390625 0.184375 0.4109375
1 0.52578125 0.4296875 0.15 0.3984375
2 0.6390625 0.41328125 0.1515625 0.384375
4 0.7546875 0.40703125 0.128125 0.403125
5 0.8671875 0.3828125 0.146875 0.3984375
54 0.56796875 0.79375 0.6296875 0.19062543 0.19375 0.44140625 0.1859375 0.384375
38 0.34453125 0.4390625 0.184375 0.4109375
1 0.52578125 0.4296875 0.15 0.3984375
2 0.6390625 0.41328125 0.1515625 0.384375
4 0.7546875 0.40703125 0.128125 0.403125
5 0.8671875 0.3828125 0.146875 0.3984375
54 0.56796875 0.79375 0.6296875 0.19062543 0.19375 0.44140625 0.1859375 0.384375
38 0.34453125 0.4390625 0.184375 0.4109375
1 0.52578125 0.4296875 0.15 0.3984375
2 0.6390625 0.41328125 0.1515625 0.384375
4 0.7546875 0.40703125 0.128125 0.403125
5 0.8671875 0.3828125 0.146875 0.3984375
54 0.56796875 0.79375 0.6296875 0.190625