43 0.2046875 0.39921875 0.2125 0.39375
38 0.3546875 0.41796875 0.2109375 0.4203125
1 0.53515625 0.43359375 0.1765625 0.40625
2 0.65 0.43359375 0.178125 0.3921875
4 0.76484375 0.44296875 0.15625 0.409375
5 0.8796875 0.434375 0.1734375 0.40625
54 0.5265625 0.80078125 0.6375 0.232812543 0.2046875 0.39921875 0.2125 0.39375
38 0.3546875 0.41796875 0.2109375 0.4203125
1 0.53515625 0.43359375 0.1765625 0.40625
2 0.65 0.43359375 0.178125 0.3921875
4 0.76484375 0.44296875 0.15625 0.409375
5 0.8796875 0.434375 0.1734375 0.40625
54 0.5265625 0.80078125 0.6375 0.232812543 0.2046875 0.39921875 0.2125 0.39375
38 0.3546875 0.41796875 0.2109375 0.4203125
1 0.53515625 0.43359375 0.1765625 0.40625
2 0.65 0.43359375 0.178125 0.3921875
4 0.76484375 0.44296875 0.15625 0.409375
5 0.8796875 0.434375 0.1734375 0.40625
54 0.5265625 0.80078125 0.6375 0.2328125