43 0.19140625 0.45703125 0.20625 0.3921875
38 0.34140625 0.446875 0.2046875 0.41875
1 0.521875 0.428125 0.1703125 0.4046875
2 0.634375 0.40625 0.171875 0.390625
4 0.74921875 0.39375 0.1484375 0.4078125
5 0.8609375 0.36328125 0.1671875 0.403125
54 0.58359375 0.78984375 0.6359375 0.22187543 0.19140625 0.45703125 0.20625 0.3921875
38 0.34140625 0.446875 0.2046875 0.41875
1 0.521875 0.428125 0.1703125 0.4046875
2 0.634375 0.40625 0.171875 0.390625
4 0.74921875 0.39375 0.1484375 0.4078125
5 0.8609375 0.36328125 0.1671875 0.403125
54 0.58359375 0.78984375 0.6359375 0.22187543 0.19140625 0.45703125 0.20625 0.3921875
38 0.34140625 0.446875 0.2046875 0.41875
1 0.521875 0.428125 0.1703125 0.4046875
2 0.634375 0.40625 0.171875 0.390625
4 0.74921875 0.39375 0.1484375 0.4078125
5 0.8609375 0.36328125 0.1671875 0.403125
54 0.58359375 0.78984375 0.6359375 0.221875