43 0.19609375 0.43046875 0.1734375 0.378125
38 0.346875 0.43359375 0.1703125 0.4046875
1 0.528125 0.43046875 0.13671875 0.39453125
2 0.6421875 0.41796875 0.1390625 0.38046875
4 0.7578125 0.415625 0.11484375 0.39921875
5 0.87109375 0.3953125 0.13359375 0.39375
54 0.5578125 0.79609375 0.6234375 0.1687543 0.19609375 0.43046875 0.1734375 0.378125
38 0.346875 0.43359375 0.1703125 0.4046875
1 0.528125 0.43046875 0.13671875 0.39453125
2 0.6421875 0.41796875 0.1390625 0.38046875
4 0.7578125 0.415625 0.11484375 0.39921875
5 0.87109375 0.3953125 0.13359375 0.39375
54 0.5578125 0.79609375 0.6234375 0.1687543 0.19609375 0.43046875 0.1734375 0.378125
38 0.346875 0.43359375 0.1703125 0.4046875
1 0.528125 0.43046875 0.13671875 0.39453125
2 0.6421875 0.41796875 0.1390625 0.38046875
4 0.7578125 0.415625 0.11484375 0.39921875
5 0.87109375 0.3953125 0.13359375 0.39375
54 0.5578125 0.79609375 0.6234375 0.16875