10 0.1890625 0.29375 0.1875 0.4
31 0.31875 0.3171875 0.190625 0.3984375
1 0.4859375 0.35703125 0.175 0.4046875
2 0.6 0.38359375 0.16875 0.4203125
5 0.7234375 0.4046875 0.19375 0.421875
8 0.840625 0.43984375 0.1984375 0.434375
94 0.4421875 0.72109375 0.403125 0.285937510 0.1890625 0.29375 0.1875 0.4
31 0.31875 0.3171875 0.190625 0.3984375
1 0.4859375 0.35703125 0.175 0.4046875
2 0.6 0.38359375 0.16875 0.4203125
5 0.7234375 0.4046875 0.19375 0.421875
8 0.840625 0.43984375 0.1984375 0.434375
94 0.4421875 0.72109375 0.403125 0.285937510 0.1890625 0.29375 0.1875 0.4
31 0.31875 0.3171875 0.190625 0.3984375
1 0.4859375 0.35703125 0.175 0.4046875
2 0.6 0.38359375 0.16875 0.4203125
5 0.7234375 0.4046875 0.19375 0.421875
8 0.840625 0.43984375 0.1984375 0.434375
94 0.4421875 0.72109375 0.403125 0.2859375