10 0.1609375 0.34453125 0.12890625 0.38515625
31 0.2921875 0.34765625 0.13203125 0.38203125
1 0.4640625 0.3609375 0.11484375 0.3921875
2 0.58046875 0.36953125 0.10625 0.409375
5 0.70546875 0.37109375 0.13203125 0.40625
8 0.82734375 0.3875 0.13515625 0.41796875
94 0.47734375 0.72734375 0.371875 0.2304687510 0.1609375 0.34453125 0.12890625 0.38515625
31 0.2921875 0.34765625 0.13203125 0.38203125
1 0.4640625 0.3609375 0.11484375 0.3921875
2 0.58046875 0.36953125 0.10625 0.409375
5 0.70546875 0.37109375 0.13203125 0.40625
8 0.82734375 0.3875 0.13515625 0.41796875
94 0.47734375 0.72734375 0.371875 0.2304687510 0.1609375 0.34453125 0.12890625 0.38515625
31 0.2921875 0.34765625 0.13203125 0.38203125
1 0.4640625 0.3609375 0.11484375 0.3921875
2 0.58046875 0.36953125 0.10625 0.409375
5 0.70546875 0.37109375 0.13203125 0.40625
8 0.82734375 0.3875 0.13515625 0.41796875
94 0.47734375 0.72734375 0.371875 0.23046875