10 0.146875 0.38046875 0.16875 0.396875
31 0.27734375 0.3703125 0.171875 0.39375
1 0.45 0.365625 0.1546875 0.4015625
2 0.56640625 0.36171875 0.1484375 0.41875
5 0.690625 0.35 0.1734375 0.4171875
8 0.8140625 0.35390625 0.178125 0.4296875
94 0.5015625 0.728125 0.39375 0.2687510 0.146875 0.38046875 0.16875 0.396875
31 0.27734375 0.3703125 0.171875 0.39375
1 0.45 0.365625 0.1546875 0.4015625
2 0.56640625 0.36171875 0.1484375 0.41875
5 0.690625 0.35 0.1734375 0.4171875
8 0.8140625 0.35390625 0.178125 0.4296875
94 0.5015625 0.728125 0.39375 0.2687510 0.146875 0.38046875 0.16875 0.396875
31 0.27734375 0.3703125 0.171875 0.39375
1 0.45 0.365625 0.1546875 0.4015625
2 0.56640625 0.36171875 0.1484375 0.41875
5 0.690625 0.35 0.1734375 0.4171875
8 0.8140625 0.35390625 0.178125 0.4296875
94 0.5015625 0.728125 0.39375 0.26875