10 0.15390625 0.3953125 0.1921875 0.403125
28 0.30390625 0.39609375 0.178125 0.3921875
7 0.478125 0.3859375 0.1625 0.3859375
1 0.61328125 0.384375 0.121875 0.378125
5 0.7234375 0.37578125 0.1421875 0.384375
3 0.84140625 0.3734375 0.1328125 0.3625
123 0.52109375 0.725 0.353125 0.21562510 0.15390625 0.3953125 0.1921875 0.403125
28 0.30390625 0.39609375 0.178125 0.3921875
7 0.478125 0.3859375 0.1625 0.3859375
1 0.61328125 0.384375 0.121875 0.378125
5 0.7234375 0.37578125 0.1421875 0.384375
3 0.84140625 0.3734375 0.1328125 0.3625
123 0.52109375 0.725 0.353125 0.21562510 0.15390625 0.3953125 0.1921875 0.403125
28 0.30390625 0.39609375 0.178125 0.3921875
7 0.478125 0.3859375 0.1625 0.3859375
1 0.61328125 0.384375 0.121875 0.378125
5 0.7234375 0.37578125 0.1421875 0.384375
3 0.84140625 0.3734375 0.1328125 0.3625
123 0.52109375 0.725 0.353125 0.215625