10 0.1859375 0.31953125 0.2234375 0.4125
28 0.33203125 0.3546875 0.2109375 0.4015625
7 0.50390625 0.38359375 0.19375 0.39375
1 0.63671875 0.4125 0.153125 0.3828125
5 0.7453125 0.42890625 0.1734375 0.390625
3 0.8609375 0.45390625 0.1625 0.3671875
123 0.4703125 0.72421875 0.3671875 0.2437510 0.1859375 0.31953125 0.2234375 0.4125
28 0.33203125 0.3546875 0.2109375 0.4015625
7 0.50390625 0.38359375 0.19375 0.39375
1 0.63671875 0.4125 0.153125 0.3828125
5 0.7453125 0.42890625 0.1734375 0.390625
3 0.8609375 0.45390625 0.1625 0.3671875
123 0.4703125 0.72421875 0.3671875 0.2437510 0.1859375 0.31953125 0.2234375 0.4125
28 0.33203125 0.3546875 0.2109375 0.4015625
7 0.50390625 0.38359375 0.19375 0.39375
1 0.63671875 0.4125 0.153125 0.3828125
5 0.7453125 0.42890625 0.1734375 0.390625
3 0.8609375 0.45390625 0.1625 0.3671875
123 0.4703125 0.72421875 0.3671875 0.24375