10 0.1796875 0.33046875 0.2109375 0.409375
28 0.32734375 0.3609375 0.1984375 0.3984375
7 0.5 0.38359375 0.18125 0.390625
1 0.63359375 0.4078125 0.1421875 0.38125
5 0.74296875 0.4203125 0.1609375 0.3875
3 0.859375 0.440625 0.15 0.365625
123 0.478125 0.725 0.3609375 0.232812510 0.1796875 0.33046875 0.2109375 0.409375
28 0.32734375 0.3609375 0.1984375 0.3984375
7 0.5 0.38359375 0.18125 0.390625
1 0.63359375 0.4078125 0.1421875 0.38125
5 0.74296875 0.4203125 0.1609375 0.3875
3 0.859375 0.440625 0.15 0.365625
123 0.478125 0.725 0.3609375 0.232812510 0.1796875 0.33046875 0.2109375 0.409375
28 0.32734375 0.3609375 0.1984375 0.3984375
7 0.5 0.38359375 0.18125 0.390625
1 0.63359375 0.4078125 0.1421875 0.38125
5 0.74296875 0.4203125 0.1609375 0.3875
3 0.859375 0.440625 0.15 0.365625
123 0.478125 0.725 0.3609375 0.2328125