10 0.17421875 0.3421875 0.1984375 0.4046875
28 0.32265625 0.3671875 0.184375 0.39375
7 0.49609375 0.38359375 0.16875 0.3875
1 0.6296875 0.403125 0.1296875 0.378125
5 0.73984375 0.41171875 0.1484375 0.3859375
3 0.85703125 0.428125 0.1390625 0.3640625
123 0.4859375 0.72578125 0.35625 0.22187510 0.17421875 0.3421875 0.1984375 0.4046875
28 0.32265625 0.3671875 0.184375 0.39375
7 0.49609375 0.38359375 0.16875 0.3875
1 0.6296875 0.403125 0.1296875 0.378125
5 0.73984375 0.41171875 0.1484375 0.3859375
3 0.85703125 0.428125 0.1390625 0.3640625
123 0.4859375 0.72578125 0.35625 0.22187510 0.17421875 0.3421875 0.1984375 0.4046875
28 0.32265625 0.3671875 0.184375 0.39375
7 0.49609375 0.38359375 0.16875 0.3875
1 0.6296875 0.403125 0.1296875 0.378125
5 0.73984375 0.41171875 0.1484375 0.3859375
3 0.85703125 0.428125 0.1390625 0.3640625
123 0.4859375 0.72578125 0.35625 0.221875