40 0.140625 0.39765625 0.175 0.4234375
11 0.31015625 0.38984375 0.1671875 0.4140625
1 0.51640625 0.3921875 0.1125 0.434375
2 0.6390625 0.38984375 0.15625 0.434375
7 0.77734375 0.38046875 0.159375 0.4125
8 0.8953125 0.384375 0.146875 0.4
54 0.50546875 0.7890625 0.7046875 0.235937540 0.140625 0.39765625 0.175 0.4234375
11 0.31015625 0.38984375 0.1671875 0.4140625
1 0.51640625 0.3921875 0.1125 0.434375
2 0.6390625 0.38984375 0.15625 0.434375
7 0.77734375 0.38046875 0.159375 0.4125
8 0.8953125 0.384375 0.146875 0.4
54 0.50546875 0.7890625 0.7046875 0.235937540 0.140625 0.39765625 0.175 0.4234375
11 0.31015625 0.38984375 0.1671875 0.4140625
1 0.51640625 0.3921875 0.1125 0.434375
2 0.6390625 0.38984375 0.15625 0.434375
7 0.77734375 0.38046875 0.159375 0.4125
8 0.8953125 0.384375 0.146875 0.4
54 0.50546875 0.7890625 0.7046875 0.2359375