40 0.15078125 0.36640625 0.18125 0.425
11 0.3203125 0.37421875 0.175 0.4171875
1 0.52578125 0.39453125 0.1203125 0.434375
2 0.6484375 0.40234375 0.1625 0.4375
7 0.78671875 0.4046875 0.165625 0.4140625
8 0.90390625 0.41953125 0.1546875 0.403125
54 0.48046875 0.78828125 0.7078125 0.248437540 0.15078125 0.36640625 0.18125 0.425
11 0.3203125 0.37421875 0.175 0.4171875
1 0.52578125 0.39453125 0.1203125 0.434375
2 0.6484375 0.40234375 0.1625 0.4375
7 0.78671875 0.4046875 0.165625 0.4140625
8 0.90390625 0.41953125 0.1546875 0.403125
54 0.48046875 0.78828125 0.7078125 0.248437540 0.15078125 0.36640625 0.18125 0.425
11 0.3203125 0.37421875 0.175 0.4171875
1 0.52578125 0.39453125 0.1203125 0.434375
2 0.6484375 0.40234375 0.1625 0.4375
7 0.78671875 0.4046875 0.165625 0.4140625
8 0.90390625 0.41953125 0.1546875 0.403125
54 0.48046875 0.78828125 0.7078125 0.2484375