40 0.14453125 0.38515625 0.16015625 0.41796875
11 0.3140625 0.38359375 0.153125 0.409375
1 0.5203125 0.39296875 0.09765625 0.43046875
2 0.64296875 0.39453125 0.140625 0.43046875
7 0.78125 0.38984375 0.14453125 0.4078125
8 0.89921875 0.3984375 0.13359375 0.39609375
54 0.4953125 0.7890625 0.69765625 0.2117187540 0.14453125 0.38515625 0.16015625 0.41796875
11 0.3140625 0.38359375 0.153125 0.409375
1 0.5203125 0.39296875 0.09765625 0.43046875
2 0.64296875 0.39453125 0.140625 0.43046875
7 0.78125 0.38984375 0.14453125 0.4078125
8 0.89921875 0.3984375 0.13359375 0.39609375
54 0.4953125 0.7890625 0.69765625 0.2117187540 0.14453125 0.38515625 0.16015625 0.41796875
11 0.3140625 0.38359375 0.153125 0.409375
1 0.5203125 0.39296875 0.09765625 0.43046875
2 0.64296875 0.39453125 0.140625 0.43046875
7 0.78125 0.38984375 0.14453125 0.4078125
8 0.89921875 0.3984375 0.13359375 0.39609375
54 0.4953125 0.7890625 0.69765625 0.21171875