21 0.165625 0.4125 0.16328125 0.47578125
46 0.328125 0.3796875 0.159375 0.4671875
1 0.521875 0.37890625 0.109375 0.4234375
2 0.63359375 0.38515625 0.15625 0.42578125
9 0.76171875 0.38203125 0.140625 0.41171875
5 0.88828125 0.3796875 0.13515625 0.43359375
54 0.53515625 0.77890625 0.69140625 0.14062521 0.165625 0.4125 0.16328125 0.47578125
46 0.328125 0.3796875 0.159375 0.4671875
1 0.521875 0.37890625 0.109375 0.4234375
2 0.63359375 0.38515625 0.15625 0.42578125
9 0.76171875 0.38203125 0.140625 0.41171875
5 0.88828125 0.3796875 0.13515625 0.43359375
54 0.53515625 0.77890625 0.69140625 0.14062521 0.165625 0.4125 0.16328125 0.47578125
46 0.328125 0.3796875 0.159375 0.4671875
1 0.521875 0.37890625 0.109375 0.4234375
2 0.63359375 0.38515625 0.15625 0.42578125
9 0.76171875 0.38203125 0.140625 0.41171875
5 0.88828125 0.3796875 0.13515625 0.43359375
54 0.53515625 0.77890625 0.69140625 0.140625