50 0.17890625 0.38671875 0.1953125 0.4234375
40 0.328125 0.390625 0.16875 0.4171875
1 0.58828125 0.37109375 0.1453125 0.440625
2 0.7 0.35390625 0.159375 0.45
9 0.82421875 0.34453125 0.15 0.4375
54 0.5375 0.78125 0.6890625 0.242187550 0.17890625 0.38671875 0.1953125 0.4234375
40 0.328125 0.390625 0.16875 0.4171875
1 0.58828125 0.37109375 0.1453125 0.440625
2 0.7 0.35390625 0.159375 0.45
9 0.82421875 0.34453125 0.15 0.4375
54 0.5375 0.78125 0.6890625 0.242187550 0.17890625 0.38671875 0.1953125 0.4234375
40 0.328125 0.390625 0.16875 0.4171875
1 0.58828125 0.37109375 0.1453125 0.440625
2 0.7 0.35390625 0.159375 0.45
9 0.82421875 0.34453125 0.15 0.4375
54 0.5375 0.78125 0.6890625 0.2421875