50 0.18984375 0.359375 0.159375 0.4125
40 0.33828125 0.37578125 0.134375 0.4078125
1 0.59921875 0.37890625 0.1078125 0.434375
2 0.71171875 0.371875 0.121875 0.440625
9 0.83671875 0.3734375 0.1125 0.428125
54 0.5125 0.78359375 0.675 0.18437550 0.18984375 0.359375 0.159375 0.4125
40 0.33828125 0.37578125 0.134375 0.4078125
1 0.59921875 0.37890625 0.1078125 0.434375
2 0.71171875 0.371875 0.121875 0.440625
9 0.83671875 0.3734375 0.1125 0.428125
54 0.5125 0.78359375 0.675 0.18437550 0.18984375 0.359375 0.159375 0.4125
40 0.33828125 0.37578125 0.134375 0.4078125
1 0.59921875 0.37890625 0.1078125 0.434375
2 0.71171875 0.371875 0.121875 0.440625
9 0.83671875 0.3734375 0.1125 0.428125
54 0.5125 0.78359375 0.675 0.184375