21 0.17421875 0.38359375 0.2046875 0.4875
46 0.3390625 0.36484375 0.2 0.4796875
1 0.53203125 0.38125 0.1453125 0.43125
2 0.64296875 0.396875 0.1921875 0.4375
9 0.77109375 0.40546875 0.1765625 0.421875
5 0.89765625 0.4140625 0.171875 0.44375
54 0.5109375 0.78125 0.7015625 0.221 0.17421875 0.38359375 0.2046875 0.4875
46 0.3390625 0.36484375 0.2 0.4796875
1 0.53203125 0.38125 0.1453125 0.43125
2 0.64296875 0.396875 0.1921875 0.4375
9 0.77109375 0.40546875 0.1765625 0.421875
5 0.89765625 0.4140625 0.171875 0.44375
54 0.5109375 0.78125 0.7015625 0.221 0.17421875 0.38359375 0.2046875 0.4875
46 0.3390625 0.36484375 0.2 0.4796875
1 0.53203125 0.38125 0.1453125 0.43125
2 0.64296875 0.396875 0.1921875 0.4375
9 0.77109375 0.40546875 0.1765625 0.421875
5 0.89765625 0.4140625 0.171875 0.44375
54 0.5109375 0.78125 0.7015625 0.2