21 0.16875 0.40078125 0.1796875 0.48125
46 0.3328125 0.3734375 0.175 0.471875
1 0.52578125 0.3796875 0.1234375 0.4265625
2 0.6375 0.38984375 0.1703125 0.43125
9 0.765625 0.39140625 0.1546875 0.415625
5 0.8921875 0.39296875 0.15 0.4375
54 0.52578125 0.7796875 0.6953125 0.164062521 0.16875 0.40078125 0.1796875 0.48125
46 0.3328125 0.3734375 0.175 0.471875
1 0.52578125 0.3796875 0.1234375 0.4265625
2 0.6375 0.38984375 0.1703125 0.43125
9 0.765625 0.39140625 0.1546875 0.415625
5 0.8921875 0.39296875 0.15 0.4375
54 0.52578125 0.7796875 0.6953125 0.164062521 0.16875 0.40078125 0.1796875 0.48125
46 0.3328125 0.3734375 0.175 0.471875
1 0.52578125 0.3796875 0.1234375 0.4265625
2 0.6375 0.38984375 0.1703125 0.43125
9 0.765625 0.39140625 0.1546875 0.415625
5 0.8921875 0.39296875 0.15 0.4375
54 0.52578125 0.7796875 0.6953125 0.1640625