21 0.15859375 0.44765625 0.2125 0.490625
46 0.31640625 0.3984375 0.2078125 0.48125
1 0.509375 0.37734375 0.153125 0.4328125
2 0.62109375 0.371875 0.2 0.4390625
9 0.74765625 0.35546875 0.1828125 0.4234375
5 0.8734375 0.33984375 0.1796875 0.4453125
54 0.5640625 0.7734375 0.7015625 0.212521 0.15859375 0.44765625 0.2125 0.490625
46 0.31640625 0.3984375 0.2078125 0.48125
1 0.509375 0.37734375 0.153125 0.4328125
2 0.62109375 0.371875 0.2 0.4390625
9 0.74765625 0.35546875 0.1828125 0.4234375
5 0.8734375 0.33984375 0.1796875 0.4453125
54 0.5640625 0.7734375 0.7015625 0.212521 0.15859375 0.44765625 0.2125 0.490625
46 0.31640625 0.3984375 0.2078125 0.48125
1 0.509375 0.37734375 0.153125 0.4328125
2 0.62109375 0.371875 0.2 0.4390625
9 0.74765625 0.35546875 0.1828125 0.4234375
5 0.8734375 0.33984375 0.1796875 0.4453125
54 0.5640625 0.7734375 0.7015625 0.2125