21 0.17890625 0.37265625 0.2203125 0.4921875
46 0.34375 0.359375 0.215625 0.4828125
1 0.53671875 0.3828125 0.1609375 0.434375
2 0.646875 0.40234375 0.20625 0.4421875
9 0.77421875 0.41484375 0.1890625 0.4265625
5 0.9 0.428125 0.1875 0.446875
54 0.50078125 0.78125 0.703125 0.223437521 0.17890625 0.37265625 0.2203125 0.4921875
46 0.34375 0.359375 0.215625 0.4828125
1 0.53671875 0.3828125 0.1609375 0.434375
2 0.646875 0.40234375 0.20625 0.4421875
9 0.77421875 0.41484375 0.1890625 0.4265625
5 0.9 0.428125 0.1875 0.446875
54 0.50078125 0.78125 0.703125 0.223437521 0.17890625 0.37265625 0.2203125 0.4921875
46 0.34375 0.359375 0.215625 0.4828125
1 0.53671875 0.3828125 0.1609375 0.434375
2 0.646875 0.40234375 0.20625 0.4421875
9 0.77421875 0.41484375 0.1890625 0.4265625
5 0.9 0.428125 0.1875 0.446875
54 0.50078125 0.78125 0.703125 0.2234375