20 0.1296875 0.34921875 0.16875 0.409375
31 0.2828125 0.3421875 0.153125 0.3921875
1 0.57265625 0.32734375 0.103125 0.4
2 0.696875 0.325 0.140625 0.40625
54 0.46796875 0.71640625 0.6578125 0.20312520 0.1296875 0.34921875 0.16875 0.409375
31 0.2828125 0.3421875 0.153125 0.3921875
1 0.57265625 0.32734375 0.103125 0.4
2 0.696875 0.325 0.140625 0.40625
54 0.46796875 0.71640625 0.6578125 0.20312520 0.1296875 0.34921875 0.16875 0.409375
31 0.2828125 0.3421875 0.153125 0.3921875
1 0.57265625 0.32734375 0.103125 0.4
2 0.696875 0.325 0.140625 0.40625
54 0.46796875 0.71640625 0.6578125 0.203125