20 0.15078125 0.30546875 0.2171875 0.4265625
31 0.30390625 0.3171875 0.2 0.4078125
1 0.59296875 0.3375 0.15 0.409375
2 0.71640625 0.35 0.1890625 0.4203125
54 0.4421875 0.7109375 0.678125 0.2812520 0.15078125 0.30546875 0.2171875 0.4265625
31 0.30390625 0.3171875 0.2 0.4078125
1 0.59296875 0.3375 0.15 0.409375
2 0.71640625 0.35 0.1890625 0.4203125
54 0.4421875 0.7109375 0.678125 0.2812520 0.15078125 0.30546875 0.2171875 0.4265625
31 0.30390625 0.3171875 0.2 0.4078125
1 0.59296875 0.3375 0.15 0.409375
2 0.71640625 0.35 0.1890625 0.4203125
54 0.4421875 0.7109375 0.678125 0.28125