20 0.11796875 0.38203125 0.203125 0.421875
31 0.26953125 0.36171875 0.1875 0.4046875
1 0.55703125 0.321875 0.1375 0.40625
2 0.68125 0.30859375 0.175 0.4171875
54 0.48671875 0.71875 0.6734375 0.25937520 0.11796875 0.38203125 0.203125 0.421875
31 0.26953125 0.36171875 0.1875 0.4046875
1 0.55703125 0.321875 0.1375 0.40625
2 0.68125 0.30859375 0.175 0.4171875
54 0.48671875 0.71875 0.6734375 0.25937520 0.11796875 0.38203125 0.203125 0.421875
31 0.26953125 0.36171875 0.1875 0.4046875
1 0.55703125 0.321875 0.1375 0.40625
2 0.68125 0.30859375 0.175 0.4171875
54 0.48671875 0.71875 0.6734375 0.259375