14 0.1984375 0.34296875 0.2078125 0.29375
16 0.33125 0.3671875 0.221875 0.2890625
1 0.52890625 0.40390625 0.18125 0.2859375
3 0.63828125 0.41953125 0.159375 0.2765625
0 0.74453125 0.44765625 0.171875 0.2875
9 0.85625 0.47109375 0.1953125 0.284375
63 0.49765625 0.65625 0.2921875 0.19062514 0.1984375 0.34296875 0.2078125 0.29375
16 0.33125 0.3671875 0.221875 0.2890625
1 0.52890625 0.40390625 0.18125 0.2859375
3 0.63828125 0.41953125 0.159375 0.2765625
0 0.74453125 0.44765625 0.171875 0.2875
9 0.85625 0.47109375 0.1953125 0.284375
63 0.49765625 0.65625 0.2921875 0.19062514 0.1984375 0.34296875 0.2078125 0.29375
16 0.33125 0.3671875 0.221875 0.2890625
1 0.52890625 0.40390625 0.18125 0.2859375
3 0.63828125 0.41953125 0.159375 0.2765625
0 0.74453125 0.44765625 0.171875 0.2875
9 0.85625 0.47109375 0.1953125 0.284375
63 0.49765625 0.65625 0.2921875 0.190625