14 0.16796875 0.4265625 0.1859375 0.2828125
16 0.303125 0.415625 0.2015625 0.2765625
1 0.503125 0.39921875 0.159375 0.2765625
3 0.6125 0.38671875 0.1390625 0.26875
0 0.72265625 0.38671875 0.15 0.2796875
9 0.83671875 0.3796875 0.175 0.2734375
63 0.53828125 0.65078125 0.2828125 0.1687514 0.16796875 0.4265625 0.1859375 0.2828125
16 0.303125 0.415625 0.2015625 0.2765625
1 0.503125 0.39921875 0.159375 0.2765625
3 0.6125 0.38671875 0.1390625 0.26875
0 0.72265625 0.38671875 0.15 0.2796875
9 0.83671875 0.3796875 0.175 0.2734375
63 0.53828125 0.65078125 0.2828125 0.1687514 0.16796875 0.4265625 0.1859375 0.2828125
16 0.303125 0.415625 0.2015625 0.2765625
1 0.503125 0.39921875 0.159375 0.2765625
3 0.6125 0.38671875 0.1390625 0.26875
0 0.72265625 0.38671875 0.15 0.2796875
9 0.83671875 0.3796875 0.175 0.2734375
63 0.53828125 0.65078125 0.2828125 0.16875