14 0.190625 0.35859375 0.1953125 0.2875
16 0.325 0.37578125 0.209375 0.2828125
1 0.5234375 0.40234375 0.16875 0.2796875
3 0.63359375 0.4125 0.146875 0.271875
0 0.74140625 0.43515625 0.1578125 0.2828125
9 0.8546875 0.45234375 0.1828125 0.278125
63 0.50625 0.65546875 0.2875 0.17812514 0.190625 0.35859375 0.1953125 0.2875
16 0.325 0.37578125 0.209375 0.2828125
1 0.5234375 0.40234375 0.16875 0.2796875
3 0.63359375 0.4125 0.146875 0.271875
0 0.74140625 0.43515625 0.1578125 0.2828125
9 0.8546875 0.45234375 0.1828125 0.278125
63 0.50625 0.65546875 0.2875 0.17812514 0.190625 0.35859375 0.1953125 0.2875
16 0.325 0.37578125 0.209375 0.2828125
1 0.5234375 0.40234375 0.16875 0.2796875
3 0.63359375 0.4125 0.146875 0.271875
0 0.74140625 0.43515625 0.1578125 0.2828125
9 0.8546875 0.45234375 0.1828125 0.278125
63 0.50625 0.65546875 0.2875 0.178125