14 0.17578125 0.39765625 0.16328125 0.26953125
16 0.3109375 0.3984375 0.17890625 0.2625
1 0.51171875 0.4 0.13671875 0.265625
3 0.621875 0.396875 0.11640625 0.26015625
0 0.73203125 0.40625 0.1265625 0.26953125
9 0.84609375 0.409375 0.15234375 0.26171875
63 0.525 0.65390625 0.27109375 0.1460937514 0.17578125 0.39765625 0.16328125 0.26953125
16 0.3109375 0.3984375 0.17890625 0.2625
1 0.51171875 0.4 0.13671875 0.265625
3 0.621875 0.396875 0.11640625 0.26015625
0 0.73203125 0.40625 0.1265625 0.26953125
9 0.84609375 0.409375 0.15234375 0.26171875
63 0.525 0.65390625 0.27109375 0.1460937514 0.17578125 0.39765625 0.16328125 0.26953125
16 0.3109375 0.3984375 0.17890625 0.2625
1 0.51171875 0.4 0.13671875 0.265625
3 0.621875 0.396875 0.11640625 0.26015625
0 0.73203125 0.40625 0.1265625 0.26953125
9 0.84609375 0.409375 0.15234375 0.26171875
63 0.525 0.65390625 0.27109375 0.14609375