50 0.16796875 0.39765625 0.1765625 0.38125
38 0.31484375 0.38984375 0.1765625 0.3828125
1 0.5359375 0.3796875 0.1203125 0.3703125
3 0.6515625 0.3734375 0.1359375 0.375
1 0.7734375 0.36015625 0.1078125 0.3734375
9 0.8765625 0.35234375 0.1546875 0.378125
54 0.51015625 0.80234375 0.7328125 0.2937550 0.16796875 0.39765625 0.1765625 0.38125
38 0.31484375 0.38984375 0.1765625 0.3828125
1 0.5359375 0.3796875 0.1203125 0.3703125
3 0.6515625 0.3734375 0.1359375 0.375
1 0.7734375 0.36015625 0.1078125 0.3734375
9 0.8765625 0.35234375 0.1546875 0.378125
54 0.51015625 0.80234375 0.7328125 0.2937550 0.16796875 0.39765625 0.1765625 0.38125
38 0.31484375 0.38984375 0.1765625 0.3828125
1 0.5359375 0.3796875 0.1203125 0.3703125
3 0.6515625 0.3734375 0.1359375 0.375
1 0.7734375 0.36015625 0.1078125 0.3734375
9 0.8765625 0.35234375 0.1546875 0.378125
54 0.51015625 0.80234375 0.7328125 0.29375