50 0.17578125 0.375 0.15078125 0.371875
38 0.32265625 0.37734375 0.15078125 0.3734375
1 0.54453125 0.3828125 0.0953125 0.36484375
3 0.66015625 0.384375 0.1109375 0.36796875
1 0.7828125 0.3796875 0.08203125 0.36796875
9 0.8859375 0.37890625 0.12890625 0.36953125
54 0.4890625 0.80234375 0.7171875 0.2445312550 0.17578125 0.375 0.15078125 0.371875
38 0.32265625 0.37734375 0.15078125 0.3734375
1 0.54453125 0.3828125 0.0953125 0.36484375
3 0.66015625 0.384375 0.1109375 0.36796875
1 0.7828125 0.3796875 0.08203125 0.36796875
9 0.8859375 0.37890625 0.12890625 0.36953125
54 0.4890625 0.80234375 0.7171875 0.2445312550 0.17578125 0.375 0.15078125 0.371875
38 0.32265625 0.37734375 0.15078125 0.3734375
1 0.54453125 0.3828125 0.0953125 0.36484375
3 0.66015625 0.384375 0.1109375 0.36796875
1 0.7828125 0.3796875 0.08203125 0.36796875
9 0.8859375 0.37890625 0.12890625 0.36953125
54 0.4890625 0.80234375 0.7171875 0.24453125