13 0.25078125 0.384375 0.1390625 0.340625
35 0.3796875 0.396875 0.146875 0.3625
1 0.5546875 0.39375 0.1015625 0.346875
3 0.6546875 0.3890625 0.1109375 0.3296875
4 0.75390625 0.40078125 0.1140625 0.35
5 0.8390625 0.39609375 0.1109375 0.328125
54 0.515625 0.76328125 0.596875 0.22187513 0.25078125 0.384375 0.1390625 0.340625
35 0.3796875 0.396875 0.146875 0.3625
1 0.5546875 0.39375 0.1015625 0.346875
3 0.6546875 0.3890625 0.1109375 0.3296875
4 0.75390625 0.40078125 0.1140625 0.35
5 0.8390625 0.39609375 0.1109375 0.328125
54 0.515625 0.76328125 0.596875 0.22187513 0.25078125 0.384375 0.1390625 0.340625
35 0.3796875 0.396875 0.146875 0.3625
1 0.5546875 0.39375 0.1015625 0.346875
3 0.6546875 0.3890625 0.1109375 0.3296875
4 0.75390625 0.40078125 0.1140625 0.35
5 0.8390625 0.39609375 0.1109375 0.328125
54 0.515625 0.76328125 0.596875 0.221875