13 0.2546875 0.37578125 0.1515625 0.3453125
35 0.3828125 0.3921875 0.159375 0.365625
1 0.5578125 0.39609375 0.1140625 0.3484375
3 0.65859375 0.39453125 0.121875 0.3328125
4 0.75703125 0.41015625 0.1265625 0.353125
5 0.8421875 0.4078125 0.121875 0.33125
54 0.50625 0.76328125 0.603125 0.242187513 0.2546875 0.37578125 0.1515625 0.3453125
35 0.3828125 0.3921875 0.159375 0.365625
1 0.5578125 0.39609375 0.1140625 0.3484375
3 0.65859375 0.39453125 0.121875 0.3328125
4 0.75703125 0.41015625 0.1265625 0.353125
5 0.8421875 0.4078125 0.121875 0.33125
54 0.50625 0.76328125 0.603125 0.242187513 0.2546875 0.37578125 0.1515625 0.3453125
35 0.3828125 0.3921875 0.159375 0.365625
1 0.5578125 0.39609375 0.1140625 0.3484375
3 0.65859375 0.39453125 0.121875 0.3328125
4 0.75703125 0.41015625 0.1265625 0.353125
5 0.8421875 0.4078125 0.121875 0.33125
54 0.50625 0.76328125 0.603125 0.2421875