13 0.234375 0.42890625 0.1734375 0.3515625
35 0.36328125 0.41875 0.184375 0.3734375
1 0.53515625 0.3859375 0.1375 0.353125
3 0.6328125 0.3640625 0.14375 0.3375
4 0.7328125 0.35859375 0.15 0.3578125
5 0.815625 0.3390625 0.14375 0.3359375
54 0.5609375 0.75625 0.6125 0.2812513 0.234375 0.42890625 0.1734375 0.3515625
35 0.36328125 0.41875 0.184375 0.3734375
1 0.53515625 0.3859375 0.1375 0.353125
3 0.6328125 0.3640625 0.14375 0.3375
4 0.7328125 0.35859375 0.15 0.3578125
5 0.815625 0.3390625 0.14375 0.3359375
54 0.5609375 0.75625 0.6125 0.2812513 0.234375 0.42890625 0.1734375 0.3515625
35 0.36328125 0.41875 0.184375 0.3734375
1 0.53515625 0.3859375 0.1375 0.353125
3 0.6328125 0.3640625 0.14375 0.3375
4 0.7328125 0.35859375 0.15 0.3578125
5 0.815625 0.3390625 0.14375 0.3359375
54 0.5609375 0.75625 0.6125 0.28125