10 0.159375 0.35625 0.1671875 0.4703125
15 0.3203125 0.3609375 0.16875 0.453125
1 0.50859375 0.36328125 0.115625 0.4203125
3 0.62109375 0.3765625 0.1453125 0.4125
5 0.753125 0.38046875 0.1484375 0.4296875
3 0.8796875 0.3890625 0.1515625 0.4296875
98 0.4875 0.7546875 0.240625 0.207812510 0.159375 0.35625 0.1671875 0.4703125
15 0.3203125 0.3609375 0.16875 0.453125
1 0.50859375 0.36328125 0.115625 0.4203125
3 0.62109375 0.3765625 0.1453125 0.4125
5 0.753125 0.38046875 0.1484375 0.4296875
3 0.8796875 0.3890625 0.1515625 0.4296875
98 0.4875 0.7546875 0.240625 0.207812510 0.159375 0.35625 0.1671875 0.4703125
15 0.3203125 0.3609375 0.16875 0.453125
1 0.50859375 0.36328125 0.115625 0.4203125
3 0.62109375 0.3765625 0.1453125 0.4125
5 0.753125 0.38046875 0.1484375 0.4296875
3 0.8796875 0.3890625 0.1515625 0.4296875
98 0.4875 0.7546875 0.240625 0.2078125