10 0.1546875 0.36796875 0.15078125 0.465625
15 0.315625 0.3671875 0.153125 0.44765625
1 0.50390625 0.36328125 0.10078125 0.41640625
3 0.61640625 0.37265625 0.13046875 0.4078125
5 0.7484375 0.371875 0.13359375 0.42578125
3 0.87578125 0.37578125 0.1375 0.425
98 0.49609375 0.7546875 0.234375 0.210 0.1546875 0.36796875 0.15078125 0.465625
15 0.315625 0.3671875 0.153125 0.44765625
1 0.50390625 0.36328125 0.10078125 0.41640625
3 0.61640625 0.37265625 0.13046875 0.4078125
5 0.7484375 0.371875 0.13359375 0.42578125
3 0.87578125 0.37578125 0.1375 0.425
98 0.49609375 0.7546875 0.234375 0.210 0.1546875 0.36796875 0.15078125 0.465625
15 0.315625 0.3671875 0.153125 0.44765625
1 0.50390625 0.36328125 0.10078125 0.41640625
3 0.61640625 0.37265625 0.13046875 0.4078125
5 0.7484375 0.371875 0.13359375 0.42578125
3 0.87578125 0.37578125 0.1375 0.425
98 0.49609375 0.7546875 0.234375 0.2