10 0.1765625 0.32109375 0.2140625 0.4828125
15 0.3359375 0.34296875 0.2140625 0.4640625
1 0.52265625 0.36484375 0.1578125 0.4265625
3 0.6328125 0.38984375 0.1859375 0.421875
5 0.7640625 0.4078125 0.1921875 0.440625
3 0.8890625 0.42890625 0.1953125 0.440625
98 0.4609375 0.7515625 0.259375 0.2312510 0.1765625 0.32109375 0.2140625 0.4828125
15 0.3359375 0.34296875 0.2140625 0.4640625
1 0.52265625 0.36484375 0.1578125 0.4265625
3 0.6328125 0.38984375 0.1859375 0.421875
5 0.7640625 0.4078125 0.1921875 0.440625
3 0.8890625 0.42890625 0.1953125 0.440625
98 0.4609375 0.7515625 0.259375 0.2312510 0.1765625 0.32109375 0.2140625 0.4828125
15 0.3359375 0.34296875 0.2140625 0.4640625
1 0.52265625 0.36484375 0.1578125 0.4265625
3 0.6328125 0.38984375 0.1859375 0.421875
5 0.7640625 0.4078125 0.1921875 0.440625
3 0.8890625 0.42890625 0.1953125 0.440625
98 0.4609375 0.7515625 0.259375 0.23125