35 0.1859375 0.35078125 0.1515625 0.4140625
33 0.3328125 0.35859375 0.1421875 0.3921875
1 0.54453125 0.3671875 0.121875 0.4078125
3 0.65859375 0.359375 0.140625 0.3890625
6 0.784375 0.3734375 0.1296875 0.3890625
8 0.9046875 0.378125 0.125 0.3984375
68 0.5140625 0.7609375 0.4421875 0.239062535 0.1859375 0.35078125 0.1515625 0.4140625
33 0.3328125 0.35859375 0.1421875 0.3921875
1 0.54453125 0.3671875 0.121875 0.4078125
3 0.65859375 0.359375 0.140625 0.3890625
6 0.784375 0.3734375 0.1296875 0.3890625
8 0.9046875 0.378125 0.125 0.3984375
68 0.5140625 0.7609375 0.4421875 0.239062535 0.1859375 0.35078125 0.1515625 0.4140625
33 0.3328125 0.35859375 0.1421875 0.3921875
1 0.54453125 0.3671875 0.121875 0.4078125
3 0.65859375 0.359375 0.140625 0.3890625
6 0.784375 0.3734375 0.1296875 0.3890625
8 0.9046875 0.378125 0.125 0.3984375
68 0.5140625 0.7609375 0.4421875 0.2390625