33 0.15234375 0.35234375 0.2328125 0.446875
14 0.3140625 0.384375 0.24375 0.4421875
1 0.50859375 0.42734375 0.20625 0.45
3 0.6359375 0.4328125 0.2140625 0.428125
6 0.7625 0.4671875 0.209375 0.4375
4 0.89765625 0.48046875 0.175 0.4
99 0.47890625 0.77734375 0.4765625 0.27812533 0.15234375 0.35234375 0.2328125 0.446875
14 0.3140625 0.384375 0.24375 0.4421875
1 0.50859375 0.42734375 0.20625 0.45
3 0.6359375 0.4328125 0.2140625 0.428125
6 0.7625 0.4671875 0.209375 0.4375
4 0.89765625 0.48046875 0.175 0.4
99 0.47890625 0.77734375 0.4765625 0.27812533 0.15234375 0.35234375 0.2328125 0.446875
14 0.3140625 0.384375 0.24375 0.4421875
1 0.50859375 0.42734375 0.20625 0.45
3 0.6359375 0.4328125 0.2140625 0.428125
6 0.7625 0.4671875 0.209375 0.4375
4 0.89765625 0.48046875 0.175 0.4
99 0.47890625 0.77734375 0.4765625 0.278125