35 0.17890625 0.3671875 0.1578125 0.4171875
33 0.32578125 0.36796875 0.1484375 0.3953125
1 0.5375 0.36484375 0.1296875 0.409375
3 0.65078125 0.35078125 0.146875 0.390625
6 0.77734375 0.359375 0.1375 0.3921875
8 0.89765625 0.35703125 0.13125 0.4
68 0.528125 0.76015625 0.4453125 0.24687535 0.17890625 0.3671875 0.1578125 0.4171875
33 0.32578125 0.36796875 0.1484375 0.3953125
1 0.5375 0.36484375 0.1296875 0.409375
3 0.65078125 0.35078125 0.146875 0.390625
6 0.77734375 0.359375 0.1375 0.3921875
8 0.89765625 0.35703125 0.13125 0.4
68 0.528125 0.76015625 0.4453125 0.24687535 0.17890625 0.3671875 0.1578125 0.4171875
33 0.32578125 0.36796875 0.1484375 0.3953125
1 0.5375 0.36484375 0.1296875 0.409375
3 0.65078125 0.35078125 0.146875 0.390625
6 0.77734375 0.359375 0.1375 0.3921875
8 0.89765625 0.35703125 0.13125 0.4
68 0.528125 0.76015625 0.4453125 0.246875