35 0.17421875 0.37890625 0.171875 0.4203125
33 0.32109375 0.37421875 0.1625 0.3984375
1 0.5328125 0.3640625 0.1421875 0.4125
3 0.64609375 0.3453125 0.1609375 0.3953125
6 0.771875 0.34921875 0.15 0.3953125
8 0.8921875 0.34296875 0.1453125 0.403125
68 0.53671875 0.759375 0.453125 0.260937535 0.17421875 0.37890625 0.171875 0.4203125
33 0.32109375 0.37421875 0.1625 0.3984375
1 0.5328125 0.3640625 0.1421875 0.4125
3 0.64609375 0.3453125 0.1609375 0.3953125
6 0.771875 0.34921875 0.15 0.3953125
8 0.8921875 0.34296875 0.1453125 0.403125
68 0.53671875 0.759375 0.453125 0.260937535 0.17421875 0.37890625 0.171875 0.4203125
33 0.32109375 0.37421875 0.1625 0.3984375
1 0.5328125 0.3640625 0.1421875 0.4125
3 0.64609375 0.3453125 0.1609375 0.3953125
6 0.771875 0.34921875 0.15 0.3953125
8 0.8921875 0.34296875 0.1453125 0.403125
68 0.53671875 0.759375 0.453125 0.2609375