29 0.1078125 0.39140625 0.1953125 0.428125
10 0.26328125 0.38203125 0.2203125 0.4390625
1 0.475 0.3765625 0.1484375 0.4203125
3 0.5921875 0.36484375 0.15625 0.415625
6 0.7375 0.3453125 0.175 0.434375
7 0.846875 0.32578125 0.1703125 0.4296875
54 0.54140625 0.77890625 0.7234375 0.33437529 0.1078125 0.39140625 0.1953125 0.428125
10 0.26328125 0.38203125 0.2203125 0.4390625
1 0.475 0.3765625 0.1484375 0.4203125
3 0.5921875 0.36484375 0.15625 0.415625
6 0.7375 0.3453125 0.175 0.434375
7 0.846875 0.32578125 0.1703125 0.4296875
54 0.54140625 0.77890625 0.7234375 0.33437529 0.1078125 0.39140625 0.1953125 0.428125
10 0.26328125 0.38203125 0.2203125 0.4390625
1 0.475 0.3765625 0.1484375 0.4203125
3 0.5921875 0.36484375 0.15625 0.415625
6 0.7375 0.3453125 0.175 0.434375
7 0.846875 0.32578125 0.1703125 0.4296875
54 0.54140625 0.77890625 0.7234375 0.334375