29 0.1234375 0.34453125 0.1609375 0.4171875
10 0.27890625 0.35390625 0.184375 0.4265625
1 0.490625 0.375 0.1125 0.4140625
3 0.6078125 0.3765625 0.121875 0.4078125
6 0.7546875 0.37578125 0.1390625 0.425
7 0.865625 0.36953125 0.134375 0.4203125
54 0.50703125 0.78203125 0.703125 0.27529 0.1234375 0.34453125 0.1609375 0.4171875
10 0.27890625 0.35390625 0.184375 0.4265625
1 0.490625 0.375 0.1125 0.4140625
3 0.6078125 0.3765625 0.121875 0.4078125
6 0.7546875 0.37578125 0.1390625 0.425
7 0.865625 0.36953125 0.134375 0.4203125
54 0.50703125 0.78203125 0.703125 0.27529 0.1234375 0.34453125 0.1609375 0.4171875
10 0.27890625 0.35390625 0.184375 0.4265625
1 0.490625 0.375 0.1125 0.4140625
3 0.6078125 0.3765625 0.121875 0.4078125
6 0.7546875 0.37578125 0.1390625 0.425
7 0.865625 0.36953125 0.134375 0.4203125
54 0.50703125 0.78203125 0.703125 0.275