33 0.1453125 0.3703125 0.2125 0.4421875
14 0.30859375 0.39453125 0.2234375 0.4359375
1 0.5046875 0.4265625 0.1859375 0.446875
3 0.63203125 0.42578125 0.19375 0.4234375
6 0.7609375 0.453125 0.1890625 0.434375
4 0.89609375 0.459375 0.15625 0.396875
99 0.49375 0.778125 0.46875 0.2562533 0.1453125 0.3703125 0.2125 0.4421875
14 0.30859375 0.39453125 0.2234375 0.4359375
1 0.5046875 0.4265625 0.1859375 0.446875
3 0.63203125 0.42578125 0.19375 0.4234375
6 0.7609375 0.453125 0.1890625 0.434375
4 0.89609375 0.459375 0.15625 0.396875
99 0.49375 0.778125 0.46875 0.2562533 0.1453125 0.3703125 0.2125 0.4421875
14 0.30859375 0.39453125 0.2234375 0.4359375
1 0.5046875 0.4265625 0.1859375 0.446875
3 0.63203125 0.42578125 0.19375 0.4234375
6 0.7609375 0.453125 0.1890625 0.434375
4 0.89609375 0.459375 0.15625 0.396875
99 0.49375 0.778125 0.46875 0.25625