35 0.18359375 0.35625 0.14375 0.41171875
33 0.33046875 0.36171875 0.13515625 0.390625
1 0.5421875 0.36640625 0.11484375 0.40625
3 0.65625 0.35625 0.13359375 0.38671875
6 0.78203125 0.36875 0.1234375 0.3875
8 0.90234375 0.37109375 0.11796875 0.39609375
68 0.51875 0.7609375 0.4375 0.2312535 0.18359375 0.35625 0.14375 0.41171875
33 0.33046875 0.36171875 0.13515625 0.390625
1 0.5421875 0.36640625 0.11484375 0.40625
3 0.65625 0.35625 0.13359375 0.38671875
6 0.78203125 0.36875 0.1234375 0.3875
8 0.90234375 0.37109375 0.11796875 0.39609375
68 0.51875 0.7609375 0.4375 0.2312535 0.18359375 0.35625 0.14375 0.41171875
33 0.33046875 0.36171875 0.13515625 0.390625
1 0.5421875 0.36640625 0.11484375 0.40625
3 0.65625 0.35625 0.13359375 0.38671875
6 0.78203125 0.36875 0.1234375 0.3875
8 0.90234375 0.37109375 0.11796875 0.39609375
68 0.51875 0.7609375 0.4375 0.23125