29 0.1140625 0.37109375 0.175 0.421875
10 0.26953125 0.36953125 0.2 0.4328125
1 0.48203125 0.37578125 0.1265625 0.4171875
3 0.5984375 0.36953125 0.1359375 0.4109375
6 0.7453125 0.3578125 0.1546875 0.4296875
7 0.85546875 0.34453125 0.1484375 0.4234375
54 0.5265625 0.78125 0.7125 0.298437529 0.1140625 0.37109375 0.175 0.421875
10 0.26953125 0.36953125 0.2 0.4328125
1 0.48203125 0.37578125 0.1265625 0.4171875
3 0.5984375 0.36953125 0.1359375 0.4109375
6 0.7453125 0.3578125 0.1546875 0.4296875
7 0.85546875 0.34453125 0.1484375 0.4234375
54 0.5265625 0.78125 0.7125 0.298437529 0.1140625 0.37109375 0.175 0.421875
10 0.26953125 0.36953125 0.2 0.4328125
1 0.48203125 0.37578125 0.1265625 0.4171875
3 0.5984375 0.36953125 0.1359375 0.4109375
6 0.7453125 0.3578125 0.1546875 0.4296875
7 0.85546875 0.34453125 0.1484375 0.4234375
54 0.5265625 0.78125 0.7125 0.2984375