29 0.1421875 0.30546875 0.203125 0.4296875
10 0.2953125 0.33203125 0.228125 0.4421875
1 0.50390625 0.37421875 0.1546875 0.421875
3 0.61953125 0.3890625 0.1640625 0.4171875
6 0.76640625 0.403125 0.1828125 0.4359375
7 0.87734375 0.40859375 0.1765625 0.4296875
54 0.47734375 0.78125 0.7265625 0.345312529 0.1421875 0.30546875 0.203125 0.4296875
10 0.2953125 0.33203125 0.228125 0.4421875
1 0.50390625 0.37421875 0.1546875 0.421875
3 0.61953125 0.3890625 0.1640625 0.4171875
6 0.76640625 0.403125 0.1828125 0.4359375
7 0.87734375 0.40859375 0.1765625 0.4296875
54 0.47734375 0.78125 0.7265625 0.345312529 0.1421875 0.30546875 0.203125 0.4296875
10 0.2953125 0.33203125 0.228125 0.4421875
1 0.50390625 0.37421875 0.1546875 0.421875
3 0.61953125 0.3890625 0.1640625 0.4171875
6 0.76640625 0.403125 0.1828125 0.4359375
7 0.87734375 0.40859375 0.1765625 0.4296875
54 0.47734375 0.78125 0.7265625 0.3453125