35 0.1890625 0.3453125 0.1578125 0.4171875
33 0.33515625 0.35625 0.1484375 0.3953125
1 0.546875 0.36796875 0.1296875 0.409375
3 0.6609375 0.36171875 0.146875 0.390625
6 0.78671875 0.37890625 0.1375 0.3921875
8 0.90625 0.38515625 0.13125 0.4
68 0.509375 0.76171875 0.4453125 0.24687535 0.1890625 0.3453125 0.1578125 0.4171875
33 0.33515625 0.35625 0.1484375 0.3953125
1 0.546875 0.36796875 0.1296875 0.409375
3 0.6609375 0.36171875 0.146875 0.390625
6 0.78671875 0.37890625 0.1375 0.3921875
8 0.90625 0.38515625 0.13125 0.4
68 0.509375 0.76171875 0.4453125 0.24687535 0.1890625 0.3453125 0.1578125 0.4171875
33 0.33515625 0.35625 0.1484375 0.3953125
1 0.546875 0.36796875 0.1296875 0.409375
3 0.6609375 0.36171875 0.146875 0.390625
6 0.78671875 0.37890625 0.1375 0.3921875
8 0.90625 0.38515625 0.13125 0.4
68 0.509375 0.76171875 0.4453125 0.246875