20 0.15625 0.41015625 0.1734375 0.471875
49 0.31015625 0.3859375 0.1375 0.43046875
1 0.5078125 0.37109375 0.0921875 0.4203125
3 0.62890625 0.37421875 0.121875 0.4390625
7 0.753125 0.37265625 0.1109375 0.41875
7 0.88671875 0.371875 0.121875 0.41796875
54 0.50625 0.7671875 0.69140625 0.1445312520 0.15625 0.41015625 0.1734375 0.471875
49 0.31015625 0.3859375 0.1375 0.43046875
1 0.5078125 0.37109375 0.0921875 0.4203125
3 0.62890625 0.37421875 0.121875 0.4390625
7 0.753125 0.37265625 0.1109375 0.41875
7 0.88671875 0.371875 0.121875 0.41796875
54 0.50625 0.7671875 0.69140625 0.1445312520 0.15625 0.41015625 0.1734375 0.471875
49 0.31015625 0.3859375 0.1375 0.43046875
1 0.5078125 0.37109375 0.0921875 0.4203125
3 0.62890625 0.37421875 0.121875 0.4390625
7 0.753125 0.37265625 0.1109375 0.41875
7 0.88671875 0.371875 0.121875 0.41796875
54 0.50625 0.7671875 0.69140625 0.14453125