14 0.17578125 0.38671875 0.19375 0.3796875
32 0.31953125 0.36328125 0.196875 0.384375
1 0.525 0.3328125 0.15625 0.3765625
3 0.63515625 0.31484375 0.1515625 0.3765625
7 0.74296875 0.3078125 0.165625 0.38125
2 0.8625 0.28515625 0.1625 0.3796875
63 0.553125 0.72890625 0.315625 0.29062514 0.17578125 0.38671875 0.19375 0.3796875
32 0.31953125 0.36328125 0.196875 0.384375
1 0.525 0.3328125 0.15625 0.3765625
3 0.63515625 0.31484375 0.1515625 0.3765625
7 0.74296875 0.3078125 0.165625 0.38125
2 0.8625 0.28515625 0.1625 0.3796875
63 0.553125 0.72890625 0.315625 0.29062514 0.17578125 0.38671875 0.19375 0.3796875
32 0.31953125 0.36328125 0.196875 0.384375
1 0.525 0.3328125 0.15625 0.3765625
3 0.63515625 0.31484375 0.1515625 0.3765625
7 0.74296875 0.3078125 0.165625 0.38125
2 0.8625 0.28515625 0.1625 0.3796875
63 0.553125 0.72890625 0.315625 0.290625