14 0.19765625 0.3375 0.1390625 0.3625
32 0.34296875 0.33671875 0.140625 0.365625
1 0.55078125 0.3390625 0.1 0.365625
3 0.6625 0.33828125 0.0953125 0.365625
7 0.7703125 0.3484375 0.109375 0.36875
2 0.89140625 0.34453125 0.10625 0.36875
63 0.51640625 0.734375 0.2796875 0.2514 0.19765625 0.3375 0.1390625 0.3625
32 0.34296875 0.33671875 0.140625 0.365625
1 0.55078125 0.3390625 0.1 0.365625
3 0.6625 0.33828125 0.0953125 0.365625
7 0.7703125 0.3484375 0.109375 0.36875
2 0.89140625 0.34453125 0.10625 0.36875
63 0.51640625 0.734375 0.2796875 0.2514 0.19765625 0.3375 0.1390625 0.3625
32 0.34296875 0.33671875 0.140625 0.365625
1 0.55078125 0.3390625 0.1 0.365625
3 0.6625 0.33828125 0.0953125 0.365625
7 0.7703125 0.3484375 0.109375 0.36875
2 0.89140625 0.34453125 0.10625 0.36875
63 0.51640625 0.734375 0.2796875 0.25