20 0.153125 0.421875 0.1890625 0.478125
49 0.30625 0.39296875 0.153125 0.434375
1 0.503125 0.37109375 0.10625 0.4234375
3 0.62421875 0.36953125 0.1375 0.44375
7 0.7484375 0.3640625 0.125 0.421875
7 0.88203125 0.35859375 0.1359375 0.421875
54 0.515625 0.7671875 0.6953125 0.1687520 0.153125 0.421875 0.1890625 0.478125
49 0.30625 0.39296875 0.153125 0.434375
1 0.503125 0.37109375 0.10625 0.4234375
3 0.62421875 0.36953125 0.1375 0.44375
7 0.7484375 0.3640625 0.125 0.421875
7 0.88203125 0.35859375 0.1359375 0.421875
54 0.515625 0.7671875 0.6953125 0.1687520 0.153125 0.421875 0.1890625 0.478125
49 0.30625 0.39296875 0.153125 0.434375
1 0.503125 0.37109375 0.10625 0.4234375
3 0.62421875 0.36953125 0.1375 0.44375
7 0.7484375 0.3640625 0.125 0.421875
7 0.88203125 0.35859375 0.1359375 0.421875
54 0.515625 0.7671875 0.6953125 0.16875