20 0.1671875 0.375 0.221875 0.4875
49 0.3234375 0.36640625 0.18125 0.4421875
1 0.52109375 0.37265625 0.1359375 0.428125
3 0.64140625 0.38828125 0.1671875 0.45
7 0.76484375 0.4 0.1546875 0.428125
7 0.89765625 0.41328125 0.165625 0.428125
54 0.478125 0.76640625 0.703125 0.21562520 0.1671875 0.375 0.221875 0.4875
49 0.3234375 0.36640625 0.18125 0.4421875
1 0.52109375 0.37265625 0.1359375 0.428125
3 0.64140625 0.38828125 0.1671875 0.45
7 0.76484375 0.4 0.1546875 0.428125
7 0.89765625 0.41328125 0.165625 0.428125
54 0.478125 0.76640625 0.703125 0.21562520 0.1671875 0.375 0.221875 0.4875
49 0.3234375 0.36640625 0.18125 0.4421875
1 0.52109375 0.37265625 0.1359375 0.428125
3 0.64140625 0.38828125 0.1671875 0.45
7 0.76484375 0.4 0.1546875 0.428125
7 0.89765625 0.41328125 0.165625 0.428125
54 0.478125 0.76640625 0.703125 0.215625