14 0.178125 0.38125 0.1875 0.378125
32 0.321875 0.36015625 0.190625 0.3828125
1 0.528125 0.33359375 0.15 0.375
3 0.63828125 0.3171875 0.1453125 0.3765625
7 0.746875 0.3125 0.159375 0.3796875
2 0.865625 0.29140625 0.15625 0.3796875
63 0.54921875 0.7296875 0.3125 0.285937514 0.178125 0.38125 0.1875 0.378125
32 0.321875 0.36015625 0.190625 0.3828125
1 0.528125 0.33359375 0.15 0.375
3 0.63828125 0.3171875 0.1453125 0.3765625
7 0.746875 0.3125 0.159375 0.3796875
2 0.865625 0.29140625 0.15625 0.3796875
63 0.54921875 0.7296875 0.3125 0.285937514 0.178125 0.38125 0.1875 0.378125
32 0.321875 0.36015625 0.190625 0.3828125
1 0.528125 0.33359375 0.15 0.375
3 0.63828125 0.3171875 0.1453125 0.3765625
7 0.746875 0.3125 0.159375 0.3796875
2 0.865625 0.29140625 0.15625 0.3796875
63 0.54921875 0.7296875 0.3125 0.2859375