46 0.27265625 0.36796875 0.1671875 0.43125
16 0.4046875 0.38203125 0.1875 0.41875
1 0.56640625 0.38984375 0.1375 0.4015625
3 0.6828125 0.40234375 0.13125 0.4015625
8 0.7828125 0.40390625 0.1234375 0.396875
8 0.8921875 0.4125 0.1265625 0.4015625
54 0.5484375 0.8046875 0.5921875 0.2546 0.27265625 0.36796875 0.1671875 0.43125
16 0.4046875 0.38203125 0.1875 0.41875
1 0.56640625 0.38984375 0.1375 0.4015625
3 0.6828125 0.40234375 0.13125 0.4015625
8 0.7828125 0.40390625 0.1234375 0.396875
8 0.8921875 0.4125 0.1265625 0.4015625
54 0.5484375 0.8046875 0.5921875 0.2546 0.27265625 0.36796875 0.1671875 0.43125
16 0.4046875 0.38203125 0.1875 0.41875
1 0.56640625 0.38984375 0.1375 0.4015625
3 0.6828125 0.40234375 0.13125 0.4015625
8 0.7828125 0.40390625 0.1234375 0.396875
8 0.8921875 0.4125 0.1265625 0.4015625
54 0.5484375 0.8046875 0.5921875 0.25