30 0.1 0.33671875 0.2 0.3328125
40 0.240625 0.346875 0.2046875 0.334375
1 0.425 0.37109375 0.196875 0.35
3 0.54375 0.375 0.20625 0.346875
8 0.68359375 0.3875 0.18125 0.365625
9 0.809375 0.39921875 0.1953125 0.3546875
54 0.46171875 0.68671875 0.696875 0.245312530 0.1 0.33671875 0.2 0.3328125
40 0.240625 0.346875 0.2046875 0.334375
1 0.425 0.37109375 0.196875 0.35
3 0.54375 0.375 0.20625 0.346875
8 0.68359375 0.3875 0.18125 0.365625
9 0.809375 0.39921875 0.1953125 0.3546875
54 0.46171875 0.68671875 0.696875 0.245312530 0.1 0.33671875 0.2 0.3328125
40 0.240625 0.346875 0.2046875 0.334375
1 0.425 0.37109375 0.196875 0.35
3 0.54375 0.375 0.20625 0.346875
8 0.68359375 0.3875 0.18125 0.365625
9 0.809375 0.39921875 0.1953125 0.3546875
54 0.46171875 0.68671875 0.696875 0.2453125