46 0.27734375 0.36015625 0.18125 0.434375
16 0.40859375 0.37890625 0.2 0.421875
1 0.56953125 0.3921875 0.1515625 0.403125
3 0.6859375 0.40859375 0.14375 0.403125
8 0.7859375 0.4140625 0.1375 0.3984375
8 0.89453125 0.4265625 0.1390625 0.403125
54 0.53828125 0.80625 0.596875 0.2687546 0.27734375 0.36015625 0.18125 0.434375
16 0.40859375 0.37890625 0.2 0.421875
1 0.56953125 0.3921875 0.1515625 0.403125
3 0.6859375 0.40859375 0.14375 0.403125
8 0.7859375 0.4140625 0.1375 0.3984375
8 0.89453125 0.4265625 0.1390625 0.403125
54 0.53828125 0.80625 0.596875 0.2687546 0.27734375 0.36015625 0.18125 0.434375
16 0.40859375 0.37890625 0.2 0.421875
1 0.56953125 0.3921875 0.1515625 0.403125
3 0.6859375 0.40859375 0.14375 0.403125
8 0.7859375 0.4140625 0.1375 0.3984375
8 0.89453125 0.4265625 0.1390625 0.403125
54 0.53828125 0.80625 0.596875 0.26875