46 0.26171875 0.38828125 0.13046875 0.421875
16 0.39453125 0.390625 0.15234375 0.40625
1 0.55625 0.384375 0.10390625 0.39375
3 0.6734375 0.38671875 0.096875 0.39453125
8 0.7734375 0.3796875 0.08984375 0.390625
8 0.8828125 0.37890625 0.0921875 0.39453125
54 0.575 0.79921875 0.5765625 0.246 0.26171875 0.38828125 0.13046875 0.421875
16 0.39453125 0.390625 0.15234375 0.40625
1 0.55625 0.384375 0.10390625 0.39375
3 0.6734375 0.38671875 0.096875 0.39453125
8 0.7734375 0.3796875 0.08984375 0.390625
8 0.8828125 0.37890625 0.0921875 0.39453125
54 0.575 0.79921875 0.5765625 0.246 0.26171875 0.38828125 0.13046875 0.421875
16 0.39453125 0.390625 0.15234375 0.40625
1 0.55625 0.384375 0.10390625 0.39375
3 0.6734375 0.38671875 0.096875 0.39453125
8 0.7734375 0.3796875 0.08984375 0.390625
8 0.8828125 0.37890625 0.0921875 0.39453125
54 0.575 0.79921875 0.5765625 0.2