46 0.253125 0.409375 0.1671875 0.43125
16 0.38515625 0.4 0.1875 0.41875
1 0.54609375 0.3796875 0.1375 0.4015625
3 0.66328125 0.371875 0.13125 0.4015625
8 0.76171875 0.35625 0.1234375 0.396875
8 0.87109375 0.34609375 0.1265625 0.4015625
54 0.60078125 0.79140625 0.5921875 0.2546 0.253125 0.409375 0.1671875 0.43125
16 0.38515625 0.4 0.1875 0.41875
1 0.54609375 0.3796875 0.1375 0.4015625
3 0.66328125 0.371875 0.13125 0.4015625
8 0.76171875 0.35625 0.1234375 0.396875
8 0.87109375 0.34609375 0.1265625 0.4015625
54 0.60078125 0.79140625 0.5921875 0.2546 0.253125 0.409375 0.1671875 0.43125
16 0.38515625 0.4 0.1875 0.41875
1 0.54609375 0.3796875 0.1375 0.4015625
3 0.66328125 0.371875 0.13125 0.4015625
8 0.76171875 0.35625 0.1234375 0.396875
8 0.87109375 0.34609375 0.1265625 0.4015625
54 0.60078125 0.79140625 0.5921875 0.25