30 0.10234375 0.33046875 0.2046875 0.3359375
40 0.24375 0.3421875 0.2109375 0.3359375
1 0.42734375 0.36953125 0.203125 0.3515625
3 0.54609375 0.37578125 0.2125 0.3484375
8 0.6859375 0.390625 0.1859375 0.3671875
9 0.8109375 0.4046875 0.2 0.35625
54 0.4578125 0.6859375 0.6984375 0.2562530 0.10234375 0.33046875 0.2046875 0.3359375
40 0.24375 0.3421875 0.2109375 0.3359375
1 0.42734375 0.36953125 0.203125 0.3515625
3 0.54609375 0.37578125 0.2125 0.3484375
8 0.6859375 0.390625 0.1859375 0.3671875
9 0.8109375 0.4046875 0.2 0.35625
54 0.4578125 0.6859375 0.6984375 0.2562530 0.10234375 0.33046875 0.2046875 0.3359375
40 0.24375 0.3421875 0.2109375 0.3359375
1 0.42734375 0.36953125 0.203125 0.3515625
3 0.54609375 0.37578125 0.2125 0.3484375
8 0.6859375 0.390625 0.1859375 0.3671875
9 0.8109375 0.4046875 0.2 0.35625
54 0.4578125 0.6859375 0.6984375 0.25625