30 0.08203125 0.3875 0.1640625 0.315625
40 0.22421875 0.3796875 0.16796875 0.31640625
1 0.41015625 0.38125 0.1578125 0.33359375
3 0.528125 0.3703125 0.16796875 0.328125
8 0.66875 0.365625 0.1390625 0.35078125
9 0.79453125 0.3625 0.1546875 0.33828125
54 0.484375 0.68984375 0.68203125 0.1632812530 0.08203125 0.3875 0.1640625 0.315625
40 0.22421875 0.3796875 0.16796875 0.31640625
1 0.41015625 0.38125 0.1578125 0.33359375
3 0.528125 0.3703125 0.16796875 0.328125
8 0.66875 0.365625 0.1390625 0.35078125
9 0.79453125 0.3625 0.1546875 0.33828125
54 0.484375 0.68984375 0.68203125 0.1632812530 0.08203125 0.3875 0.1640625 0.315625
40 0.22421875 0.3796875 0.16796875 0.31640625
1 0.41015625 0.38125 0.1578125 0.33359375
3 0.528125 0.3703125 0.16796875 0.328125
8 0.66875 0.365625 0.1390625 0.35078125
9 0.79453125 0.3625 0.1546875 0.33828125
54 0.484375 0.68984375 0.68203125 0.16328125