30 0.09140625 0.35859375 0.1828125 0.3265625
40 0.23359375 0.3609375 0.1890625 0.328125
1 0.41875 0.375 0.18125 0.34375
3 0.53671875 0.37265625 0.190625 0.3390625
8 0.67734375 0.37734375 0.1625 0.359375
9 0.803125 0.38359375 0.178125 0.3484375
54 0.47109375 0.68828125 0.6921875 0.210937530 0.09140625 0.35859375 0.1828125 0.3265625
40 0.23359375 0.3609375 0.1890625 0.328125
1 0.41875 0.375 0.18125 0.34375
3 0.53671875 0.37265625 0.190625 0.3390625
8 0.67734375 0.37734375 0.1625 0.359375
9 0.803125 0.38359375 0.178125 0.3484375
54 0.47109375 0.68828125 0.6921875 0.210937530 0.09140625 0.35859375 0.1828125 0.3265625
40 0.23359375 0.3609375 0.1890625 0.328125
1 0.41875 0.375 0.18125 0.34375
3 0.53671875 0.37265625 0.190625 0.3390625
8 0.67734375 0.37734375 0.1625 0.359375
9 0.803125 0.38359375 0.178125 0.3484375
54 0.47109375 0.68828125 0.6921875 0.2109375