46 0.2796875 0.35625 0.1875 0.4359375
16 0.4109375 0.37734375 0.2078125 0.4234375
1 0.571875 0.39296875 0.1578125 0.4046875
3 0.6875 0.41171875 0.1515625 0.4046875
8 0.7875 0.41875 0.14375 0.4
8 0.89609375 0.43359375 0.146875 0.403125
54 0.5328125 0.80703125 0.5984375 0.27812546 0.2796875 0.35625 0.1875 0.4359375
16 0.4109375 0.37734375 0.2078125 0.4234375
1 0.571875 0.39296875 0.1578125 0.4046875
3 0.6875 0.41171875 0.1515625 0.4046875
8 0.7875 0.41875 0.14375 0.4
8 0.89609375 0.43359375 0.146875 0.403125
54 0.5328125 0.80703125 0.5984375 0.27812546 0.2796875 0.35625 0.1875 0.4359375
16 0.4109375 0.37734375 0.2078125 0.4234375
1 0.571875 0.39296875 0.1578125 0.4046875
3 0.6875 0.41171875 0.1515625 0.4046875
8 0.7875 0.41875 0.14375 0.4
8 0.89609375 0.43359375 0.146875 0.403125
54 0.5328125 0.80703125 0.5984375 0.278125