30 0.0875 0.453125 0.175 0.3375
40 0.20859375 0.42421875 0.215625 0.3390625
1 0.39296875 0.396875 0.2078125 0.3546875
3 0.5078125 0.3671875 0.2171875 0.35
8 0.6453125 0.340625 0.1921875 0.36875
9 0.76953125 0.31796875 0.20625 0.3578125
54 0.5140625 0.68984375 0.6984375 0.267187530 0.0875 0.453125 0.175 0.3375
40 0.20859375 0.42421875 0.215625 0.3390625
1 0.39296875 0.396875 0.2078125 0.3546875
3 0.5078125 0.3671875 0.2171875 0.35
8 0.6453125 0.340625 0.1921875 0.36875
9 0.76953125 0.31796875 0.20625 0.3578125
54 0.5140625 0.68984375 0.6984375 0.267187530 0.0875 0.453125 0.175 0.3375
40 0.20859375 0.42421875 0.215625 0.3390625
1 0.39296875 0.396875 0.2078125 0.3546875
3 0.5078125 0.3671875 0.2171875 0.35
8 0.6453125 0.340625 0.1921875 0.36875
9 0.76953125 0.31796875 0.20625 0.3578125
54 0.5140625 0.68984375 0.6984375 0.2671875