11 0.20078125 0.35546875 0.1375 0.38203125
39 0.3328125 0.36015625 0.1546875 0.39921875
1 0.6546875 0.3640625 0.11328125 0.40234375
3 0.76953125 0.35859375 0.109375 0.39375
114 0.51328125 0.75390625 0.33359375 0.2187511 0.20078125 0.35546875 0.1375 0.38203125
39 0.3328125 0.36015625 0.1546875 0.39921875
1 0.6546875 0.3640625 0.11328125 0.40234375
3 0.76953125 0.35859375 0.109375 0.39375
114 0.51328125 0.75390625 0.33359375 0.2187511 0.20078125 0.35546875 0.1375 0.38203125
39 0.3328125 0.36015625 0.1546875 0.39921875
1 0.6546875 0.3640625 0.11328125 0.40234375
3 0.76953125 0.35859375 0.109375 0.39375
114 0.51328125 0.75390625 0.33359375 0.21875