11 0.2203125 0.3203125 0.1828125 0.3953125
39 0.35078125 0.340625 0.2015625 0.415625
1 0.6703125 0.38359375 0.1609375 0.4125
3 0.784375 0.3921875 0.15625 0.4046875
114 0.48203125 0.75390625 0.3578125 0.257812511 0.2203125 0.3203125 0.1828125 0.3953125
39 0.35078125 0.340625 0.2015625 0.415625
1 0.6703125 0.38359375 0.1609375 0.4125
3 0.784375 0.3921875 0.15625 0.4046875
114 0.48203125 0.75390625 0.3578125 0.257812511 0.2203125 0.3203125 0.1828125 0.3953125
39 0.35078125 0.340625 0.2015625 0.415625
1 0.6703125 0.38359375 0.1609375 0.4125
3 0.784375 0.3921875 0.15625 0.4046875
114 0.48203125 0.75390625 0.3578125 0.2578125