23 0.2296875 0.38671875 0.234375 0.3171875
14 0.4203125 0.39296875 0.19375 0.2734375
1 0.715625 0.4234375 0.178125 0.275
3 0.83515625 0.42421875 0.1765625 0.2546875
54 0.4125 0.66328125 0.7171875 0.2062523 0.2296875 0.38671875 0.234375 0.3171875
14 0.4203125 0.39296875 0.19375 0.2734375
1 0.715625 0.4234375 0.178125 0.275
3 0.83515625 0.42421875 0.1765625 0.2546875
54 0.4125 0.66328125 0.7171875 0.2062523 0.2296875 0.38671875 0.234375 0.3171875
14 0.4203125 0.39296875 0.19375 0.2734375
1 0.715625 0.4234375 0.178125 0.275
3 0.83515625 0.42421875 0.1765625 0.2546875
54 0.4125 0.66328125 0.7171875 0.20625