11 0.21171875 0.33515625 0.1640625 0.390625
39 0.34296875 0.34921875 0.1828125 0.409375
1 0.6640625 0.375 0.140625 0.409375
3 0.77890625 0.378125 0.1359375 0.4
114 0.4953125 0.75390625 0.3484375 0.242187511 0.21171875 0.33515625 0.1640625 0.390625
39 0.34296875 0.34921875 0.1828125 0.409375
1 0.6640625 0.375 0.140625 0.409375
3 0.77890625 0.378125 0.1359375 0.4
114 0.4953125 0.75390625 0.3484375 0.242187511 0.21171875 0.33515625 0.1640625 0.390625
39 0.34296875 0.34921875 0.1828125 0.409375
1 0.6640625 0.375 0.140625 0.409375
3 0.77890625 0.378125 0.1359375 0.4
114 0.4953125 0.75390625 0.3484375 0.2421875