11 0.18203125 0.40390625 0.1953125 0.3984375
39 0.31328125 0.38828125 0.215625 0.41875
1 0.63125 0.34140625 0.175 0.415625
3 0.74375 0.31796875 0.1703125 0.40625
114 0.553125 0.7484375 0.3640625 0.2687511 0.18203125 0.40390625 0.1953125 0.3984375
39 0.31328125 0.38828125 0.215625 0.41875
1 0.63125 0.34140625 0.175 0.415625
3 0.74375 0.31796875 0.1703125 0.40625
114 0.553125 0.7484375 0.3640625 0.2687511 0.18203125 0.40390625 0.1953125 0.3984375
39 0.31328125 0.38828125 0.215625 0.41875
1 0.63125 0.34140625 0.175 0.415625
3 0.74375 0.31796875 0.1703125 0.40625
114 0.553125 0.7484375 0.3640625 0.26875