11 0.19375 0.37109375 0.1578125 0.3890625
39 0.32578125 0.36875 0.175 0.40625
1 0.64765625 0.35625 0.134375 0.4078125
3 0.76171875 0.34453125 0.1296875 0.3984375
114 0.5265625 0.753125 0.3453125 0.235937511 0.19375 0.37109375 0.1578125 0.3890625
39 0.32578125 0.36875 0.175 0.40625
1 0.64765625 0.35625 0.134375 0.4078125
3 0.76171875 0.34453125 0.1296875 0.3984375
114 0.5265625 0.753125 0.3453125 0.235937511 0.19375 0.37109375 0.1578125 0.3890625
39 0.32578125 0.36875 0.175 0.40625
1 0.64765625 0.35625 0.134375 0.4078125
3 0.76171875 0.34453125 0.1296875 0.3984375
114 0.5265625 0.753125 0.3453125 0.2359375