50 0.1828125 0.40625 0.2078125 0.43125
23 0.3484375 0.41875 0.215625 0.4625
1 0.6484375 0.3625 0.153125 0.4203125
3 0.76796875 0.34453125 0.178125 0.4046875
54 0.540625 0.77734375 0.68125 0.270312550 0.1828125 0.40625 0.2078125 0.43125
23 0.3484375 0.41875 0.215625 0.4625
1 0.6484375 0.3625 0.153125 0.4203125
3 0.76796875 0.34453125 0.178125 0.4046875
54 0.540625 0.77734375 0.68125 0.270312550 0.1828125 0.40625 0.2078125 0.43125
23 0.3484375 0.41875 0.215625 0.4625
1 0.6484375 0.3625 0.153125 0.4203125
3 0.76796875 0.34453125 0.178125 0.4046875
54 0.540625 0.77734375 0.68125 0.2703125