23 0.22109375 0.4109375 0.240625 0.3203125
14 0.4109375 0.40078125 0.1984375 0.2765625
1 0.7078125 0.4046875 0.1828125 0.2765625
3 0.82734375 0.3953125 0.18125 0.25625
54 0.4265625 0.6703125 0.7203125 0.2187523 0.22109375 0.4109375 0.240625 0.3203125
14 0.4109375 0.40078125 0.1984375 0.2765625
1 0.7078125 0.4046875 0.1828125 0.2765625
3 0.82734375 0.3953125 0.18125 0.25625
54 0.4265625 0.6703125 0.7203125 0.2187523 0.22109375 0.4109375 0.240625 0.3203125
14 0.4109375 0.40078125 0.1984375 0.2765625
1 0.7078125 0.4046875 0.1828125 0.2765625
3 0.82734375 0.3953125 0.18125 0.25625
54 0.4265625 0.6703125 0.7203125 0.21875