11 0.1953125 0.3328125 0.275 0.425
1 0.4265625 0.36328125 0.1953125 0.409375
4 0.57265625 0.3890625 0.184375 0.409375
1 0.67734375 0.4 0.1640625 0.3984375
6 0.79375 0.40703125 0.190625 0.39375
103 0.50390625 0.7234375 0.3234375 0.19062511 0.1953125 0.3328125 0.275 0.425
1 0.4265625 0.36328125 0.1953125 0.409375
4 0.57265625 0.3890625 0.184375 0.409375
1 0.67734375 0.4 0.1640625 0.3984375
6 0.79375 0.40703125 0.190625 0.39375
103 0.50390625 0.7234375 0.3234375 0.19062511 0.1953125 0.3328125 0.275 0.425
1 0.4265625 0.36328125 0.1953125 0.409375
4 0.57265625 0.3890625 0.184375 0.409375
1 0.67734375 0.4 0.1640625 0.3984375
6 0.79375 0.40703125 0.190625 0.39375
103 0.50390625 0.7234375 0.3234375 0.190625