11 0.17734375 0.37109375 0.22734375 0.40078125
1 0.41015625 0.3734375 0.14765625 0.39453125
4 0.55859375 0.38125 0.13671875 0.39609375
1 0.6640625 0.37890625 0.11796875 0.38671875
6 0.78046875 0.371875 0.14609375 0.378125
103 0.53125 0.72109375 0.30703125 0.154687511 0.17734375 0.37109375 0.22734375 0.40078125
1 0.41015625 0.3734375 0.14765625 0.39453125
4 0.55859375 0.38125 0.13671875 0.39609375
1 0.6640625 0.37890625 0.11796875 0.38671875
6 0.78046875 0.371875 0.14609375 0.378125
103 0.53125 0.72109375 0.30703125 0.154687511 0.17734375 0.37109375 0.22734375 0.40078125
1 0.41015625 0.3734375 0.14765625 0.39453125
4 0.55859375 0.38125 0.13671875 0.39609375
1 0.6640625 0.37890625 0.11796875 0.38671875
6 0.78046875 0.371875 0.14609375 0.378125
103 0.53125 0.72109375 0.30703125 0.1546875