11 0.1671875 0.4 0.2609375 0.41875
1 0.39921875 0.38203125 0.18125 0.40625
4 0.54765625 0.3765625 0.1703125 0.40625
1 0.653125 0.36484375 0.1515625 0.3953125
6 0.76796875 0.34765625 0.178125 0.3890625
103 0.55078125 0.7171875 0.31875 0.1812511 0.1671875 0.4 0.2609375 0.41875
1 0.39921875 0.38203125 0.18125 0.40625
4 0.54765625 0.3765625 0.1703125 0.40625
1 0.653125 0.36484375 0.1515625 0.3953125
6 0.76796875 0.34765625 0.178125 0.3890625
103 0.55078125 0.7171875 0.31875 0.1812511 0.1671875 0.4 0.2609375 0.41875
1 0.39921875 0.38203125 0.18125 0.40625
4 0.54765625 0.3765625 0.1703125 0.40625
1 0.653125 0.36484375 0.1515625 0.3953125
6 0.76796875 0.34765625 0.178125 0.3890625
103 0.55078125 0.7171875 0.31875 0.18125