11 0.18203125 0.36015625 0.240625 0.4078125
1 0.41484375 0.3703125 0.1609375 0.4
4 0.5625 0.38359375 0.15 0.4
1 0.66796875 0.384375 0.13125 0.390625
6 0.78515625 0.38203125 0.159375 0.3828125
103 0.5234375 0.721875 0.3125 0.16562511 0.18203125 0.36015625 0.240625 0.4078125
1 0.41484375 0.3703125 0.1609375 0.4
4 0.5625 0.38359375 0.15 0.4
1 0.66796875 0.384375 0.13125 0.390625
6 0.78515625 0.38203125 0.159375 0.3828125
103 0.5234375 0.721875 0.3125 0.16562511 0.18203125 0.36015625 0.240625 0.4078125
1 0.41484375 0.3703125 0.1609375 0.4
4 0.5625 0.38359375 0.15 0.4
1 0.66796875 0.384375 0.13125 0.390625
6 0.78515625 0.38203125 0.159375 0.3828125
103 0.5234375 0.721875 0.3125 0.165625