11 0.175 0.3765625 0.234375 0.4046875
1 0.4078125 0.375 0.1546875 0.396875
4 0.55625 0.38046875 0.14375 0.3984375
1 0.66171875 0.37578125 0.125 0.3890625
6 0.778125 0.3671875 0.153125 0.38125
103 0.53515625 0.7203125 0.309375 0.15937511 0.175 0.3765625 0.234375 0.4046875
1 0.4078125 0.375 0.1546875 0.396875
4 0.55625 0.38046875 0.14375 0.3984375
1 0.66171875 0.37578125 0.125 0.3890625
6 0.778125 0.3671875 0.153125 0.38125
103 0.53515625 0.7203125 0.309375 0.15937511 0.175 0.3765625 0.234375 0.4046875
1 0.4078125 0.375 0.1546875 0.396875
4 0.55625 0.38046875 0.14375 0.3984375
1 0.66171875 0.37578125 0.125 0.3890625
6 0.778125 0.3671875 0.153125 0.38125
103 0.53515625 0.7203125 0.309375 0.159375