35 0.22421875 0.38671875 0.2203125 0.44375
1 0.44609375 0.39453125 0.125 0.4625
4 0.57578125 0.409375 0.15 0.465625
2 0.70625 0.41640625 0.1640625 0.45625
3 0.84140625 0.41953125 0.1484375 0.4453125
54 0.49296875 0.815625 0.7828125 0.220312535 0.22421875 0.38671875 0.2203125 0.44375
1 0.44609375 0.39453125 0.125 0.4625
4 0.57578125 0.409375 0.15 0.465625
2 0.70625 0.41640625 0.1640625 0.45625
3 0.84140625 0.41953125 0.1484375 0.4453125
54 0.49296875 0.815625 0.7828125 0.220312535 0.22421875 0.38671875 0.2203125 0.44375
1 0.44609375 0.39453125 0.125 0.4625
4 0.57578125 0.409375 0.15 0.465625
2 0.70625 0.41640625 0.1640625 0.45625
3 0.84140625 0.41953125 0.1484375 0.4453125
54 0.49296875 0.815625 0.7828125 0.2203125