35 0.22578125 0.38125 0.2265625 0.446875
1 0.44765625 0.39375 0.1328125 0.4640625
4 0.57734375 0.4109375 0.1578125 0.46875
2 0.7078125 0.4203125 0.1703125 0.459375
3 0.84296875 0.42578125 0.15625 0.446875
54 0.4875 0.815625 0.784375 0.232812535 0.22578125 0.38125 0.2265625 0.446875
1 0.44765625 0.39375 0.1328125 0.4640625
4 0.57734375 0.4109375 0.1578125 0.46875
2 0.7078125 0.4203125 0.1703125 0.459375
3 0.84296875 0.42578125 0.15625 0.446875
54 0.4875 0.815625 0.784375 0.232812535 0.22578125 0.38125 0.2265625 0.446875
1 0.44765625 0.39375 0.1328125 0.4640625
4 0.57734375 0.4109375 0.1578125 0.46875
2 0.7078125 0.4203125 0.1703125 0.459375
3 0.84296875 0.42578125 0.15625 0.446875
54 0.4875 0.815625 0.784375 0.2328125