35 0.2375 0.3578125 0.2640625 0.4625
1 0.45703125 0.38984375 0.171875 0.46875
4 0.58515625 0.41796875 0.196875 0.4765625
2 0.7140625 0.43828125 0.209375 0.4671875
3 0.84765625 0.45546875 0.19375 0.4546875
54 0.46015625 0.81328125 0.7953125 0.298437535 0.2375 0.3578125 0.2640625 0.4625
1 0.45703125 0.38984375 0.171875 0.46875
4 0.58515625 0.41796875 0.196875 0.4765625
2 0.7140625 0.43828125 0.209375 0.4671875
3 0.84765625 0.45546875 0.19375 0.4546875
54 0.46015625 0.81328125 0.7953125 0.298437535 0.2375 0.3578125 0.2640625 0.4625
1 0.45703125 0.38984375 0.171875 0.46875
4 0.58515625 0.41796875 0.196875 0.4765625
2 0.7140625 0.43828125 0.209375 0.4671875
3 0.84765625 0.45546875 0.19375 0.4546875
54 0.46015625 0.81328125 0.7953125 0.2984375