39 0.22734375 0.33515625 0.28125 0.475
1 0.4671875 0.375 0.1765625 0.475
4 0.5921875 0.39453125 0.234375 0.4859375
3 0.721875 0.4046875 0.203125 0.4640625
9 0.85546875 0.41953125 0.203125 0.46875
60 0.43671875 0.7671875 0.4 0.317187539 0.22734375 0.33515625 0.28125 0.475
1 0.4671875 0.375 0.1765625 0.475
4 0.5921875 0.39453125 0.234375 0.4859375
3 0.721875 0.4046875 0.203125 0.4640625
9 0.85546875 0.41953125 0.203125 0.46875
60 0.43671875 0.7671875 0.4 0.317187539 0.22734375 0.33515625 0.28125 0.475
1 0.4671875 0.375 0.1765625 0.475
4 0.5921875 0.39453125 0.234375 0.4859375
3 0.721875 0.4046875 0.203125 0.4640625
9 0.85546875 0.41953125 0.203125 0.46875
60 0.43671875 0.7671875 0.4 0.3171875