14 0.225 0.40234375 0.134375 0.35
11 0.35703125 0.4 0.1203125 0.3359375
1 0.5546875 0.41171875 0.0984375 0.3484375
4 0.65234375 0.4140625 0.1109375 0.359375
3 0.75546875 0.41171875 0.115625 0.346875
0 0.86171875 0.41328125 0.1015625 0.35
63 0.5078125 0.74296875 0.290625 0.170312514 0.225 0.40234375 0.134375 0.35
11 0.35703125 0.4 0.1203125 0.3359375
1 0.5546875 0.41171875 0.0984375 0.3484375
4 0.65234375 0.4140625 0.1109375 0.359375
3 0.75546875 0.41171875 0.115625 0.346875
0 0.86171875 0.41328125 0.1015625 0.35
63 0.5078125 0.74296875 0.290625 0.170312514 0.225 0.40234375 0.134375 0.35
11 0.35703125 0.4 0.1203125 0.3359375
1 0.5546875 0.41171875 0.0984375 0.3484375
4 0.65234375 0.4140625 0.1109375 0.359375
3 0.75546875 0.41171875 0.115625 0.346875
0 0.86171875 0.41328125 0.1015625 0.35
63 0.5078125 0.74296875 0.290625 0.1703125