14 0.24140625 0.36484375 0.18125 0.3640625
11 0.37265625 0.38125 0.165625 0.346875
1 0.56640625 0.4203125 0.1453125 0.3578125
4 0.6625 0.43671875 0.159375 0.3703125
3 0.765625 0.44765625 0.1625 0.3578125
0 0.8703125 0.46484375 0.1484375 0.3578125
63 0.4734375 0.7421875 0.3109375 0.207812514 0.24140625 0.36484375 0.18125 0.3640625
11 0.37265625 0.38125 0.165625 0.346875
1 0.56640625 0.4203125 0.1453125 0.3578125
4 0.6625 0.43671875 0.159375 0.3703125
3 0.765625 0.44765625 0.1625 0.3578125
0 0.8703125 0.46484375 0.1484375 0.3578125
63 0.4734375 0.7421875 0.3109375 0.207812514 0.24140625 0.36484375 0.18125 0.3640625
11 0.37265625 0.38125 0.165625 0.346875
1 0.56640625 0.4203125 0.1453125 0.3578125
4 0.6625 0.43671875 0.159375 0.3703125
3 0.765625 0.44765625 0.1625 0.3578125
0 0.8703125 0.46484375 0.1484375 0.3578125
63 0.4734375 0.7421875 0.3109375 0.2078125