14 0.2234375 0.40703125 0.12890625 0.34765625
11 0.35546875 0.40234375 0.11484375 0.33359375
1 0.553125 0.4109375 0.0921875 0.34765625
4 0.65078125 0.41171875 0.10546875 0.3578125
3 0.75390625 0.40703125 0.109375 0.3453125
0 0.86015625 0.40703125 0.0953125 0.34765625
63 0.51171875 0.74296875 0.28828125 0.1648437514 0.2234375 0.40703125 0.12890625 0.34765625
11 0.35546875 0.40234375 0.11484375 0.33359375
1 0.553125 0.4109375 0.0921875 0.34765625
4 0.65078125 0.41171875 0.10546875 0.3578125
3 0.75390625 0.40703125 0.109375 0.3453125
0 0.86015625 0.40703125 0.0953125 0.34765625
63 0.51171875 0.74296875 0.28828125 0.1648437514 0.2234375 0.40703125 0.12890625 0.34765625
11 0.35546875 0.40234375 0.11484375 0.33359375
1 0.553125 0.4109375 0.0921875 0.34765625
4 0.65078125 0.41171875 0.10546875 0.3578125
3 0.75390625 0.40703125 0.109375 0.3453125
0 0.86015625 0.40703125 0.0953125 0.34765625
63 0.51171875 0.74296875 0.28828125 0.16484375