39 0.19921875 0.39609375 0.2515625 0.4640625
1 0.44140625 0.384375 0.1453125 0.4703125
4 0.56796875 0.378125 0.203125 0.478125
3 0.696875 0.3609375 0.1734375 0.4578125
9 0.83046875 0.34765625 0.1734375 0.4625
60 0.49296875 0.77421875 0.384375 0.2937539 0.19921875 0.39609375 0.2515625 0.4640625
1 0.44140625 0.384375 0.1453125 0.4703125
4 0.56796875 0.378125 0.203125 0.478125
3 0.696875 0.3609375 0.1734375 0.4578125
9 0.83046875 0.34765625 0.1734375 0.4625
60 0.49296875 0.77421875 0.384375 0.2937539 0.19921875 0.39609375 0.2515625 0.4640625
1 0.44140625 0.384375 0.1453125 0.4703125
4 0.56796875 0.378125 0.203125 0.478125
3 0.696875 0.3609375 0.1734375 0.4578125
9 0.83046875 0.34765625 0.1734375 0.4625
60 0.49296875 0.77421875 0.384375 0.29375