39 0.21171875 0.36484375 0.2359375 0.45625
1 0.45390625 0.37890625 0.1296875 0.4671875
4 0.58046875 0.3859375 0.1859375 0.4734375
3 0.71015625 0.38203125 0.1578125 0.4546875
9 0.84453125 0.3828125 0.1578125 0.4578125
60 0.46484375 0.77265625 0.375 0.2812539 0.21171875 0.36484375 0.2359375 0.45625
1 0.45390625 0.37890625 0.1296875 0.4671875
4 0.58046875 0.3859375 0.1859375 0.4734375
3 0.71015625 0.38203125 0.1578125 0.4546875
9 0.84453125 0.3828125 0.1578125 0.4578125
60 0.46484375 0.77265625 0.375 0.2812539 0.21171875 0.36484375 0.2359375 0.45625
1 0.45390625 0.37890625 0.1296875 0.4671875
4 0.58046875 0.3859375 0.1859375 0.4734375
3 0.71015625 0.38203125 0.1578125 0.4546875
9 0.84453125 0.3828125 0.1578125 0.4578125
60 0.46484375 0.77265625 0.375 0.28125