14 0.2125 0.4515625 0.18125 0.3640625
11 0.3421875 0.42578125 0.165625 0.346875
1 0.53828125 0.40390625 0.1453125 0.3578125
4 0.63515625 0.3890625 0.159375 0.3703125
3 0.7359375 0.36875 0.1625 0.3578125
0 0.84140625 0.3515625 0.1484375 0.3578125
63 0.54921875 0.73828125 0.3109375 0.207812514 0.2125 0.4515625 0.18125 0.3640625
11 0.3421875 0.42578125 0.165625 0.346875
1 0.53828125 0.40390625 0.1453125 0.3578125
4 0.63515625 0.3890625 0.159375 0.3703125
3 0.7359375 0.36875 0.1625 0.3578125
0 0.84140625 0.3515625 0.1484375 0.3578125
63 0.54921875 0.73828125 0.3109375 0.207812514 0.2125 0.4515625 0.18125 0.3640625
11 0.3421875 0.42578125 0.165625 0.346875
1 0.53828125 0.40390625 0.1453125 0.3578125
4 0.63515625 0.3890625 0.159375 0.3703125
3 0.7359375 0.36875 0.1625 0.3578125
0 0.84140625 0.3515625 0.1484375 0.3578125
63 0.54921875 0.73828125 0.3109375 0.2078125