50 0.278125 0.334375 0.2109375 0.478125
1 0.49609375 0.3640625 0.1234375 0.4859375
4 0.6140625 0.37890625 0.153125 0.478125
4 0.740625 0.403125 0.1796875 0.484375
8 0.86015625 0.4203125 0.1625 0.496875
54 0.49921875 0.79921875 0.753125 0.232812550 0.278125 0.334375 0.2109375 0.478125
1 0.49609375 0.3640625 0.1234375 0.4859375
4 0.6140625 0.37890625 0.153125 0.478125
4 0.740625 0.403125 0.1796875 0.484375
8 0.86015625 0.4203125 0.1625 0.496875
54 0.49921875 0.79921875 0.753125 0.232812550 0.278125 0.334375 0.2109375 0.478125
1 0.49609375 0.3640625 0.1234375 0.4859375
4 0.6140625 0.37890625 0.153125 0.478125
4 0.740625 0.403125 0.1796875 0.484375
8 0.86015625 0.4203125 0.1625 0.496875
54 0.49921875 0.79921875 0.753125 0.2328125