50 0.253125 0.375 0.2265625 0.4828125
1 0.47265625 0.3671875 0.1390625 0.4875
4 0.59140625 0.3609375 0.1703125 0.4796875
4 0.7203125 0.36328125 0.1953125 0.4890625
8 0.84140625 0.35859375 0.178125 0.5
54 0.5515625 0.79453125 0.7578125 0.25937550 0.253125 0.375 0.2265625 0.4828125
1 0.47265625 0.3671875 0.1390625 0.4875
4 0.59140625 0.3609375 0.1703125 0.4796875
4 0.7203125 0.36328125 0.1953125 0.4890625
8 0.84140625 0.35859375 0.178125 0.5
54 0.5515625 0.79453125 0.7578125 0.25937550 0.253125 0.375 0.2265625 0.4828125
1 0.47265625 0.3671875 0.1390625 0.4875
4 0.59140625 0.3609375 0.1703125 0.4796875
4 0.7203125 0.36328125 0.1953125 0.4890625
8 0.84140625 0.35859375 0.178125 0.5
54 0.5515625 0.79453125 0.7578125 0.259375