50 0.290625 0.31875 0.2421875 0.4875
1 0.50546875 0.3640625 0.15625 0.4890625
4 0.62265625 0.38671875 0.1859375 0.4828125
4 0.746875 0.4203125 0.2109375 0.4921875
8 0.86484375 0.4453125 0.1953125 0.503125
54 0.47890625 0.7984375 0.7609375 0.28437550 0.290625 0.31875 0.2421875 0.4875
1 0.50546875 0.3640625 0.15625 0.4890625
4 0.62265625 0.38671875 0.1859375 0.4828125
4 0.746875 0.4203125 0.2109375 0.4921875
8 0.86484375 0.4453125 0.1953125 0.503125
54 0.47890625 0.7984375 0.7609375 0.28437550 0.290625 0.31875 0.2421875 0.4875
1 0.50546875 0.3640625 0.15625 0.4890625
4 0.62265625 0.38671875 0.1859375 0.4828125
4 0.746875 0.4203125 0.2109375 0.4921875
8 0.86484375 0.4453125 0.1953125 0.503125
54 0.47890625 0.7984375 0.7609375 0.284375