50 0.2671875 0.35 0.17890625 0.4671875
1 0.48671875 0.36484375 0.08984375 0.48046875
4 0.60546875 0.37109375 0.12109375 0.4703125
4 0.73359375 0.38671875 0.14609375 0.47578125
8 0.85390625 0.3953125 0.128125 0.48984375
54 0.5203125 0.7984375 0.74296875 0.1820312550 0.2671875 0.35 0.17890625 0.4671875
1 0.48671875 0.36484375 0.08984375 0.48046875
4 0.60546875 0.37109375 0.12109375 0.4703125
4 0.73359375 0.38671875 0.14609375 0.47578125
8 0.85390625 0.3953125 0.128125 0.48984375
54 0.5203125 0.7984375 0.74296875 0.1820312550 0.2671875 0.35 0.17890625 0.4671875
1 0.48671875 0.36484375 0.08984375 0.48046875
4 0.60546875 0.37109375 0.12109375 0.4703125
4 0.73359375 0.38671875 0.14609375 0.47578125
8 0.85390625 0.3953125 0.128125 0.48984375
54 0.5203125 0.7984375 0.74296875 0.18203125