46 0.1734375 0.36796875 0.15078125 0.39765625
11 0.33515625 0.37109375 0.159375 0.36328125
1 0.53671875 0.39140625 0.1109375 0.3734375
4 0.65078125 0.3984375 0.14765625 0.35390625
4 0.76953125 0.4125 0.13203125 0.3421875
5 0.8828125 0.4296875 0.12890625 0.35390625
54 0.46953125 0.759375 0.69453125 0.2398437546 0.1734375 0.36796875 0.15078125 0.39765625
11 0.33515625 0.37109375 0.159375 0.36328125
1 0.53671875 0.39140625 0.1109375 0.3734375
4 0.65078125 0.3984375 0.14765625 0.35390625
4 0.76953125 0.4125 0.13203125 0.3421875
5 0.8828125 0.4296875 0.12890625 0.35390625
54 0.46953125 0.759375 0.69453125 0.2398437546 0.1734375 0.36796875 0.15078125 0.39765625
11 0.33515625 0.37109375 0.159375 0.36328125
1 0.53671875 0.39140625 0.1109375 0.3734375
4 0.65078125 0.3984375 0.14765625 0.35390625
4 0.76953125 0.4125 0.13203125 0.3421875
5 0.8828125 0.4296875 0.12890625 0.35390625
54 0.46953125 0.759375 0.69453125 0.23984375