46 0.16484375 0.39140625 0.178125 0.4078125
11 0.3265625 0.3828125 0.184375 0.3734375
1 0.52890625 0.3890625 0.1359375 0.3796875
4 0.64296875 0.38828125 0.171875 0.3640625
4 0.7625 0.39375 0.15625 0.35
5 0.87734375 0.403125 0.153125 0.3625
54 0.4875 0.7609375 0.709375 0.287546 0.16484375 0.39140625 0.178125 0.4078125
11 0.3265625 0.3828125 0.184375 0.3734375
1 0.52890625 0.3890625 0.1359375 0.3796875
4 0.64296875 0.38828125 0.171875 0.3640625
4 0.7625 0.39375 0.15625 0.35
5 0.87734375 0.403125 0.153125 0.3625
54 0.4875 0.7609375 0.709375 0.287546 0.16484375 0.39140625 0.178125 0.4078125
11 0.3265625 0.3828125 0.184375 0.3734375
1 0.52890625 0.3890625 0.1359375 0.3796875
4 0.64296875 0.38828125 0.171875 0.3640625
4 0.7625 0.39375 0.15625 0.35
5 0.87734375 0.403125 0.153125 0.3625
54 0.4875 0.7609375 0.709375 0.2875