33 0.196875 0.37421875 0.175 0.3828125
40 0.34765625 0.3796875 0.146875 0.3859375
1 0.56171875 0.38828125 0.128125 0.3859375
4 0.6671875 0.3828125 0.1203125 0.3703125
5 0.78125 0.3890625 0.140625 0.3828125
3 0.90234375 0.4 0.125 0.365625
67 0.49609375 0.753125 0.5109375 0.2812533 0.196875 0.37421875 0.175 0.3828125
40 0.34765625 0.3796875 0.146875 0.3859375
1 0.56171875 0.38828125 0.128125 0.3859375
4 0.6671875 0.3828125 0.1203125 0.3703125
5 0.78125 0.3890625 0.140625 0.3828125
3 0.90234375 0.4 0.125 0.365625
67 0.49609375 0.753125 0.5109375 0.2812533 0.196875 0.37421875 0.175 0.3828125
40 0.34765625 0.3796875 0.146875 0.3859375
1 0.56171875 0.38828125 0.128125 0.3859375
4 0.6671875 0.3828125 0.1203125 0.3703125
5 0.78125 0.3890625 0.140625 0.3828125
3 0.90234375 0.4 0.125 0.365625
67 0.49609375 0.753125 0.5109375 0.28125