23 0.15703125 0.34609375 0.171875 0.47265625
31 0.31171875 0.33984375 0.18359375 0.4234375
1 0.5578125 0.3484375 0.11796875 0.421875
4 0.67578125 0.35859375 0.14375 0.425
5 0.81484375 0.3640625 0.16328125 0.421875
54 0.45 0.76640625 0.659375 0.2601562523 0.15703125 0.34609375 0.171875 0.47265625
31 0.31171875 0.33984375 0.18359375 0.4234375
1 0.5578125 0.3484375 0.11796875 0.421875
4 0.67578125 0.35859375 0.14375 0.425
5 0.81484375 0.3640625 0.16328125 0.421875
54 0.45 0.76640625 0.659375 0.2601562523 0.15703125 0.34609375 0.171875 0.47265625
31 0.31171875 0.33984375 0.18359375 0.4234375
1 0.5578125 0.3484375 0.11796875 0.421875
4 0.67578125 0.35859375 0.14375 0.425
5 0.81484375 0.3640625 0.16328125 0.421875
54 0.45 0.76640625 0.659375 0.26015625