33 0.190625 0.390625 0.15625 0.375
40 0.34140625 0.3875 0.1265625 0.38046875
1 0.55546875 0.38515625 0.1078125 0.38046875
4 0.6609375 0.37421875 0.10078125 0.36484375
5 0.775 0.37421875 0.12109375 0.3765625
3 0.896875 0.37890625 0.10625 0.3609375
67 0.509375 0.753125 0.4984375 0.2554687533 0.190625 0.390625 0.15625 0.375
40 0.34140625 0.3875 0.1265625 0.38046875
1 0.55546875 0.38515625 0.1078125 0.38046875
4 0.6609375 0.37421875 0.10078125 0.36484375
5 0.775 0.37421875 0.12109375 0.3765625
3 0.896875 0.37890625 0.10625 0.3609375
67 0.509375 0.753125 0.4984375 0.2554687533 0.190625 0.390625 0.15625 0.375
40 0.34140625 0.3875 0.1265625 0.38046875
1 0.55546875 0.38515625 0.1078125 0.38046875
4 0.6609375 0.37421875 0.10078125 0.36484375
5 0.775 0.37421875 0.12109375 0.3765625
3 0.896875 0.37890625 0.10625 0.3609375
67 0.509375 0.753125 0.4984375 0.25546875