21 0.2296875 0.44453125 0.1546875 0.3890625
35 0.3734375 0.425 0.16484375 0.35234375
1 0.54921875 0.42109375 0.10390625 0.33671875
4 0.66484375 0.42578125 0.1078125 0.35234375
5 0.7703125 0.41875 0.11484375 0.32421875
3 0.88515625 0.4265625 0.1109375 0.3140625
54 0.55859375 0.75078125 0.61640625 0.185937521 0.2296875 0.44453125 0.1546875 0.3890625
35 0.3734375 0.425 0.16484375 0.35234375
1 0.54921875 0.42109375 0.10390625 0.33671875
4 0.66484375 0.42578125 0.1078125 0.35234375
5 0.7703125 0.41875 0.11484375 0.32421875
3 0.88515625 0.4265625 0.1109375 0.3140625
54 0.55859375 0.75078125 0.61640625 0.185937521 0.2296875 0.44453125 0.1546875 0.3890625
35 0.3734375 0.425 0.16484375 0.35234375
1 0.54921875 0.42109375 0.10390625 0.33671875
4 0.66484375 0.42578125 0.1078125 0.35234375
5 0.7703125 0.41875 0.11484375 0.32421875
3 0.88515625 0.4265625 0.1109375 0.3140625
54 0.55859375 0.75078125 0.61640625 0.1859375