33 0.18203125 0.41796875 0.1890625 0.3875
40 0.33203125 0.4015625 0.159375 0.390625
1 0.5453125 0.38046875 0.140625 0.3890625
4 0.64921875 0.3609375 0.1328125 0.371875
5 0.76328125 0.35078125 0.153125 0.3859375
3 0.88515625 0.34453125 0.1375 0.36875
67 0.53125 0.7515625 0.51875 0.298437533 0.18203125 0.41796875 0.1890625 0.3875
40 0.33203125 0.4015625 0.159375 0.390625
1 0.5453125 0.38046875 0.140625 0.3890625
4 0.64921875 0.3609375 0.1328125 0.371875
5 0.76328125 0.35078125 0.153125 0.3859375
3 0.88515625 0.34453125 0.1375 0.36875
67 0.53125 0.7515625 0.51875 0.298437533 0.18203125 0.41796875 0.1890625 0.3875
40 0.33203125 0.4015625 0.159375 0.390625
1 0.5453125 0.38046875 0.140625 0.3890625
4 0.64921875 0.3609375 0.1328125 0.371875
5 0.76328125 0.35078125 0.153125 0.3859375
3 0.88515625 0.34453125 0.1375 0.36875
67 0.53125 0.7515625 0.51875 0.2984375