21 0.24375 0.3984375 0.2203125 0.409375
35 0.38828125 0.40390625 0.2234375 0.375
1 0.5625 0.43046875 0.1609375 0.35
4 0.675 0.45546875 0.1671875 0.365625
5 0.78046875 0.4671875 0.16875 0.3390625
3 0.8921875 0.49453125 0.1640625 0.328125
54 0.5140625 0.75703125 0.6390625 0.29062521 0.24375 0.3984375 0.2203125 0.409375
35 0.38828125 0.40390625 0.2234375 0.375
1 0.5625 0.43046875 0.1609375 0.35
4 0.675 0.45546875 0.1671875 0.365625
5 0.78046875 0.4671875 0.16875 0.3390625
3 0.8921875 0.49453125 0.1640625 0.328125
54 0.5140625 0.75703125 0.6390625 0.29062521 0.24375 0.3984375 0.2203125 0.409375
35 0.38828125 0.40390625 0.2234375 0.375
1 0.5625 0.43046875 0.1609375 0.35
4 0.675 0.45546875 0.1671875 0.365625
5 0.78046875 0.4671875 0.16875 0.3390625
3 0.8921875 0.49453125 0.1640625 0.328125
54 0.5140625 0.75703125 0.6390625 0.290625