33 0.18125 0.4234375 0.1953125 0.3890625
40 0.33046875 0.4046875 0.165625 0.3921875
1 0.54296875 0.3796875 0.146875 0.3890625
4 0.646875 0.3578125 0.1390625 0.3734375
5 0.76015625 0.34609375 0.159375 0.3875
3 0.88203125 0.33828125 0.14375 0.3703125
67 0.5359375 0.75078125 0.521875 0.3062533 0.18125 0.4234375 0.1953125 0.3890625
40 0.33046875 0.4046875 0.165625 0.3921875
1 0.54296875 0.3796875 0.146875 0.3890625
4 0.646875 0.3578125 0.1390625 0.3734375
5 0.76015625 0.34609375 0.159375 0.3875
3 0.88203125 0.33828125 0.14375 0.3703125
67 0.5359375 0.75078125 0.521875 0.3062533 0.18125 0.4234375 0.1953125 0.3890625
40 0.33046875 0.4046875 0.165625 0.3921875
1 0.54296875 0.3796875 0.146875 0.3890625
4 0.646875 0.3578125 0.1390625 0.3734375
5 0.76015625 0.34609375 0.159375 0.3875
3 0.88203125 0.33828125 0.14375 0.3703125
67 0.5359375 0.75078125 0.521875 0.30625