33 0.2015625 0.3640625 0.1890625 0.3875
40 0.3515625 0.37421875 0.159375 0.390625
1 0.565625 0.390625 0.140625 0.3890625
4 0.67109375 0.3890625 0.1328125 0.371875
5 0.78515625 0.3984375 0.153125 0.3859375
3 0.90625 0.4140625 0.1375 0.36875
67 0.4875 0.753125 0.51875 0.298437533 0.2015625 0.3640625 0.1890625 0.3875
40 0.3515625 0.37421875 0.159375 0.390625
1 0.565625 0.390625 0.140625 0.3890625
4 0.67109375 0.3890625 0.1328125 0.371875
5 0.78515625 0.3984375 0.153125 0.3859375
3 0.90625 0.4140625 0.1375 0.36875
67 0.4875 0.753125 0.51875 0.298437533 0.2015625 0.3640625 0.1890625 0.3875
40 0.3515625 0.37421875 0.159375 0.390625
1 0.565625 0.390625 0.140625 0.3890625
4 0.67109375 0.3890625 0.1328125 0.371875
5 0.78515625 0.3984375 0.153125 0.3859375
3 0.90625 0.4140625 0.1375 0.36875
67 0.4875 0.753125 0.51875 0.2984375