21 0.23828125 0.41171875 0.2015625 0.4046875
35 0.38359375 0.41015625 0.20625 0.3703125
1 0.55859375 0.42734375 0.14375 0.346875
4 0.67265625 0.44609375 0.15 0.3625
5 0.778125 0.45234375 0.153125 0.3359375
3 0.89140625 0.47421875 0.1484375 0.325
54 0.52734375 0.75625 0.634375 0.25937521 0.23828125 0.41171875 0.2015625 0.4046875
35 0.38359375 0.41015625 0.20625 0.3703125
1 0.55859375 0.42734375 0.14375 0.346875
4 0.67265625 0.44609375 0.15 0.3625
5 0.778125 0.45234375 0.153125 0.3359375
3 0.89140625 0.47421875 0.1484375 0.325
54 0.52734375 0.75625 0.634375 0.25937521 0.23828125 0.41171875 0.2015625 0.4046875
35 0.38359375 0.41015625 0.20625 0.3703125
1 0.55859375 0.42734375 0.14375 0.346875
4 0.67265625 0.44609375 0.15 0.3625
5 0.778125 0.45234375 0.153125 0.3359375
3 0.89140625 0.47421875 0.1484375 0.325
54 0.52734375 0.75625 0.634375 0.259375