31 0.2125 0.31640625 0.259375 0.4765625
1 0.45234375 0.353125 0.190625 0.46875
4 0.590625 0.37734375 0.19375 0.4734375
7 0.70625 0.39609375 0.20625 0.45625
0 0.83671875 0.41015625 0.2046875 0.4609375
54 0.4625 0.784375 0.815625 0.326562531 0.2125 0.31640625 0.259375 0.4765625
1 0.45234375 0.353125 0.190625 0.46875
4 0.590625 0.37734375 0.19375 0.4734375
7 0.70625 0.39609375 0.20625 0.45625
0 0.83671875 0.41015625 0.2046875 0.4609375
54 0.4625 0.784375 0.815625 0.326562531 0.2125 0.31640625 0.259375 0.4765625
1 0.45234375 0.353125 0.190625 0.46875
4 0.590625 0.37734375 0.19375 0.4734375
7 0.70625 0.39609375 0.20625 0.45625
0 0.83671875 0.41015625 0.2046875 0.4609375
54 0.4625 0.784375 0.815625 0.3265625