31 0.1875 0.36328125 0.190625 0.4515625
1 0.4296875 0.3625 0.12109375 0.4546875
4 0.5703125 0.36484375 0.1234375 0.46015625
7 0.6875 0.36484375 0.1390625 0.440625
0 0.81875 0.35859375 0.1375 0.44453125
54 0.5078125 0.78671875 0.79375 0.204687531 0.1875 0.36328125 0.190625 0.4515625
1 0.4296875 0.3625 0.12109375 0.4546875
4 0.5703125 0.36484375 0.1234375 0.46015625
7 0.6875 0.36484375 0.1390625 0.440625
0 0.81875 0.35859375 0.1375 0.44453125
54 0.5078125 0.78671875 0.79375 0.204687531 0.1875 0.36328125 0.190625 0.4515625
1 0.4296875 0.3625 0.12109375 0.4546875
4 0.5703125 0.36484375 0.1234375 0.46015625
7 0.6875 0.36484375 0.1390625 0.440625
0 0.81875 0.35859375 0.1375 0.44453125
54 0.5078125 0.78671875 0.79375 0.2046875