35 0.15625 0.39609375 0.15625 0.403125
33 0.303125 0.39140625 0.14609375 0.390625
1 0.50703125 0.3984375 0.1109375 0.421875
4 0.62265625 0.38984375 0.11484375 0.4046875
8 0.7390625 0.39453125 0.11484375 0.41015625
1 0.859375 0.39765625 0.1109375 0.40625
63 0.51171875 0.75546875 0.27109375 0.1789062535 0.15625 0.39609375 0.15625 0.403125
33 0.303125 0.39140625 0.14609375 0.390625
1 0.50703125 0.3984375 0.1109375 0.421875
4 0.62265625 0.38984375 0.11484375 0.4046875
8 0.7390625 0.39453125 0.11484375 0.41015625
1 0.859375 0.39765625 0.1109375 0.40625
63 0.51171875 0.75546875 0.27109375 0.1789062535 0.15625 0.39609375 0.15625 0.403125
33 0.303125 0.39140625 0.14609375 0.390625
1 0.50703125 0.3984375 0.1109375 0.421875
4 0.62265625 0.38984375 0.11484375 0.4046875
8 0.7390625 0.39453125 0.11484375 0.41015625
1 0.859375 0.39765625 0.1109375 0.40625
63 0.51171875 0.75546875 0.27109375 0.17890625