35 0.1515625 0.4140625 0.1765625 0.4109375
33 0.29765625 0.4015625 0.165625 0.3984375
1 0.5015625 0.3984375 0.1328125 0.4265625
4 0.61640625 0.38359375 0.1359375 0.409375
8 0.73359375 0.38203125 0.1359375 0.415625
1 0.85390625 0.37890625 0.1328125 0.4109375
63 0.525 0.7546875 0.2796875 0.192187535 0.1515625 0.4140625 0.1765625 0.4109375
33 0.29765625 0.4015625 0.165625 0.3984375
1 0.5015625 0.3984375 0.1328125 0.4265625
4 0.61640625 0.38359375 0.1359375 0.409375
8 0.73359375 0.38203125 0.1359375 0.415625
1 0.85390625 0.37890625 0.1328125 0.4109375
63 0.525 0.7546875 0.2796875 0.192187535 0.1515625 0.4140625 0.1765625 0.4109375
33 0.29765625 0.4015625 0.165625 0.3984375
1 0.5015625 0.3984375 0.1328125 0.4265625
4 0.61640625 0.38359375 0.1359375 0.409375
8 0.73359375 0.38203125 0.1359375 0.415625
1 0.85390625 0.37890625 0.1328125 0.4109375
63 0.525 0.7546875 0.2796875 0.1921875