35 0.153125 0.4078125 0.1703125 0.4078125
33 0.29921875 0.3984375 0.159375 0.3953125
1 0.503125 0.3984375 0.125 0.425
4 0.61875 0.3859375 0.128125 0.4078125
8 0.73515625 0.3859375 0.1296875 0.4140625
1 0.85546875 0.38515625 0.125 0.409375
63 0.5203125 0.7546875 0.2765625 0.187535 0.153125 0.4078125 0.1703125 0.4078125
33 0.29921875 0.3984375 0.159375 0.3953125
1 0.503125 0.3984375 0.125 0.425
4 0.61875 0.3859375 0.128125 0.4078125
8 0.73515625 0.3859375 0.1296875 0.4140625
1 0.85546875 0.38515625 0.125 0.409375
63 0.5203125 0.7546875 0.2765625 0.187535 0.153125 0.4078125 0.1703125 0.4078125
33 0.29921875 0.3984375 0.159375 0.3953125
1 0.503125 0.3984375 0.125 0.425
4 0.61875 0.3859375 0.128125 0.4078125
8 0.73515625 0.3859375 0.1296875 0.4140625
1 0.85546875 0.38515625 0.125 0.409375
63 0.5203125 0.7546875 0.2765625 0.1875