35 0.16875 0.3609375 0.196875 0.4171875
33 0.315625 0.37109375 0.1859375 0.403125
1 0.51796875 0.4 0.1546875 0.43125
4 0.63359375 0.403125 0.15625 0.4140625
8 0.7484375 0.4203125 0.1578125 0.4203125
1 0.86796875 0.4359375 0.153125 0.415625
63 0.48515625 0.75546875 0.2890625 0.2062535 0.16875 0.3609375 0.196875 0.4171875
33 0.315625 0.37109375 0.1859375 0.403125
1 0.51796875 0.4 0.1546875 0.43125
4 0.63359375 0.403125 0.15625 0.4140625
8 0.7484375 0.4203125 0.1578125 0.4203125
1 0.86796875 0.4359375 0.153125 0.415625
63 0.48515625 0.75546875 0.2890625 0.2062535 0.16875 0.3609375 0.196875 0.4171875
33 0.315625 0.37109375 0.1859375 0.403125
1 0.51796875 0.4 0.1546875 0.43125
4 0.63359375 0.403125 0.15625 0.4140625
8 0.7484375 0.4203125 0.1578125 0.4203125
1 0.86796875 0.4359375 0.153125 0.415625
63 0.48515625 0.75546875 0.2890625 0.20625