10 0.1328125 0.365625 0.1703125 0.475
27 0.28359375 0.36796875 0.1390625 0.4625
1 0.50234375 0.3875 0.128125 0.484375
4 0.6296875 0.3875 0.134375 0.4796875
8 0.76171875 0.38359375 0.13125 0.4796875
7 0.89140625 0.384375 0.15 0.4640625
88 0.49609375 0.77890625 0.38125 0.28437510 0.1328125 0.365625 0.1703125 0.475
27 0.28359375 0.36796875 0.1390625 0.4625
1 0.50234375 0.3875 0.128125 0.484375
4 0.6296875 0.3875 0.134375 0.4796875
8 0.76171875 0.38359375 0.13125 0.4796875
7 0.89140625 0.384375 0.15 0.4640625
88 0.49609375 0.77890625 0.38125 0.28437510 0.1328125 0.365625 0.1703125 0.475
27 0.28359375 0.36796875 0.1390625 0.4625
1 0.50234375 0.3875 0.128125 0.484375
4 0.6296875 0.3875 0.134375 0.4796875
8 0.76171875 0.38359375 0.13125 0.4796875
7 0.89140625 0.384375 0.15 0.4640625
88 0.49609375 0.77890625 0.38125 0.284375