20 0.14296875 0.3734375 0.17734375 0.49453125
23 0.303125 0.36171875 0.1546875 0.47265625
1 0.4921875 0.3421875 0.1125 0.42890625
4 0.6171875 0.34921875 0.12890625 0.44921875
9 0.75390625 0.3359375 0.12890625 0.4390625
4 0.88515625 0.34453125 0.121875 0.45625
54 0.5015625 0.7859375 0.70703125 0.2257812520 0.14296875 0.3734375 0.17734375 0.49453125
23 0.303125 0.36171875 0.1546875 0.47265625
1 0.4921875 0.3421875 0.1125 0.42890625
4 0.6171875 0.34921875 0.12890625 0.44921875
9 0.75390625 0.3359375 0.12890625 0.4390625
4 0.88515625 0.34453125 0.121875 0.45625
54 0.5015625 0.7859375 0.70703125 0.2257812520 0.14296875 0.3734375 0.17734375 0.49453125
23 0.303125 0.36171875 0.1546875 0.47265625
1 0.4921875 0.3421875 0.1125 0.42890625
4 0.6171875 0.34921875 0.12890625 0.44921875
9 0.75390625 0.3359375 0.12890625 0.4390625
4 0.88515625 0.34453125 0.121875 0.45625
54 0.5015625 0.7859375 0.70703125 0.22578125