11 0.20546875 0.40390625 0.1484375 0.4125
30 0.34296875 0.40546875 0.121875 0.3875
1 0.53828125 0.39765625 0.1125 0.3921875
4 0.640625 0.39453125 0.10625 0.3859375
9 0.7421875 0.39140625 0.11875 0.3765625
0 0.85 0.39765625 0.0984375 0.3796875
63 0.5015625 0.76171875 0.26875 0.2062511 0.20546875 0.40390625 0.1484375 0.4125
30 0.34296875 0.40546875 0.121875 0.3875
1 0.53828125 0.39765625 0.1125 0.3921875
4 0.640625 0.39453125 0.10625 0.3859375
9 0.7421875 0.39140625 0.11875 0.3765625
0 0.85 0.39765625 0.0984375 0.3796875
63 0.5015625 0.76171875 0.26875 0.2062511 0.20546875 0.40390625 0.1484375 0.4125
30 0.34296875 0.40546875 0.121875 0.3875
1 0.53828125 0.39765625 0.1125 0.3921875
4 0.640625 0.39453125 0.10625 0.3859375
9 0.7421875 0.39140625 0.11875 0.3765625
0 0.85 0.39765625 0.0984375 0.3796875
63 0.5015625 0.76171875 0.26875 0.20625