19 0.15703125 0.30859375 0.2578125 0.48125
19 0.325 0.3390625 0.246875 0.478125
1 0.52109375 0.3796875 0.19375 0.4890625
4 0.6484375 0.39609375 0.2171875 0.490625
9 0.76875 0.42109375 0.1921875 0.46875
9 0.8953125 0.44140625 0.209375 0.4796875
54 0.45625 0.80390625 0.7125 0.360937519 0.15703125 0.30859375 0.2578125 0.48125
19 0.325 0.3390625 0.246875 0.478125
1 0.52109375 0.3796875 0.19375 0.4890625
4 0.6484375 0.39609375 0.2171875 0.490625
9 0.76875 0.42109375 0.1921875 0.46875
9 0.8953125 0.44140625 0.209375 0.4796875
54 0.45625 0.80390625 0.7125 0.360937519 0.15703125 0.30859375 0.2578125 0.48125
19 0.325 0.3390625 0.246875 0.478125
1 0.52109375 0.3796875 0.19375 0.4890625
4 0.6484375 0.39609375 0.2171875 0.490625
9 0.76875 0.42109375 0.1921875 0.46875
9 0.8953125 0.44140625 0.209375 0.4796875
54 0.45625 0.80390625 0.7125 0.3609375