20 0.13671875 0.3921875 0.203125 0.503125
23 0.29609375 0.371875 0.1796875 0.4796875
1 0.48359375 0.34296875 0.134375 0.434375
4 0.609375 0.34296875 0.1515625 0.4546875
9 0.7453125 0.32265625 0.1515625 0.4453125
4 0.8765625 0.32421875 0.1453125 0.4625
54 0.51640625 0.78515625 0.7171875 0.262520 0.13671875 0.3921875 0.203125 0.503125
23 0.29609375 0.371875 0.1796875 0.4796875
1 0.48359375 0.34296875 0.134375 0.434375
4 0.609375 0.34296875 0.1515625 0.4546875
9 0.7453125 0.32265625 0.1515625 0.4453125
4 0.8765625 0.32421875 0.1453125 0.4625
54 0.51640625 0.78515625 0.7171875 0.262520 0.13671875 0.3921875 0.203125 0.503125
23 0.29609375 0.371875 0.1796875 0.4796875
1 0.48359375 0.34296875 0.134375 0.434375
4 0.609375 0.34296875 0.1515625 0.4546875
9 0.7453125 0.32265625 0.1515625 0.4453125
4 0.8765625 0.32421875 0.1453125 0.4625
54 0.51640625 0.78515625 0.7171875 0.2625