19 0.14453125 0.3328125 0.2265625 0.4734375
19 0.31484375 0.3515625 0.2171875 0.4703125
1 0.5125 0.37890625 0.1625 0.4859375
4 0.640625 0.3859375 0.1859375 0.4859375
9 0.7625 0.40234375 0.1625 0.465625
9 0.90078125 0.41328125 0.1984375 0.4734375
54 0.47734375 0.80625 0.703125 0.317187519 0.14453125 0.3328125 0.2265625 0.4734375
19 0.31484375 0.3515625 0.2171875 0.4703125
1 0.5125 0.37890625 0.1625 0.4859375
4 0.640625 0.3859375 0.1859375 0.4859375
9 0.7625 0.40234375 0.1625 0.465625
9 0.90078125 0.41328125 0.1984375 0.4734375
54 0.47734375 0.80625 0.703125 0.317187519 0.14453125 0.3328125 0.2265625 0.4734375
19 0.31484375 0.3515625 0.2171875 0.4703125
1 0.5125 0.37890625 0.1625 0.4859375
4 0.640625 0.3859375 0.1859375 0.4859375
9 0.7625 0.40234375 0.1625 0.465625
9 0.90078125 0.41328125 0.1984375 0.4734375
54 0.47734375 0.80625 0.703125 0.3171875