19 0.12890625 0.37109375 0.18046875 0.45703125
19 0.3 0.371875 0.1703125 0.4546875
1 0.5 0.378125 0.11328125 0.47734375
4 0.628125 0.371875 0.13671875 0.47421875
9 0.75078125 0.37578125 0.11484375 0.45625
9 0.8921875 0.371875 0.15625 0.46015625
54 0.509375 0.80703125 0.68046875 0.24687519 0.12890625 0.37109375 0.18046875 0.45703125
19 0.3 0.371875 0.1703125 0.4546875
1 0.5 0.378125 0.11328125 0.47734375
4 0.628125 0.371875 0.13671875 0.47421875
9 0.75078125 0.37578125 0.11484375 0.45625
9 0.8921875 0.371875 0.15625 0.46015625
54 0.509375 0.80703125 0.68046875 0.24687519 0.12890625 0.37109375 0.18046875 0.45703125
19 0.3 0.371875 0.1703125 0.4546875
1 0.5 0.378125 0.11328125 0.47734375
4 0.628125 0.371875 0.13671875 0.47421875
9 0.75078125 0.37578125 0.11484375 0.45625
9 0.8921875 0.371875 0.15625 0.46015625
54 0.509375 0.80703125 0.68046875 0.246875