19 0.12890625 0.37109375 0.18125 0.45625
19 0.3 0.371875 0.1703125 0.4546875
1 0.5 0.378125 0.1125 0.478125
4 0.628125 0.371875 0.1375 0.475
9 0.75078125 0.37578125 0.115625 0.45625
9 0.8921875 0.371875 0.15625 0.459375
54 0.509375 0.80703125 0.68125 0.24687519 0.12890625 0.37109375 0.18125 0.45625
19 0.3 0.371875 0.1703125 0.4546875
1 0.5 0.378125 0.1125 0.478125
4 0.628125 0.371875 0.1375 0.475
9 0.75078125 0.37578125 0.115625 0.45625
9 0.8921875 0.371875 0.15625 0.459375
54 0.509375 0.80703125 0.68125 0.24687519 0.12890625 0.37109375 0.18125 0.45625
19 0.3 0.371875 0.1703125 0.4546875
1 0.5 0.378125 0.1125 0.478125
4 0.628125 0.371875 0.1375 0.475
9 0.75078125 0.37578125 0.115625 0.45625
9 0.8921875 0.371875 0.15625 0.459375
54 0.509375 0.80703125 0.68125 0.246875