11 0.1984375 0.43046875 0.16875 0.41875
30 0.33515625 0.41953125 0.1421875 0.3921875
1 0.5296875 0.39453125 0.1328125 0.396875
4 0.63125 0.3828125 0.125 0.3890625
9 0.73203125 0.37109375 0.1390625 0.38125
0 0.83984375 0.3671875 0.11875 0.384375
63 0.52421875 0.7609375 0.2796875 0.220312511 0.1984375 0.43046875 0.16875 0.41875
30 0.33515625 0.41953125 0.1421875 0.3921875
1 0.5296875 0.39453125 0.1328125 0.396875
4 0.63125 0.3828125 0.125 0.3890625
9 0.73203125 0.37109375 0.1390625 0.38125
0 0.83984375 0.3671875 0.11875 0.384375
63 0.52421875 0.7609375 0.2796875 0.220312511 0.1984375 0.43046875 0.16875 0.41875
30 0.33515625 0.41953125 0.1421875 0.3921875
1 0.5296875 0.39453125 0.1328125 0.396875
4 0.63125 0.3828125 0.125 0.3890625
9 0.73203125 0.37109375 0.1390625 0.38125
0 0.83984375 0.3671875 0.11875 0.384375
63 0.52421875 0.7609375 0.2796875 0.2203125