20 0.1578125 0.33671875 0.228125 0.5109375
23 0.31875 0.3421875 0.203125 0.4859375
1 0.50859375 0.3421875 0.15625 0.4390625
4 0.63203125 0.3625 0.175 0.4609375
9 0.76953125 0.36328125 0.1734375 0.45
4 0.89921875 0.3859375 0.16875 0.4671875
54 0.471875 0.784375 0.7265625 0.298437520 0.1578125 0.33671875 0.228125 0.5109375
23 0.31875 0.3421875 0.203125 0.4859375
1 0.50859375 0.3421875 0.15625 0.4390625
4 0.63203125 0.3625 0.175 0.4609375
9 0.76953125 0.36328125 0.1734375 0.45
4 0.89921875 0.3859375 0.16875 0.4671875
54 0.471875 0.784375 0.7265625 0.298437520 0.1578125 0.33671875 0.228125 0.5109375
23 0.31875 0.3421875 0.203125 0.4859375
1 0.50859375 0.3421875 0.15625 0.4390625
4 0.63203125 0.3625 0.175 0.4609375
9 0.76953125 0.36328125 0.1734375 0.45
4 0.89921875 0.3859375 0.16875 0.4671875
54 0.471875 0.784375 0.7265625 0.2984375