19 0.14765625 0.3265625 0.234375 0.475
19 0.3171875 0.3484375 0.225 0.471875
1 0.51484375 0.37890625 0.1703125 0.4875
4 0.64296875 0.38828125 0.19375 0.4875
9 0.7640625 0.40703125 0.1703125 0.4671875
9 0.89921875 0.4203125 0.2015625 0.475
54 0.471875 0.80625 0.70625 0.32812519 0.14765625 0.3265625 0.234375 0.475
19 0.3171875 0.3484375 0.225 0.471875
1 0.51484375 0.37890625 0.1703125 0.4875
4 0.64296875 0.38828125 0.19375 0.4875
9 0.7640625 0.40703125 0.1703125 0.4671875
9 0.89921875 0.4203125 0.2015625 0.475
54 0.471875 0.80625 0.70625 0.32812519 0.14765625 0.3265625 0.234375 0.475
19 0.3171875 0.3484375 0.225 0.471875
1 0.51484375 0.37890625 0.1703125 0.4875
4 0.64296875 0.38828125 0.19375 0.4875
9 0.7640625 0.40703125 0.1703125 0.4671875
9 0.89921875 0.4203125 0.2015625 0.475
54 0.471875 0.80625 0.70625 0.328125