11 0.19921875 0.425 0.1625 0.415625
30 0.33671875 0.4171875 0.134375 0.390625
1 0.53125 0.3953125 0.125 0.3953125
4 0.63359375 0.38515625 0.11875 0.3875
9 0.734375 0.375 0.13125 0.3796875
0 0.8421875 0.3734375 0.1125 0.3828125
63 0.5203125 0.7609375 0.2765625 0.21562511 0.19921875 0.425 0.1625 0.415625
30 0.33671875 0.4171875 0.134375 0.390625
1 0.53125 0.3953125 0.125 0.3953125
4 0.63359375 0.38515625 0.11875 0.3875
9 0.734375 0.375 0.13125 0.3796875
0 0.8421875 0.3734375 0.1125 0.3828125
63 0.5203125 0.7609375 0.2765625 0.21562511 0.19921875 0.425 0.1625 0.415625
30 0.33671875 0.4171875 0.134375 0.390625
1 0.53125 0.3953125 0.125 0.3953125
4 0.63359375 0.38515625 0.11875 0.3875
9 0.734375 0.375 0.13125 0.3796875
0 0.8421875 0.3734375 0.1125 0.3828125
63 0.5203125 0.7609375 0.2765625 0.215625