43 0.19140625 0.3953125 0.1640625 0.4078125
28 0.31953125 0.390625 0.146875 0.41875
1 0.58515625 0.37734375 0.1640625 0.4109375
4 0.6953125 0.3625 0.134375 0.3953125
54 0.53046875 0.76015625 0.5890625 0.27812543 0.19140625 0.3953125 0.1640625 0.4078125
28 0.31953125 0.390625 0.146875 0.41875
1 0.58515625 0.37734375 0.1640625 0.4109375
4 0.6953125 0.3625 0.134375 0.3953125
54 0.53046875 0.76015625 0.5890625 0.27812543 0.19140625 0.3953125 0.1640625 0.4078125
28 0.31953125 0.390625 0.146875 0.41875
1 0.58515625 0.37734375 0.1640625 0.4109375
4 0.6953125 0.3625 0.134375 0.3953125
54 0.53046875 0.76015625 0.5890625 0.278125