43 0.20625 0.35859375 0.1578125 0.40625
28 0.33359375 0.36953125 0.1390625 0.4171875
1 0.6 0.38828125 0.1578125 0.409375
4 0.7109375 0.3875 0.128125 0.39375
54 0.4984375 0.76171875 0.5859375 0.2687543 0.20625 0.35859375 0.1578125 0.40625
28 0.33359375 0.36953125 0.1390625 0.4171875
1 0.6 0.38828125 0.1578125 0.409375
4 0.7109375 0.3875 0.128125 0.39375
54 0.4984375 0.76171875 0.5859375 0.2687543 0.20625 0.35859375 0.1578125 0.40625
28 0.33359375 0.36953125 0.1390625 0.4171875
1 0.6 0.38828125 0.1578125 0.409375
4 0.7109375 0.3875 0.128125 0.39375
54 0.4984375 0.76171875 0.5859375 0.26875