43 0.21953125 0.33359375 0.190625 0.4140625
28 0.34609375 0.35546875 0.1734375 0.4234375
1 0.609375 0.39765625 0.1921875 0.41875
4 0.71953125 0.40625 0.1609375 0.4
54 0.47578125 0.7609375 0.6015625 0.31562543 0.21953125 0.33359375 0.190625 0.4140625
28 0.34609375 0.35546875 0.1734375 0.4234375
1 0.609375 0.39765625 0.1921875 0.41875
4 0.71953125 0.40625 0.1609375 0.4
54 0.47578125 0.7609375 0.6015625 0.31562543 0.21953125 0.33359375 0.190625 0.4140625
28 0.34609375 0.35546875 0.1734375 0.4234375
1 0.609375 0.39765625 0.1921875 0.41875
4 0.71953125 0.40625 0.1609375 0.4
54 0.47578125 0.7609375 0.6015625 0.315625