49 0.12109375 0.38046875 0.16484375 0.47421875
49 0.2828125 0.37890625 0.17578125 0.48984375
1 0.4875 0.37109375 0.125 0.48125
5 0.61875 0.36953125 0.15234375 0.4859375
0 0.7546875 0.371875 0.140625 0.48828125
4 0.89296875 0.37109375 0.1578125 0.5140625
54 0.5140625 0.82734375 0.715625 0.2226562549 0.12109375 0.38046875 0.16484375 0.47421875
49 0.2828125 0.37890625 0.17578125 0.48984375
1 0.4875 0.37109375 0.125 0.48125
5 0.61875 0.36953125 0.15234375 0.4859375
0 0.7546875 0.371875 0.140625 0.48828125
4 0.89296875 0.37109375 0.1578125 0.5140625
54 0.5140625 0.82734375 0.715625 0.2226562549 0.12109375 0.38046875 0.16484375 0.47421875
49 0.2828125 0.37890625 0.17578125 0.48984375
1 0.4875 0.37109375 0.125 0.48125
5 0.61875 0.36953125 0.15234375 0.4859375
0 0.7546875 0.371875 0.140625 0.48828125
4 0.89296875 0.37109375 0.1578125 0.5140625
54 0.5140625 0.82734375 0.715625 0.22265625