49 0.1390625 0.2921875 0.259375 0.4125
49 0.2953125 0.31953125 0.234375 0.4171875
1 0.4765625 0.34453125 0.18125 0.390625
5 0.60234375 0.3609375 0.2078125 0.415625
0 0.72265625 0.3734375 0.1796875 0.3984375
0 0.85859375 0.4 0.2328125 0.4171875
54 0.47421875 0.71796875 0.678125 0.289062549 0.1390625 0.2921875 0.259375 0.4125
49 0.2953125 0.31953125 0.234375 0.4171875
1 0.4765625 0.34453125 0.18125 0.390625
5 0.60234375 0.3609375 0.2078125 0.415625
0 0.72265625 0.3734375 0.1796875 0.3984375
0 0.85859375 0.4 0.2328125 0.4171875
54 0.47421875 0.71796875 0.678125 0.289062549 0.1390625 0.2921875 0.259375 0.4125
49 0.2953125 0.31953125 0.234375 0.4171875
1 0.4765625 0.34453125 0.18125 0.390625
5 0.60234375 0.3609375 0.2078125 0.415625
0 0.72265625 0.3734375 0.1796875 0.3984375
0 0.85859375 0.4 0.2328125 0.4171875
54 0.47421875 0.71796875 0.678125 0.2890625