50 0.171875 0.39375 0.15625 0.3890625
33 0.32421875 0.390625 0.1578125 0.36953125
1 0.51484375 0.39453125 0.1265625 0.38359375
5 0.63359375 0.39296875 0.128125 0.3625
0 0.75 0.39140625 0.128125 0.3734375
5 0.87734375 0.39453125 0.1234375 0.39609375
54 0.51953125 0.73828125 0.67890625 0.1664062550 0.171875 0.39375 0.15625 0.3890625
33 0.32421875 0.390625 0.1578125 0.36953125
1 0.51484375 0.39453125 0.1265625 0.38359375
5 0.63359375 0.39296875 0.128125 0.3625
0 0.75 0.39140625 0.128125 0.3734375
5 0.87734375 0.39453125 0.1234375 0.39609375
54 0.51953125 0.73828125 0.67890625 0.1664062550 0.171875 0.39375 0.15625 0.3890625
33 0.32421875 0.390625 0.1578125 0.36953125
1 0.51484375 0.39453125 0.1265625 0.38359375
5 0.63359375 0.39296875 0.128125 0.3625
0 0.75 0.39140625 0.128125 0.3734375
5 0.87734375 0.39453125 0.1234375 0.39609375
54 0.51953125 0.73828125 0.67890625 0.16640625