49 0.1125 0.4140625 0.20625 0.4875
49 0.2734375 0.3984375 0.2171875 0.503125
1 0.4765625 0.37265625 0.1671875 0.490625
5 0.60703125 0.359375 0.19375 0.496875
0 0.7421875 0.35 0.1828125 0.4984375
4 0.88046875 0.3375 0.2015625 0.5265625
54 0.5421875 0.825 0.7328125 0.28437549 0.1125 0.4140625 0.20625 0.4875
49 0.2734375 0.3984375 0.2171875 0.503125
1 0.4765625 0.37265625 0.1671875 0.490625
5 0.60703125 0.359375 0.19375 0.496875
0 0.7421875 0.35 0.1828125 0.4984375
4 0.88046875 0.3375 0.2015625 0.5265625
54 0.5421875 0.825 0.7328125 0.28437549 0.1125 0.4140625 0.20625 0.4875
49 0.2734375 0.3984375 0.2171875 0.503125
1 0.4765625 0.37265625 0.1671875 0.490625
5 0.60703125 0.359375 0.19375 0.496875
0 0.7421875 0.35 0.1828125 0.4984375
4 0.88046875 0.3375 0.2015625 0.5265625
54 0.5421875 0.825 0.7328125 0.284375