50 0.18046875 0.37109375 0.1828125 0.3984375
33 0.33203125 0.37890625 0.1828125 0.3796875
1 0.521875 0.39609375 0.153125 0.3921875
5 0.640625 0.40234375 0.153125 0.3703125
0 0.75703125 0.409375 0.153125 0.38125
5 0.88359375 0.42109375 0.15 0.403125
54 0.503125 0.7390625 0.6890625 0.214062550 0.18046875 0.37109375 0.1828125 0.3984375
33 0.33203125 0.37890625 0.1828125 0.3796875
1 0.521875 0.39609375 0.153125 0.3921875
5 0.640625 0.40234375 0.153125 0.3703125
0 0.75703125 0.409375 0.153125 0.38125
5 0.88359375 0.42109375 0.15 0.403125
54 0.503125 0.7390625 0.6890625 0.214062550 0.18046875 0.37109375 0.1828125 0.3984375
33 0.33203125 0.37890625 0.1828125 0.3796875
1 0.521875 0.39609375 0.153125 0.3921875
5 0.640625 0.40234375 0.153125 0.3703125
0 0.75703125 0.409375 0.153125 0.38125
5 0.88359375 0.42109375 0.15 0.403125
54 0.503125 0.7390625 0.6890625 0.2140625