50 0.16640625 0.4109375 0.1765625 0.396875
33 0.31875 0.4 0.1765625 0.3765625
1 0.509375 0.39375 0.146875 0.3890625
5 0.628125 0.3859375 0.146875 0.36875
0 0.74375 0.378125 0.146875 0.3796875
5 0.87109375 0.375 0.14375 0.4015625
54 0.53203125 0.73671875 0.6859375 0.201562550 0.16640625 0.4109375 0.1765625 0.396875
33 0.31875 0.4 0.1765625 0.3765625
1 0.509375 0.39375 0.146875 0.3890625
5 0.628125 0.3859375 0.146875 0.36875
0 0.74375 0.378125 0.146875 0.3796875
5 0.87109375 0.375 0.14375 0.4015625
54 0.53203125 0.73671875 0.6859375 0.201562550 0.16640625 0.4109375 0.1765625 0.396875
33 0.31875 0.4 0.1765625 0.3765625
1 0.509375 0.39375 0.146875 0.3890625
5 0.628125 0.3859375 0.146875 0.36875
0 0.74375 0.378125 0.146875 0.3796875
5 0.87109375 0.375 0.14375 0.4015625
54 0.53203125 0.73671875 0.6859375 0.2015625