50 0.1625 0.42890625 0.1953125 0.403125
33 0.3140625 0.409375 0.1953125 0.384375
1 0.50390625 0.39375 0.165625 0.3953125
5 0.621875 0.3796875 0.165625 0.3734375
0 0.7375 0.365625 0.1671875 0.384375
5 0.8640625 0.35546875 0.1640625 0.40625
54 0.54453125 0.73515625 0.6921875 0.235937550 0.1625 0.42890625 0.1953125 0.403125
33 0.3140625 0.409375 0.1953125 0.384375
1 0.50390625 0.39375 0.165625 0.3953125
5 0.621875 0.3796875 0.165625 0.3734375
0 0.7375 0.365625 0.1671875 0.384375
5 0.8640625 0.35546875 0.1640625 0.40625
54 0.54453125 0.73515625 0.6921875 0.235937550 0.1625 0.42890625 0.1953125 0.403125
33 0.3140625 0.409375 0.1953125 0.384375
1 0.50390625 0.39375 0.165625 0.3953125
5 0.621875 0.3796875 0.165625 0.3734375
0 0.7375 0.365625 0.1671875 0.384375
5 0.8640625 0.35546875 0.1640625 0.40625
54 0.54453125 0.73515625 0.6921875 0.2359375