50 0.1734375 0.38828125 0.1625 0.3921875
33 0.32578125 0.3875 0.1640625 0.371875
1 0.51640625 0.39453125 0.1328125 0.3859375
5 0.63515625 0.3953125 0.134375 0.3640625
0 0.7515625 0.39609375 0.134375 0.375
5 0.87890625 0.40078125 0.1296875 0.3984375
54 0.515625 0.73828125 0.68125 0.17812550 0.1734375 0.38828125 0.1625 0.3921875
33 0.32578125 0.3875 0.1640625 0.371875
1 0.51640625 0.39453125 0.1328125 0.3859375
5 0.63515625 0.3953125 0.134375 0.3640625
0 0.7515625 0.39609375 0.134375 0.375
5 0.87890625 0.40078125 0.1296875 0.3984375
54 0.515625 0.73828125 0.68125 0.17812550 0.1734375 0.38828125 0.1625 0.3921875
33 0.32578125 0.3875 0.1640625 0.371875
1 0.51640625 0.39453125 0.1328125 0.3859375
5 0.63515625 0.3953125 0.134375 0.3640625
0 0.7515625 0.39609375 0.134375 0.375
5 0.87890625 0.40078125 0.1296875 0.3984375
54 0.515625 0.73828125 0.68125 0.178125