49 0.12578125 0.3671875 0.18125 0.4796875
49 0.2875 0.37109375 0.1921875 0.4953125
1 0.4921875 0.37109375 0.1421875 0.4859375
5 0.6234375 0.3734375 0.16875 0.490625
0 0.759375 0.38046875 0.1578125 0.4921875
4 0.896875 0.38515625 0.175 0.51875
54 0.50234375 0.82734375 0.7234375 0.24687549 0.12578125 0.3671875 0.18125 0.4796875
49 0.2875 0.37109375 0.1921875 0.4953125
1 0.4921875 0.37109375 0.1421875 0.4859375
5 0.6234375 0.3734375 0.16875 0.490625
0 0.759375 0.38046875 0.1578125 0.4921875
4 0.896875 0.38515625 0.175 0.51875
54 0.50234375 0.82734375 0.7234375 0.24687549 0.12578125 0.3671875 0.18125 0.4796875
49 0.2875 0.37109375 0.1921875 0.4953125
1 0.4921875 0.37109375 0.1421875 0.4859375
5 0.6234375 0.3734375 0.16875 0.490625
0 0.759375 0.38046875 0.1578125 0.4921875
4 0.896875 0.38515625 0.175 0.51875
54 0.50234375 0.82734375 0.7234375 0.246875