49 0.13046875 0.3546875 0.196875 0.484375
49 0.29140625 0.3640625 0.209375 0.5015625
1 0.496875 0.3703125 0.1578125 0.4890625
5 0.62734375 0.378125 0.1859375 0.4953125
0 0.76328125 0.38984375 0.175 0.496875
4 0.90078125 0.3984375 0.19375 0.5234375
54 0.49140625 0.82734375 0.7296875 0.27187549 0.13046875 0.3546875 0.196875 0.484375
49 0.29140625 0.3640625 0.209375 0.5015625
1 0.496875 0.3703125 0.1578125 0.4890625
5 0.62734375 0.378125 0.1859375 0.4953125
0 0.76328125 0.38984375 0.175 0.496875
4 0.90078125 0.3984375 0.19375 0.5234375
54 0.49140625 0.82734375 0.7296875 0.27187549 0.13046875 0.3546875 0.196875 0.484375
49 0.29140625 0.3640625 0.209375 0.5015625
1 0.496875 0.3703125 0.1578125 0.4890625
5 0.62734375 0.378125 0.1859375 0.4953125
0 0.76328125 0.38984375 0.175 0.496875
4 0.90078125 0.3984375 0.19375 0.5234375
54 0.49140625 0.82734375 0.7296875 0.271875