49 0.1109375 0.3515625 0.2015625 0.384375
49 0.26953125 0.35390625 0.175 0.39375
1 0.45234375 0.35 0.1234375 0.3765625
5 0.5796875 0.346875 0.146875 0.396875
0 0.7 0.33984375 0.121875 0.384375
0 0.83828125 0.3453125 0.1734375 0.39375
54 0.50859375 0.71953125 0.65625 0.189062549 0.1109375 0.3515625 0.2015625 0.384375
49 0.26953125 0.35390625 0.175 0.39375
1 0.45234375 0.35 0.1234375 0.3765625
5 0.5796875 0.346875 0.146875 0.396875
0 0.7 0.33984375 0.121875 0.384375
0 0.83828125 0.3453125 0.1734375 0.39375
54 0.50859375 0.71953125 0.65625 0.189062549 0.1109375 0.3515625 0.2015625 0.384375
49 0.26953125 0.35390625 0.175 0.39375
1 0.45234375 0.35 0.1234375 0.3765625
5 0.5796875 0.346875 0.146875 0.396875
0 0.7 0.33984375 0.121875 0.384375
0 0.83828125 0.3453125 0.1734375 0.39375
54 0.50859375 0.71953125 0.65625 0.1890625