49 0.11171875 0.42109375 0.2234375 0.4140625
49 0.24765625 0.39609375 0.240625 0.41875
1 0.42734375 0.3609375 0.1875 0.3921875
5 0.5515625 0.33515625 0.2140625 0.4171875
0 0.66953125 0.3078125 0.1859375 0.3984375
0 0.80625 0.2890625 0.2390625 0.41875
54 0.546875 0.71484375 0.6796875 0.349 0.11171875 0.42109375 0.2234375 0.4140625
49 0.24765625 0.39609375 0.240625 0.41875
1 0.42734375 0.3609375 0.1875 0.3921875
5 0.5515625 0.33515625 0.2140625 0.4171875
0 0.66953125 0.3078125 0.1859375 0.3984375
0 0.80625 0.2890625 0.2390625 0.41875
54 0.546875 0.71484375 0.6796875 0.349 0.11171875 0.42109375 0.2234375 0.4140625
49 0.24765625 0.39609375 0.240625 0.41875
1 0.42734375 0.3609375 0.1875 0.3921875
5 0.5515625 0.33515625 0.2140625 0.4171875
0 0.66953125 0.3078125 0.1859375 0.3984375
0 0.80625 0.2890625 0.2390625 0.41875
54 0.546875 0.71484375 0.6796875 0.3