50 0.17265625 0.38984375 0.2015625 0.409375
41 0.31171875 0.3640625 0.1859375 0.3921875
1 0.5109375 0.35625 0.1484375 0.39375
5 0.625 0.34296875 0.159375 0.3828125
1 0.73515625 0.33203125 0.1453125 0.3984375
5 0.84296875 0.31953125 0.175 0.384375
54 0.52890625 0.73671875 0.675 0.2937550 0.17265625 0.38984375 0.2015625 0.409375
41 0.31171875 0.3640625 0.1859375 0.3921875
1 0.5109375 0.35625 0.1484375 0.39375
5 0.625 0.34296875 0.159375 0.3828125
1 0.73515625 0.33203125 0.1453125 0.3984375
5 0.84296875 0.31953125 0.175 0.384375
54 0.52890625 0.73671875 0.675 0.2937550 0.17265625 0.38984375 0.2015625 0.409375
41 0.31171875 0.3640625 0.1859375 0.3921875
1 0.5109375 0.35625 0.1484375 0.39375
5 0.625 0.34296875 0.159375 0.3828125
1 0.73515625 0.33203125 0.1453125 0.3984375
5 0.84296875 0.31953125 0.175 0.384375
54 0.52890625 0.73671875 0.675 0.29375