50 0.20625 0.31875 0.18125 0.403125
41 0.34765625 0.325 0.1671875 0.3875
1 0.54296875 0.3625 0.128125 0.390625
5 0.65703125 0.375 0.140625 0.3796875
1 0.7671875 0.3890625 0.125 0.3953125
5 0.875 0.40078125 0.15625 0.38125
54 0.475 0.73671875 0.66875 0.260937550 0.20625 0.31875 0.18125 0.403125
41 0.34765625 0.325 0.1671875 0.3875
1 0.54296875 0.3625 0.128125 0.390625
5 0.65703125 0.375 0.140625 0.3796875
1 0.7671875 0.3890625 0.125 0.3953125
5 0.875 0.40078125 0.15625 0.38125
54 0.475 0.73671875 0.66875 0.260937550 0.20625 0.31875 0.18125 0.403125
41 0.34765625 0.325 0.1671875 0.3875
1 0.54296875 0.3625 0.128125 0.390625
5 0.65703125 0.375 0.140625 0.3796875
1 0.7671875 0.3890625 0.125 0.3953125
5 0.875 0.40078125 0.15625 0.38125
54 0.475 0.73671875 0.66875 0.2609375