50 0.21953125 0.29921875 0.2078125 0.4109375
41 0.36015625 0.31484375 0.1921875 0.39375
1 0.55234375 0.365625 0.1546875 0.39375
5 0.66484375 0.3859375 0.165625 0.384375
1 0.77421875 0.4078125 0.1515625 0.3984375
5 0.88125 0.42734375 0.18125 0.3859375
54 0.45859375 0.734375 0.6765625 0.304687550 0.21953125 0.29921875 0.2078125 0.4109375
41 0.36015625 0.31484375 0.1921875 0.39375
1 0.55234375 0.365625 0.1546875 0.39375
5 0.66484375 0.3859375 0.165625 0.384375
1 0.77421875 0.4078125 0.1515625 0.3984375
5 0.88125 0.42734375 0.18125 0.3859375
54 0.45859375 0.734375 0.6765625 0.304687550 0.21953125 0.29921875 0.2078125 0.4109375
41 0.36015625 0.31484375 0.1921875 0.39375
1 0.55234375 0.365625 0.1546875 0.39375
5 0.66484375 0.3859375 0.165625 0.384375
1 0.77421875 0.4078125 0.1515625 0.3984375
5 0.88125 0.42734375 0.18125 0.3859375
54 0.45859375 0.734375 0.6765625 0.3046875