50 0.209375 0.3140625 0.1875 0.40625
41 0.35078125 0.32265625 0.1734375 0.3890625
1 0.5453125 0.36328125 0.134375 0.3921875
5 0.65859375 0.37734375 0.146875 0.38125
1 0.76875 0.39375 0.1328125 0.396875
5 0.8765625 0.4078125 0.1625 0.3828125
54 0.47109375 0.73671875 0.6703125 0.27187550 0.209375 0.3140625 0.1875 0.40625
41 0.35078125 0.32265625 0.1734375 0.3890625
1 0.5453125 0.36328125 0.134375 0.3921875
5 0.65859375 0.37734375 0.146875 0.38125
1 0.76875 0.39375 0.1328125 0.396875
5 0.8765625 0.4078125 0.1625 0.3828125
54 0.47109375 0.73671875 0.6703125 0.27187550 0.209375 0.3140625 0.1875 0.40625
41 0.35078125 0.32265625 0.1734375 0.3890625
1 0.5453125 0.36328125 0.134375 0.3921875
5 0.65859375 0.37734375 0.146875 0.38125
1 0.76875 0.39375 0.1328125 0.396875
5 0.8765625 0.4078125 0.1625 0.3828125
54 0.47109375 0.73671875 0.6703125 0.271875