50 0.19140625 0.3453125 0.14765625 0.3921875
41 0.3328125 0.3390625 0.13515625 0.3765625
1 0.53046875 0.359375 0.0953125 0.38359375
5 0.6453125 0.36171875 0.109375 0.37109375
1 0.75625 0.36640625 0.0921875 0.3890625
5 0.86484375 0.36875 0.125 0.37109375
54 0.49609375 0.73828125 0.653125 0.204687550 0.19140625 0.3453125 0.14765625 0.3921875
41 0.3328125 0.3390625 0.13515625 0.3765625
1 0.53046875 0.359375 0.0953125 0.38359375
5 0.6453125 0.36171875 0.109375 0.37109375
1 0.75625 0.36640625 0.0921875 0.3890625
5 0.86484375 0.36875 0.125 0.37109375
54 0.49609375 0.73828125 0.653125 0.204687550 0.19140625 0.3453125 0.14765625 0.3921875
41 0.3328125 0.3390625 0.13515625 0.3765625
1 0.53046875 0.359375 0.0953125 0.38359375
5 0.6453125 0.36171875 0.109375 0.37109375
1 0.75625 0.36640625 0.0921875 0.3890625
5 0.86484375 0.36875 0.125 0.37109375
54 0.49609375 0.73828125 0.653125 0.2046875