42 0.2 0.36328125 0.2484375 0.3796875
7 0.40546875 0.3828125 0.2015625 0.3609375
5 0.5578125 0.4 0.1859375 0.3328125
9 0.70546875 0.4296875 0.1890625 0.3484375
6 0.8671875 0.46015625 0.20625 0.3625
54 0.390625 0.73828125 0.78125 0.282812542 0.2 0.36328125 0.2484375 0.3796875
7 0.40546875 0.3828125 0.2015625 0.3609375
5 0.5578125 0.4 0.1859375 0.3328125
9 0.70546875 0.4296875 0.1890625 0.3484375
6 0.8671875 0.46015625 0.20625 0.3625
54 0.390625 0.73828125 0.78125 0.282812542 0.2 0.36328125 0.2484375 0.3796875
7 0.40546875 0.3828125 0.2015625 0.3609375
5 0.5578125 0.4 0.1859375 0.3328125
9 0.70546875 0.4296875 0.1890625 0.3484375
6 0.8671875 0.46015625 0.20625 0.3625
54 0.390625 0.73828125 0.78125 0.2828125