42 0.1890625 0.38984375 0.2203125 0.365625
7 0.3953125 0.39140625 0.171875 0.35
5 0.5484375 0.3953125 0.159375 0.3234375
9 0.6984375 0.41171875 0.1609375 0.3390625
6 0.86171875 0.428125 0.1765625 0.3515625
54 0.39921875 0.7484375 0.7984375 0.21562542 0.1890625 0.38984375 0.2203125 0.365625
7 0.3953125 0.39140625 0.171875 0.35
5 0.5484375 0.3953125 0.159375 0.3234375
9 0.6984375 0.41171875 0.1609375 0.3390625
6 0.86171875 0.428125 0.1765625 0.3515625
54 0.39921875 0.7484375 0.7984375 0.21562542 0.1890625 0.38984375 0.2203125 0.365625
7 0.3953125 0.39140625 0.171875 0.35
5 0.5484375 0.3953125 0.159375 0.3234375
9 0.6984375 0.41171875 0.1609375 0.3390625
6 0.86171875 0.428125 0.1765625 0.3515625
54 0.39921875 0.7484375 0.7984375 0.215625