42 0.17265625 0.45703125 0.2546875 0.3828125
7 0.375 0.415625 0.20625 0.3625
5 0.52578125 0.3875 0.1921875 0.334375
9 0.67578125 0.37265625 0.19375 0.35
6 0.8390625 0.3546875 0.2109375 0.3640625
54 0.45078125 0.7640625 0.8140625 0.295312542 0.17265625 0.45703125 0.2546875 0.3828125
7 0.375 0.415625 0.20625 0.3625
5 0.52578125 0.3875 0.1921875 0.334375
9 0.67578125 0.37265625 0.19375 0.35
6 0.8390625 0.3546875 0.2109375 0.3640625
54 0.45078125 0.7640625 0.8140625 0.295312542 0.17265625 0.45703125 0.2546875 0.3828125
7 0.375 0.415625 0.20625 0.3625
5 0.52578125 0.3875 0.1921875 0.334375
9 0.67578125 0.37265625 0.19375 0.35
6 0.8390625 0.3546875 0.2109375 0.3640625
54 0.45078125 0.7640625 0.8140625 0.2953125