11 0.18984375 0.36796875 0.15 0.3921875
49 0.3296875 0.36875 0.1546875 0.3984375
1 0.5359375 0.3671875 0.1234375 0.4046875
5 0.65078125 0.36875 0.128125 0.4046875
4 0.77421875 0.36640625 0.134375 0.4140625
7 0.8890625 0.35703125 0.14375 0.4046875
61 0.48828125 0.765625 0.4234375 0.245312511 0.18984375 0.36796875 0.15 0.3921875
49 0.3296875 0.36875 0.1546875 0.3984375
1 0.5359375 0.3671875 0.1234375 0.4046875
5 0.65078125 0.36875 0.128125 0.4046875
4 0.77421875 0.36640625 0.134375 0.4140625
7 0.8890625 0.35703125 0.14375 0.4046875
61 0.48828125 0.765625 0.4234375 0.245312511 0.18984375 0.36796875 0.15 0.3921875
49 0.3296875 0.36875 0.1546875 0.3984375
1 0.5359375 0.3671875 0.1234375 0.4046875
5 0.65078125 0.36875 0.128125 0.4046875
4 0.77421875 0.36640625 0.134375 0.4140625
7 0.8890625 0.35703125 0.14375 0.4046875
61 0.48828125 0.765625 0.4234375 0.2453125