11 0.2140625 0.32109375 0.196875 0.4046875
49 0.35234375 0.34375 0.2015625 0.4125
1 0.55625 0.37421875 0.171875 0.415625
5 0.66953125 0.39375 0.1765625 0.415625
4 0.7921875 0.4109375 0.1828125 0.425
7 0.9046875 0.41953125 0.190625 0.4171875
61 0.446875 0.7609375 0.4484375 0.2937511 0.2140625 0.32109375 0.196875 0.4046875
49 0.35234375 0.34375 0.2015625 0.4125
1 0.55625 0.37421875 0.171875 0.415625
5 0.66953125 0.39375 0.1765625 0.415625
4 0.7921875 0.4109375 0.1828125 0.425
7 0.9046875 0.41953125 0.190625 0.4171875
61 0.446875 0.7609375 0.4484375 0.2937511 0.2140625 0.32109375 0.196875 0.4046875
49 0.35234375 0.34375 0.2015625 0.4125
1 0.55625 0.37421875 0.171875 0.415625
5 0.66953125 0.39375 0.1765625 0.415625
4 0.7921875 0.4109375 0.1828125 0.425
7 0.9046875 0.41953125 0.190625 0.4171875
61 0.446875 0.7609375 0.4484375 0.29375