11 0.1921875 0.3625 0.14375 0.3890625
49 0.33203125 0.365625 0.14765625 0.39609375
1 0.53828125 0.36796875 0.11640625 0.403125
5 0.653125 0.37109375 0.121875 0.40234375
4 0.7765625 0.37109375 0.1265625 0.41171875
7 0.89140625 0.3640625 0.1375 0.40234375
61 0.48359375 0.765625 0.41875 0.2382812511 0.1921875 0.3625 0.14375 0.3890625
49 0.33203125 0.365625 0.14765625 0.39609375
1 0.53828125 0.36796875 0.11640625 0.403125
5 0.653125 0.37109375 0.121875 0.40234375
4 0.7765625 0.37109375 0.1265625 0.41171875
7 0.89140625 0.3640625 0.1375 0.40234375
61 0.48359375 0.765625 0.41875 0.2382812511 0.1921875 0.3625 0.14375 0.3890625
49 0.33203125 0.365625 0.14765625 0.39609375
1 0.53828125 0.36796875 0.11640625 0.403125
5 0.653125 0.37109375 0.121875 0.40234375
4 0.7765625 0.37109375 0.1265625 0.41171875
7 0.89140625 0.3640625 0.1375 0.40234375
61 0.48359375 0.765625 0.41875 0.23828125