11 0.2171875 0.31640625 0.203125 0.40625
49 0.35546875 0.340625 0.2078125 0.4140625
1 0.55859375 0.37578125 0.178125 0.415625
5 0.67109375 0.396875 0.1828125 0.4171875
4 0.79296875 0.415625 0.1890625 0.4265625
7 0.90390625 0.4265625 0.1921875 0.41875
61 0.4421875 0.76015625 0.4515625 0.301562511 0.2171875 0.31640625 0.203125 0.40625
49 0.35546875 0.340625 0.2078125 0.4140625
1 0.55859375 0.37578125 0.178125 0.415625
5 0.67109375 0.396875 0.1828125 0.4171875
4 0.79296875 0.415625 0.1890625 0.4265625
7 0.90390625 0.4265625 0.1921875 0.41875
61 0.4421875 0.76015625 0.4515625 0.301562511 0.2171875 0.31640625 0.203125 0.40625
49 0.35546875 0.340625 0.2078125 0.4140625
1 0.55859375 0.37578125 0.178125 0.415625
5 0.67109375 0.396875 0.1828125 0.4171875
4 0.79296875 0.415625 0.1890625 0.4265625
7 0.90390625 0.4265625 0.1921875 0.41875
61 0.4421875 0.76015625 0.4515625 0.3015625