36 0.14765625 0.384375 0.178125 0.39375
32 0.2953125 0.38203125 0.1796875 0.3984375
1 0.47109375 0.365625 0.11875 0.409375
5 0.5796875 0.3546875 0.165625 0.421875
7 0.7015625 0.3484375 0.1578125 0.3984375
8 0.8125 0.34453125 0.1640625 0.409375
54 0.44609375 0.734375 0.615625 0.162536 0.14765625 0.384375 0.178125 0.39375
32 0.2953125 0.38203125 0.1796875 0.3984375
1 0.47109375 0.365625 0.11875 0.409375
5 0.5796875 0.3546875 0.165625 0.421875
7 0.7015625 0.3484375 0.1578125 0.3984375
8 0.8125 0.34453125 0.1640625 0.409375
54 0.44609375 0.734375 0.615625 0.162536 0.14765625 0.384375 0.178125 0.39375
32 0.2953125 0.38203125 0.1796875 0.3984375
1 0.47109375 0.365625 0.11875 0.409375
5 0.5796875 0.3546875 0.165625 0.421875
7 0.7015625 0.3484375 0.1578125 0.3984375
8 0.8125 0.34453125 0.1640625 0.409375
54 0.44609375 0.734375 0.615625 0.1625