36 0.15859375 0.3546875 0.171875 0.3921875
32 0.30625 0.3640625 0.1734375 0.3953125
1 0.4828125 0.36328125 0.1125 0.4078125
5 0.5921875 0.3625 0.1578125 0.4203125
7 0.7140625 0.36640625 0.1515625 0.396875
8 0.825 0.371875 0.1578125 0.4078125
54 0.42578125 0.72890625 0.6140625 0.151562536 0.15859375 0.3546875 0.171875 0.3921875
32 0.30625 0.3640625 0.1734375 0.3953125
1 0.4828125 0.36328125 0.1125 0.4078125
5 0.5921875 0.3625 0.1578125 0.4203125
7 0.7140625 0.36640625 0.1515625 0.396875
8 0.825 0.371875 0.1578125 0.4078125
54 0.42578125 0.72890625 0.6140625 0.151562536 0.15859375 0.3546875 0.171875 0.3921875
32 0.30625 0.3640625 0.1734375 0.3953125
1 0.4828125 0.36328125 0.1125 0.4078125
5 0.5921875 0.3625 0.1578125 0.4203125
7 0.7140625 0.36640625 0.1515625 0.396875
8 0.825 0.371875 0.1578125 0.4078125
54 0.42578125 0.72890625 0.6140625 0.1515625