36 0.16171875 0.3484375 0.178125 0.39375
32 0.30859375 0.3609375 0.1796875 0.3984375
1 0.48515625 0.36328125 0.11875 0.409375
5 0.59453125 0.3640625 0.165625 0.421875
7 0.71640625 0.3703125 0.1578125 0.3984375
8 0.82734375 0.378125 0.1640625 0.409375
54 0.421875 0.72734375 0.615625 0.162536 0.16171875 0.3484375 0.178125 0.39375
32 0.30859375 0.3609375 0.1796875 0.3984375
1 0.48515625 0.36328125 0.11875 0.409375
5 0.59453125 0.3640625 0.165625 0.421875
7 0.71640625 0.3703125 0.1578125 0.3984375
8 0.82734375 0.378125 0.1640625 0.409375
54 0.421875 0.72734375 0.615625 0.162536 0.16171875 0.3484375 0.178125 0.39375
32 0.30859375 0.3609375 0.1796875 0.3984375
1 0.48515625 0.36328125 0.11875 0.409375
5 0.59453125 0.3640625 0.165625 0.421875
7 0.71640625 0.3703125 0.1578125 0.3984375
8 0.82734375 0.378125 0.1640625 0.409375
54 0.421875 0.72734375 0.615625 0.1625