25 0.14296875 0.4109375 0.171875 0.396875
29 0.29921875 0.4125 0.190625 0.4046875
1 0.48671875 0.41328125 0.1328125 0.4171875
5 0.596875 0.40625 0.1453125 0.4203125
8 0.7328125 0.40625 0.1265625 0.4046875
4 0.85546875 0.4078125 0.125 0.415625
54 0.528125 0.8046875 0.678125 0.19062525 0.14296875 0.4109375 0.171875 0.396875
29 0.29921875 0.4125 0.190625 0.4046875
1 0.48671875 0.41328125 0.1328125 0.4171875
5 0.596875 0.40625 0.1453125 0.4203125
8 0.7328125 0.40625 0.1265625 0.4046875
4 0.85546875 0.4078125 0.125 0.415625
54 0.528125 0.8046875 0.678125 0.19062525 0.14296875 0.4109375 0.171875 0.396875
29 0.29921875 0.4125 0.190625 0.4046875
1 0.48671875 0.41328125 0.1328125 0.4171875
5 0.596875 0.40625 0.1453125 0.4203125
8 0.7328125 0.40625 0.1265625 0.4046875
4 0.85546875 0.4078125 0.125 0.415625
54 0.528125 0.8046875 0.678125 0.190625