14 0.15859375 0.425 0.15625 0.3578125
33 0.3171875 0.42265625 0.1890625 0.35
1 0.58828125 0.41484375 0.11875 0.359375
5 0.7 0.4109375 0.1515625 0.353125
8 0.834375 0.40625 0.13125 0.3703125
63 0.52578125 0.76875 0.3125 0.217187514 0.15859375 0.425 0.15625 0.3578125
33 0.3171875 0.42265625 0.1890625 0.35
1 0.58828125 0.41484375 0.11875 0.359375
5 0.7 0.4109375 0.1515625 0.353125
8 0.834375 0.40625 0.13125 0.3703125
63 0.52578125 0.76875 0.3125 0.217187514 0.15859375 0.425 0.15625 0.3578125
33 0.3171875 0.42265625 0.1890625 0.35
1 0.58828125 0.41484375 0.11875 0.359375
5 0.7 0.4109375 0.1515625 0.353125
8 0.834375 0.40625 0.13125 0.3703125
63 0.52578125 0.76875 0.3125 0.2171875