14 0.16640625 0.3953125 0.1625 0.359375
33 0.325 0.40703125 0.1953125 0.353125
1 0.5953125 0.42265625 0.125 0.3609375
5 0.70703125 0.42890625 0.1578125 0.35625
8 0.84140625 0.4359375 0.1375 0.371875
63 0.50234375 0.7703125 0.315625 0.223437514 0.16640625 0.3953125 0.1625 0.359375
33 0.325 0.40703125 0.1953125 0.353125
1 0.5953125 0.42265625 0.125 0.3609375
5 0.70703125 0.42890625 0.1578125 0.35625
8 0.84140625 0.4359375 0.1375 0.371875
63 0.50234375 0.7703125 0.315625 0.223437514 0.16640625 0.3953125 0.1625 0.359375
33 0.325 0.40703125 0.1953125 0.353125
1 0.5953125 0.42265625 0.125 0.3609375
5 0.70703125 0.42890625 0.1578125 0.35625
8 0.84140625 0.4359375 0.1375 0.371875
63 0.50234375 0.7703125 0.315625 0.2234375