23 0.2890625 0.3796875 0.2015625 0.39375
1 0.50234375 0.3921875 0.115625 0.3765625
5 0.6171875 0.3859375 0.1578125 0.378125
8 0.73515625 0.39921875 0.153125 0.3625
5 0.85390625 0.40703125 0.1625 0.359375
54 0.49453125 0.7015625 0.621875 0.187523 0.2890625 0.3796875 0.2015625 0.39375
1 0.50234375 0.3921875 0.115625 0.3765625
5 0.6171875 0.3859375 0.1578125 0.378125
8 0.73515625 0.39921875 0.153125 0.3625
5 0.85390625 0.40703125 0.1625 0.359375
54 0.49453125 0.7015625 0.621875 0.187523 0.2890625 0.3796875 0.2015625 0.39375
1 0.50234375 0.3921875 0.115625 0.3765625
5 0.6171875 0.3859375 0.1578125 0.378125
8 0.73515625 0.39921875 0.153125 0.3625
5 0.85390625 0.40703125 0.1625 0.359375
54 0.49453125 0.7015625 0.621875 0.1875