14 0.15390625 0.45546875 0.1859375 0.3671875
33 0.31171875 0.4390625 0.2171875 0.3625
1 0.58046875 0.4078125 0.1484375 0.3671875
5 0.69140625 0.39375 0.18125 0.3640625
8 0.825 0.37734375 0.1625 0.378125
63 0.54921875 0.765625 0.328125 0.242187514 0.15390625 0.45546875 0.1859375 0.3671875
33 0.31171875 0.4390625 0.2171875 0.3625
1 0.58046875 0.4078125 0.1484375 0.3671875
5 0.69140625 0.39375 0.18125 0.3640625
8 0.825 0.37734375 0.1625 0.378125
63 0.54921875 0.765625 0.328125 0.242187514 0.15390625 0.45546875 0.1859375 0.3671875
33 0.31171875 0.4390625 0.2171875 0.3625
1 0.58046875 0.4078125 0.1484375 0.3671875
5 0.69140625 0.39375 0.18125 0.3640625
8 0.825 0.37734375 0.1625 0.378125
63 0.54921875 0.765625 0.328125 0.2421875