25 0.15 0.3859375 0.1859375 0.403125
29 0.30546875 0.39921875 0.2046875 0.409375
1 0.49296875 0.4125 0.146875 0.4203125
5 0.603125 0.41328125 0.159375 0.425
8 0.7390625 0.42265625 0.140625 0.4078125
4 0.8609375 0.4328125 0.1390625 0.41875
54 0.50625 0.80625 0.684375 0.214062525 0.15 0.3859375 0.1859375 0.403125
29 0.30546875 0.39921875 0.2046875 0.409375
1 0.49296875 0.4125 0.146875 0.4203125
5 0.603125 0.41328125 0.159375 0.425
8 0.7390625 0.42265625 0.140625 0.4078125
4 0.8609375 0.4328125 0.1390625 0.41875
54 0.50625 0.80625 0.684375 0.214062525 0.15 0.3859375 0.1859375 0.403125
29 0.30546875 0.39921875 0.2046875 0.409375
1 0.49296875 0.4125 0.146875 0.4203125
5 0.603125 0.41328125 0.159375 0.425
8 0.7390625 0.42265625 0.140625 0.4078125
4 0.8609375 0.4328125 0.1390625 0.41875
54 0.50625 0.80625 0.684375 0.2140625