25 0.14453125 0.4046875 0.165625 0.39375
29 0.30078125 0.409375 0.184375 0.4
1 0.48828125 0.41328125 0.125 0.415625
5 0.5984375 0.4078125 0.1375 0.41875
8 0.734375 0.41015625 0.11875 0.403125
4 0.85703125 0.4140625 0.11875 0.4125
54 0.52265625 0.80546875 0.675 0.17812525 0.14453125 0.4046875 0.165625 0.39375
29 0.30078125 0.409375 0.184375 0.4
1 0.48828125 0.41328125 0.125 0.415625
5 0.5984375 0.4078125 0.1375 0.41875
8 0.734375 0.41015625 0.11875 0.403125
4 0.85703125 0.4140625 0.11875 0.4125
54 0.52265625 0.80546875 0.675 0.17812525 0.14453125 0.4046875 0.165625 0.39375
29 0.30078125 0.409375 0.184375 0.4
1 0.48828125 0.41328125 0.125 0.415625
5 0.5984375 0.4078125 0.1375 0.41875
8 0.734375 0.41015625 0.11875 0.403125
4 0.85703125 0.4140625 0.11875 0.4125
54 0.52265625 0.80546875 0.675 0.178125