25 0.14453125 0.4046875 0.16484375 0.39453125
29 0.30078125 0.409375 0.184375 0.40078125
1 0.48828125 0.41328125 0.125 0.41484375
5 0.5984375 0.4078125 0.1375 0.41796875
8 0.734375 0.41015625 0.11953125 0.40234375
4 0.85703125 0.4140625 0.11796875 0.41328125
54 0.52265625 0.80546875 0.67578125 0.1789062525 0.14453125 0.4046875 0.16484375 0.39453125
29 0.30078125 0.409375 0.184375 0.40078125
1 0.48828125 0.41328125 0.125 0.41484375
5 0.5984375 0.4078125 0.1375 0.41796875
8 0.734375 0.41015625 0.11953125 0.40234375
4 0.85703125 0.4140625 0.11796875 0.41328125
54 0.52265625 0.80546875 0.67578125 0.1789062525 0.14453125 0.4046875 0.16484375 0.39453125
29 0.30078125 0.409375 0.184375 0.40078125
1 0.48828125 0.41328125 0.125 0.41484375
5 0.5984375 0.4078125 0.1375 0.41796875
8 0.734375 0.41015625 0.11953125 0.40234375
4 0.85703125 0.4140625 0.11796875 0.41328125
54 0.52265625 0.80546875 0.67578125 0.17890625