23 0.28125 0.39453125 0.17578125 0.38203125
1 0.49453125 0.3921875 0.090625 0.371875
5 0.60859375 0.378125 0.13203125 0.36953125
8 0.72734375 0.3828125 0.128125 0.35390625
5 0.846875 0.3828125 0.1390625 0.35078125
54 0.50859375 0.7015625 0.61328125 0.1445312523 0.28125 0.39453125 0.17578125 0.38203125
1 0.49453125 0.3921875 0.090625 0.371875
5 0.60859375 0.378125 0.13203125 0.36953125
8 0.72734375 0.3828125 0.128125 0.35390625
5 0.846875 0.3828125 0.1390625 0.35078125
54 0.50859375 0.7015625 0.61328125 0.1445312523 0.28125 0.39453125 0.17578125 0.38203125
1 0.49453125 0.3921875 0.090625 0.371875
5 0.60859375 0.378125 0.13203125 0.36953125
8 0.72734375 0.3828125 0.128125 0.35390625
5 0.846875 0.3828125 0.1390625 0.35078125
54 0.50859375 0.7015625 0.61328125 0.14453125