14 0.1703125 0.384375 0.175 0.3640625
33 0.328125 0.40078125 0.20625 0.3578125
1 0.5984375 0.4265625 0.1375 0.3640625
5 0.709375 0.4359375 0.16875 0.359375
8 0.84375 0.44765625 0.15 0.375
63 0.49296875 0.7703125 0.321875 0.232812514 0.1703125 0.384375 0.175 0.3640625
33 0.328125 0.40078125 0.20625 0.3578125
1 0.5984375 0.4265625 0.1375 0.3640625
5 0.709375 0.4359375 0.16875 0.359375
8 0.84375 0.44765625 0.15 0.375
63 0.49296875 0.7703125 0.321875 0.232812514 0.1703125 0.384375 0.175 0.3640625
33 0.328125 0.40078125 0.20625 0.3578125
1 0.5984375 0.4265625 0.1375 0.3640625
5 0.709375 0.4359375 0.16875 0.359375
8 0.84375 0.44765625 0.15 0.375
63 0.49296875 0.7703125 0.321875 0.2328125