23 0.27734375 0.40234375 0.1890625 0.3875
1 0.490625 0.3921875 0.103125 0.375
5 0.60390625 0.37421875 0.1453125 0.3734375
8 0.7234375 0.375 0.140625 0.3578125
5 0.8421875 0.37109375 0.1515625 0.3546875
54 0.515625 0.70078125 0.6171875 0.16562523 0.27734375 0.40234375 0.1890625 0.3875
1 0.490625 0.3921875 0.103125 0.375
5 0.60390625 0.37421875 0.1453125 0.3734375
8 0.7234375 0.375 0.140625 0.3578125
5 0.8421875 0.37109375 0.1515625 0.3546875
54 0.515625 0.70078125 0.6171875 0.16562523 0.27734375 0.40234375 0.1890625 0.3875
1 0.490625 0.3921875 0.103125 0.375
5 0.60390625 0.37421875 0.1453125 0.3734375
8 0.7234375 0.375 0.140625 0.3578125
5 0.8421875 0.37109375 0.1515625 0.3546875
54 0.515625 0.70078125 0.6171875 0.165625