10 0.175 0.3890625 0.2109375 0.3671875
11 0.36875 0.40078125 0.2375 0.3546875
1 0.559375 0.38203125 0.18125 0.3515625
6 0.6796875 0.384375 0.2015625 0.3328125
0 0.79921875 0.36875 0.1625 0.328125
8 0.91796875 0.36875 0.1640625 0.328125
98 0.421875 0.7046875 0.234375 0.20937510 0.175 0.3890625 0.2109375 0.3671875
11 0.36875 0.40078125 0.2375 0.3546875
1 0.559375 0.38203125 0.18125 0.3515625
6 0.6796875 0.384375 0.2015625 0.3328125
0 0.79921875 0.36875 0.1625 0.328125
8 0.91796875 0.36875 0.1640625 0.328125
98 0.421875 0.7046875 0.234375 0.20937510 0.175 0.3890625 0.2109375 0.3671875
11 0.36875 0.40078125 0.2375 0.3546875
1 0.559375 0.38203125 0.18125 0.3515625
6 0.6796875 0.384375 0.2015625 0.3328125
0 0.79921875 0.36875 0.1625 0.328125
8 0.91796875 0.36875 0.1640625 0.328125
98 0.421875 0.7046875 0.234375 0.209375