10 0.18828125 0.35625 0.2234375 0.3734375
11 0.38046875 0.3875 0.25 0.3625
1 0.57109375 0.3890625 0.1921875 0.35625
6 0.690625 0.40390625 0.2125 0.3390625
0 0.81171875 0.40078125 0.1734375 0.3328125
8 0.92109375 0.41328125 0.1578125 0.3328125
98 0.40078125 0.6953125 0.240625 0.217187510 0.18828125 0.35625 0.2234375 0.3734375
11 0.38046875 0.3875 0.25 0.3625
1 0.57109375 0.3890625 0.1921875 0.35625
6 0.690625 0.40390625 0.2125 0.3390625
0 0.81171875 0.40078125 0.1734375 0.3328125
8 0.92109375 0.41328125 0.1578125 0.3328125
98 0.40078125 0.6953125 0.240625 0.217187510 0.18828125 0.35625 0.2234375 0.3734375
11 0.38046875 0.3875 0.25 0.3625
1 0.57109375 0.3890625 0.1921875 0.35625
6 0.690625 0.40390625 0.2125 0.3390625
0 0.81171875 0.40078125 0.1734375 0.3328125
8 0.92109375 0.41328125 0.1578125 0.3328125
98 0.40078125 0.6953125 0.240625 0.2171875