10 0.19921875 0.334375 0.246875 0.384375
11 0.38828125 0.3796875 0.271875 0.375
1 0.57890625 0.39453125 0.215625 0.365625
6 0.696875 0.4171875 0.234375 0.35
0 0.81796875 0.42265625 0.19375 0.340625
8 0.91796875 0.44296875 0.1640625 0.3421875
98 0.3875 0.6875 0.253125 0.2312510 0.19921875 0.334375 0.246875 0.384375
11 0.38828125 0.3796875 0.271875 0.375
1 0.57890625 0.39453125 0.215625 0.365625
6 0.696875 0.4171875 0.234375 0.35
0 0.81796875 0.42265625 0.19375 0.340625
8 0.91796875 0.44296875 0.1640625 0.3421875
98 0.3875 0.6875 0.253125 0.2312510 0.19921875 0.334375 0.246875 0.384375
11 0.38828125 0.3796875 0.271875 0.375
1 0.57890625 0.39453125 0.215625 0.365625
6 0.696875 0.4171875 0.234375 0.35
0 0.81796875 0.42265625 0.19375 0.340625
8 0.91796875 0.44296875 0.1640625 0.3421875
98 0.3875 0.6875 0.253125 0.23125