10 0.2015625 0.3296875 0.253125 0.3875
11 0.390625 0.37734375 0.2765625 0.378125
1 0.58046875 0.3953125 0.2203125 0.3671875
6 0.6984375 0.4203125 0.2390625 0.353125
0 0.81875 0.428125 0.2 0.3421875
8 0.91796875 0.4515625 0.1640625 0.34375
98 0.384375 0.6859375 0.25625 0.23437510 0.2015625 0.3296875 0.253125 0.3875
11 0.390625 0.37734375 0.2765625 0.378125
1 0.58046875 0.3953125 0.2203125 0.3671875
6 0.6984375 0.4203125 0.2390625 0.353125
0 0.81875 0.428125 0.2 0.3421875
8 0.91796875 0.4515625 0.1640625 0.34375
98 0.384375 0.6859375 0.25625 0.23437510 0.2015625 0.3296875 0.253125 0.3875
11 0.390625 0.37734375 0.2765625 0.378125
1 0.58046875 0.3953125 0.2203125 0.3671875
6 0.6984375 0.4203125 0.2390625 0.353125
0 0.81875 0.428125 0.2 0.3421875
8 0.91796875 0.4515625 0.1640625 0.34375
98 0.384375 0.6859375 0.25625 0.234375