10 0.16640625 0.30078125 0.2484375 0.446875
14 0.3265625 0.325 0.2375 0.4515625
1 0.5234375 0.3484375 0.175 0.434375
6 0.65078125 0.36796875 0.215625 0.4421875
1 0.77265625 0.3921875 0.196875 0.4421875
6 0.9 0.40625 0.1953125 0.4359375
90 0.4640625 0.73046875 0.2828125 0.245312510 0.16640625 0.30078125 0.2484375 0.446875
14 0.3265625 0.325 0.2375 0.4515625
1 0.5234375 0.3484375 0.175 0.434375
6 0.65078125 0.36796875 0.215625 0.4421875
1 0.77265625 0.3921875 0.196875 0.4421875
6 0.9 0.40625 0.1953125 0.4359375
90 0.4640625 0.73046875 0.2828125 0.245312510 0.16640625 0.30078125 0.2484375 0.446875
14 0.3265625 0.325 0.2375 0.4515625
1 0.5234375 0.3484375 0.175 0.434375
6 0.65078125 0.36796875 0.215625 0.4421875
1 0.77265625 0.3921875 0.196875 0.4421875
6 0.9 0.40625 0.1953125 0.4359375
90 0.4640625 0.73046875 0.2828125 0.2453125