10 0.19921875 0.415625 0.140625 0.41875
42 0.3421875 0.4125 0.1703125 0.41640625
1 0.52421875 0.40859375 0.08515625 0.41875
6 0.6328125 0.39453125 0.1265625 0.43046875
1 0.74296875 0.390625 0.11953125 0.440625
6 0.85625 0.39453125 0.11640625 0.41796875
80 0.51015625 0.78984375 0.48828125 0.2273437510 0.19921875 0.415625 0.140625 0.41875
42 0.3421875 0.4125 0.1703125 0.41640625
1 0.52421875 0.40859375 0.08515625 0.41875
6 0.6328125 0.39453125 0.1265625 0.43046875
1 0.74296875 0.390625 0.11953125 0.440625
6 0.85625 0.39453125 0.11640625 0.41796875
80 0.51015625 0.78984375 0.48828125 0.2273437510 0.19921875 0.415625 0.140625 0.41875
42 0.3421875 0.4125 0.1703125 0.41640625
1 0.52421875 0.40859375 0.08515625 0.41875
6 0.6328125 0.39453125 0.1265625 0.43046875
1 0.74296875 0.390625 0.11953125 0.440625
6 0.85625 0.39453125 0.11640625 0.41796875
80 0.51015625 0.78984375 0.48828125 0.22734375