21 0.2171875 0.35859375 0.2171875 0.4109375
42 0.38515625 0.3625 0.2015625 0.359375
1 0.58984375 0.39765625 0.140625 0.3640625
6 0.7078125 0.4125 0.18125 0.346875
1 0.8375 0.425 0.146875 0.3375
6 0.93359375 0.44140625 0.1328125 0.3453125
54 0.5203125 0.69609375 0.6703125 0.204687521 0.2171875 0.35859375 0.2171875 0.4109375
42 0.38515625 0.3625 0.2015625 0.359375
1 0.58984375 0.39765625 0.140625 0.3640625
6 0.7078125 0.4125 0.18125 0.346875
1 0.8375 0.425 0.146875 0.3375
6 0.93359375 0.44140625 0.1328125 0.3453125
54 0.5203125 0.69609375 0.6703125 0.204687521 0.2171875 0.35859375 0.2171875 0.4109375
42 0.38515625 0.3625 0.2015625 0.359375
1 0.58984375 0.39765625 0.140625 0.3640625
6 0.7078125 0.4125 0.18125 0.346875
1 0.8375 0.425 0.146875 0.3375
6 0.93359375 0.44140625 0.1328125 0.3453125
54 0.5203125 0.69609375 0.6703125 0.2046875