10 0.209375 0.384375 0.184375 0.43125
42 0.35234375 0.39609375 0.2125 0.43125
1 0.53359375 0.41171875 0.128125 0.425
6 0.64296875 0.409375 0.1703125 0.440625
1 0.753125 0.41640625 0.165625 0.45
6 0.865625 0.43203125 0.159375 0.428125
80 0.4796875 0.7890625 0.509375 0.276562510 0.209375 0.384375 0.184375 0.43125
42 0.35234375 0.39609375 0.2125 0.43125
1 0.53359375 0.41171875 0.128125 0.425
6 0.64296875 0.409375 0.1703125 0.440625
1 0.753125 0.41640625 0.165625 0.45
6 0.865625 0.43203125 0.159375 0.428125
80 0.4796875 0.7890625 0.509375 0.276562510 0.209375 0.384375 0.184375 0.43125
42 0.35234375 0.39609375 0.2125 0.43125
1 0.53359375 0.41171875 0.128125 0.425
6 0.64296875 0.409375 0.1703125 0.440625
1 0.753125 0.41640625 0.165625 0.45
6 0.865625 0.43203125 0.159375 0.428125
80 0.4796875 0.7890625 0.509375 0.2765625