10 0.14453125 0.34296875 0.1984375 0.43125
14 0.30625 0.34765625 0.1875 0.4375
1 0.5046875 0.346875 0.125 0.428125
6 0.63359375 0.35078125 0.165625 0.4296875
1 0.7578125 0.359375 0.146875 0.4328125
6 0.88515625 0.35859375 0.1453125 0.4265625
90 0.4921875 0.7328125 0.2625 0.217187510 0.14453125 0.34296875 0.1984375 0.43125
14 0.30625 0.34765625 0.1875 0.4375
1 0.5046875 0.346875 0.125 0.428125
6 0.63359375 0.35078125 0.165625 0.4296875
1 0.7578125 0.359375 0.146875 0.4328125
6 0.88515625 0.35859375 0.1453125 0.4265625
90 0.4921875 0.7328125 0.2625 0.217187510 0.14453125 0.34296875 0.1984375 0.43125
14 0.30625 0.34765625 0.1875 0.4375
1 0.5046875 0.346875 0.125 0.428125
6 0.63359375 0.35078125 0.165625 0.4296875
1 0.7578125 0.359375 0.146875 0.4328125
6 0.88515625 0.35859375 0.1453125 0.4265625
90 0.4921875 0.7328125 0.2625 0.2171875