10 0.159375 0.3125 0.234375 0.4421875
14 0.3203125 0.33125 0.2234375 0.4484375
1 0.51796875 0.34765625 0.1609375 0.4328125
6 0.64609375 0.3625 0.2015625 0.4390625
1 0.76875 0.38203125 0.1828125 0.440625
6 0.89609375 0.3921875 0.18125 0.4328125
90 0.471875 0.73125 0.278125 0.237510 0.159375 0.3125 0.234375 0.4421875
14 0.3203125 0.33125 0.2234375 0.4484375
1 0.51796875 0.34765625 0.1609375 0.4328125
6 0.64609375 0.3625 0.2015625 0.4390625
1 0.76875 0.38203125 0.1828125 0.440625
6 0.89609375 0.3921875 0.18125 0.4328125
90 0.471875 0.73125 0.278125 0.237510 0.159375 0.3125 0.234375 0.4421875
14 0.3203125 0.33125 0.2234375 0.4484375
1 0.51796875 0.34765625 0.1609375 0.4328125
6 0.64609375 0.3625 0.2015625 0.4390625
1 0.76875 0.38203125 0.1828125 0.440625
6 0.89609375 0.3921875 0.18125 0.4328125
90 0.471875 0.73125 0.278125 0.2375