10 0.13671875 0.36171875 0.17734375 0.421875
14 0.2984375 0.3578125 0.16484375 0.42890625
1 0.496875 0.346875 0.10234375 0.4234375
6 0.62578125 0.34375 0.14375 0.4234375
1 0.75 0.34609375 0.125 0.42734375
6 0.87734375 0.33828125 0.1234375 0.4203125
90 0.5046875 0.7328125 0.2515625 0.204687510 0.13671875 0.36171875 0.17734375 0.421875
14 0.2984375 0.3578125 0.16484375 0.42890625
1 0.496875 0.346875 0.10234375 0.4234375
6 0.62578125 0.34375 0.14375 0.4234375
1 0.75 0.34609375 0.125 0.42734375
6 0.87734375 0.33828125 0.1234375 0.4203125
90 0.5046875 0.7328125 0.2515625 0.204687510 0.13671875 0.36171875 0.17734375 0.421875
14 0.2984375 0.3578125 0.16484375 0.42890625
1 0.496875 0.346875 0.10234375 0.4234375
6 0.62578125 0.34375 0.14375 0.4234375
1 0.75 0.34609375 0.125 0.42734375
6 0.87734375 0.33828125 0.1234375 0.4203125
90 0.5046875 0.7328125 0.2515625 0.2046875