10 0.21875 0.36484375 0.2109375 0.4375
42 0.36015625 0.38671875 0.240625 0.4390625
1 0.53984375 0.4140625 0.15625 0.4265625
6 0.64921875 0.41953125 0.2 0.4453125
1 0.75859375 0.434375 0.19375 0.4546875
6 0.86953125 0.4578125 0.1875 0.43125
80 0.459375 0.7875 0.5203125 0.30937510 0.21875 0.36484375 0.2109375 0.4375
42 0.36015625 0.38671875 0.240625 0.4390625
1 0.53984375 0.4140625 0.15625 0.4265625
6 0.64921875 0.41953125 0.2 0.4453125
1 0.75859375 0.434375 0.19375 0.4546875
6 0.86953125 0.4578125 0.1875 0.43125
80 0.459375 0.7875 0.5203125 0.30937510 0.21875 0.36484375 0.2109375 0.4375
42 0.36015625 0.38671875 0.240625 0.4390625
1 0.53984375 0.4140625 0.15625 0.4265625
6 0.64921875 0.41953125 0.2 0.4453125
1 0.75859375 0.434375 0.19375 0.4546875
6 0.86953125 0.4578125 0.1875 0.43125
80 0.459375 0.7875 0.5203125 0.309375