10 0.190625 0.45859375 0.196875 0.434375
42 0.33125 0.43515625 0.2265625 0.4359375
1 0.5109375 0.40625 0.1421875 0.4265625
6 0.6171875 0.37734375 0.1859375 0.44375
1 0.725 0.3578125 0.1796875 0.453125
6 0.83828125 0.34609375 0.1734375 0.4296875
80 0.55078125 0.7859375 0.515625 0.2937510 0.190625 0.45859375 0.196875 0.434375
42 0.33125 0.43515625 0.2265625 0.4359375
1 0.5109375 0.40625 0.1421875 0.4265625
6 0.6171875 0.37734375 0.1859375 0.44375
1 0.725 0.3578125 0.1796875 0.453125
6 0.83828125 0.34609375 0.1734375 0.4296875
80 0.55078125 0.7859375 0.515625 0.2937510 0.190625 0.45859375 0.196875 0.434375
42 0.33125 0.43515625 0.2265625 0.4359375
1 0.5109375 0.40625 0.1421875 0.4265625
6 0.6171875 0.37734375 0.1859375 0.44375
1 0.725 0.3578125 0.1796875 0.453125
6 0.83828125 0.34609375 0.1734375 0.4296875
80 0.55078125 0.7859375 0.515625 0.29375