10 0.19296875 0.4421875 0.1765625 0.4296875
42 0.33515625 0.4265625 0.20625 0.4296875
1 0.51640625 0.40703125 0.121875 0.425
6 0.6234375 0.38359375 0.1640625 0.440625
1 0.7328125 0.36953125 0.1578125 0.45
6 0.8453125 0.3640625 0.153125 0.4265625
80 0.53515625 0.7875 0.50625 0.2687510 0.19296875 0.4421875 0.1765625 0.4296875
42 0.33515625 0.4265625 0.20625 0.4296875
1 0.51640625 0.40703125 0.121875 0.425
6 0.6234375 0.38359375 0.1640625 0.440625
1 0.7328125 0.36953125 0.1578125 0.45
6 0.8453125 0.3640625 0.153125 0.4265625
80 0.53515625 0.7875 0.50625 0.2687510 0.19296875 0.4421875 0.1765625 0.4296875
42 0.33515625 0.4265625 0.20625 0.4296875
1 0.51640625 0.40703125 0.121875 0.425
6 0.6234375 0.38359375 0.1640625 0.440625
1 0.7328125 0.36953125 0.1578125 0.45
6 0.8453125 0.3640625 0.153125 0.4265625
80 0.53515625 0.7875 0.50625 0.26875