21 0.20390625 0.3890625 0.17734375 0.39453125
42 0.37109375 0.375 0.16640625 0.34375
1 0.57890625 0.3890625 0.10390625 0.35546875
6 0.69765625 0.39140625 0.14765625 0.33359375
1 0.828125 0.38984375 0.11328125 0.328125
6 0.93359375 0.39609375 0.11328125 0.33515625
54 0.540625 0.69296875 0.66015625 0.1367187521 0.20390625 0.3890625 0.17734375 0.39453125
42 0.37109375 0.375 0.16640625 0.34375
1 0.57890625 0.3890625 0.10390625 0.35546875
6 0.69765625 0.39140625 0.14765625 0.33359375
1 0.828125 0.38984375 0.11328125 0.328125
6 0.93359375 0.39609375 0.11328125 0.33515625
54 0.540625 0.69296875 0.66015625 0.1367187521 0.20390625 0.3890625 0.17734375 0.39453125
42 0.37109375 0.375 0.16640625 0.34375
1 0.57890625 0.3890625 0.10390625 0.35546875
6 0.69765625 0.39140625 0.14765625 0.33359375
1 0.828125 0.38984375 0.11328125 0.328125
6 0.93359375 0.39609375 0.11328125 0.33515625
54 0.540625 0.69296875 0.66015625 0.13671875