32 0.24765625 0.4046875 0.184375 0.259375
14 0.3984375 0.42109375 0.1765625 0.253125
1 0.60546875 0.42890625 0.1171875 0.2453125
6 0.71171875 0.44375 0.1515625 0.25
2 0.81484375 0.45078125 0.1609375 0.2453125
0 0.9203125 0.4625 0.146875 0.2421875
63 0.4734375 0.66015625 0.3078125 0.16562532 0.24765625 0.4046875 0.184375 0.259375
14 0.3984375 0.42109375 0.1765625 0.253125
1 0.60546875 0.42890625 0.1171875 0.2453125
6 0.71171875 0.44375 0.1515625 0.25
2 0.81484375 0.45078125 0.1609375 0.2453125
0 0.9203125 0.4625 0.146875 0.2421875
63 0.4734375 0.66015625 0.3078125 0.16562532 0.24765625 0.4046875 0.184375 0.259375
14 0.3984375 0.42109375 0.1765625 0.253125
1 0.60546875 0.42890625 0.1171875 0.2453125
6 0.71171875 0.44375 0.1515625 0.25
2 0.81484375 0.45078125 0.1609375 0.2453125
0 0.9203125 0.4625 0.146875 0.2421875
63 0.4734375 0.66015625 0.3078125 0.165625