32 0.23984375 0.42734375 0.171875 0.2515625
14 0.39140625 0.4296875 0.1640625 0.2453125
1 0.5984375 0.4203125 0.1046875 0.240625
6 0.70546875 0.425 0.1390625 0.24375
2 0.809375 0.4234375 0.1484375 0.2390625
0 0.91484375 0.4265625 0.134375 0.2359375
63 0.4875 0.66171875 0.3015625 0.1532 0.23984375 0.42734375 0.171875 0.2515625
14 0.39140625 0.4296875 0.1640625 0.2453125
1 0.5984375 0.4203125 0.1046875 0.240625
6 0.70546875 0.425 0.1390625 0.24375
2 0.809375 0.4234375 0.1484375 0.2390625
0 0.91484375 0.4265625 0.134375 0.2359375
63 0.4875 0.66171875 0.3015625 0.1532 0.23984375 0.42734375 0.171875 0.2515625
14 0.39140625 0.4296875 0.1640625 0.2453125
1 0.5984375 0.4203125 0.1046875 0.240625
6 0.70546875 0.425 0.1390625 0.24375
2 0.809375 0.4234375 0.1484375 0.2390625
0 0.91484375 0.4265625 0.134375 0.2359375
63 0.4875 0.66171875 0.3015625 0.15