38 0.15 0.32734375 0.20625 0.453125
40 0.31875 0.34921875 0.2125 0.4578125
1 0.51171875 0.378125 0.1671875 0.4578125
6 0.6515625 0.39765625 0.196875 0.4390625
2 0.7671875 0.4109375 0.1796875 0.4515625
7 0.89765625 0.4359375 0.190625 0.4578125
54 0.459375 0.81796875 0.7171875 0.342187538 0.15 0.32734375 0.20625 0.453125
40 0.31875 0.34921875 0.2125 0.4578125
1 0.51171875 0.378125 0.1671875 0.4578125
6 0.6515625 0.39765625 0.196875 0.4390625
2 0.7671875 0.4109375 0.1796875 0.4515625
7 0.89765625 0.4359375 0.190625 0.4578125
54 0.459375 0.81796875 0.7171875 0.342187538 0.15 0.32734375 0.20625 0.453125
40 0.31875 0.34921875 0.2125 0.4578125
1 0.51171875 0.378125 0.1671875 0.4578125
6 0.6515625 0.39765625 0.196875 0.4390625
2 0.7671875 0.4109375 0.1796875 0.4515625
7 0.89765625 0.4359375 0.190625 0.4578125
54 0.459375 0.81796875 0.7171875 0.3421875