38 0.13359375 0.36484375 0.1625 0.440625
40 0.30390625 0.36953125 0.1671875 0.44375
1 0.49921875 0.37734375 0.1203125 0.45
6 0.640625 0.38203125 0.153125 0.428125
2 0.75703125 0.38359375 0.134375 0.440625
7 0.88828125 0.3953125 0.1453125 0.446875
54 0.49296875 0.8203125 0.6953125 0.27187538 0.13359375 0.36484375 0.1625 0.440625
40 0.30390625 0.36953125 0.1671875 0.44375
1 0.49921875 0.37734375 0.1203125 0.45
6 0.640625 0.38203125 0.153125 0.428125
2 0.75703125 0.38359375 0.134375 0.440625
7 0.88828125 0.3953125 0.1453125 0.446875
54 0.49296875 0.8203125 0.6953125 0.27187538 0.13359375 0.36484375 0.1625 0.440625
40 0.30390625 0.36953125 0.1671875 0.44375
1 0.49921875 0.37734375 0.1203125 0.45
6 0.640625 0.38203125 0.153125 0.428125
2 0.75703125 0.38359375 0.134375 0.440625
7 0.88828125 0.3953125 0.1453125 0.446875
54 0.49296875 0.8203125 0.6953125 0.271875