38 0.13125 0.37109375 0.1546875 0.4375
40 0.3015625 0.37265625 0.16015625 0.44140625
1 0.496875 0.37734375 0.11328125 0.44765625
6 0.63828125 0.3796875 0.14609375 0.425
2 0.7546875 0.37890625 0.1265625 0.4390625
7 0.88671875 0.38828125 0.1375 0.44453125
54 0.4984375 0.8203125 0.690625 0.2601562538 0.13125 0.37109375 0.1546875 0.4375
40 0.3015625 0.37265625 0.16015625 0.44140625
1 0.496875 0.37734375 0.11328125 0.44765625
6 0.63828125 0.3796875 0.14609375 0.425
2 0.7546875 0.37890625 0.1265625 0.4390625
7 0.88671875 0.38828125 0.1375 0.44453125
54 0.4984375 0.8203125 0.690625 0.2601562538 0.13125 0.37109375 0.1546875 0.4375
40 0.3015625 0.37265625 0.16015625 0.44140625
1 0.496875 0.37734375 0.11328125 0.44765625
6 0.63828125 0.3796875 0.14609375 0.425
2 0.7546875 0.37890625 0.1265625 0.4390625
7 0.88671875 0.38828125 0.1375 0.44453125
54 0.4984375 0.8203125 0.690625 0.26015625