32 0.24140625 0.42265625 0.16796875 0.2484375
14 0.39296875 0.428125 0.16015625 0.24296875
1 0.6 0.421875 0.10078125 0.23828125
6 0.70703125 0.42890625 0.13515625 0.24140625
2 0.8109375 0.42890625 0.14453125 0.2359375
0 0.91640625 0.43359375 0.13046875 0.234375
63 0.484375 0.66171875 0.2984375 0.1445312532 0.24140625 0.42265625 0.16796875 0.2484375
14 0.39296875 0.428125 0.16015625 0.24296875
1 0.6 0.421875 0.10078125 0.23828125
6 0.70703125 0.42890625 0.13515625 0.24140625
2 0.8109375 0.42890625 0.14453125 0.2359375
0 0.91640625 0.43359375 0.13046875 0.234375
63 0.484375 0.66171875 0.2984375 0.1445312532 0.24140625 0.42265625 0.16796875 0.2484375
14 0.39296875 0.428125 0.16015625 0.24296875
1 0.6 0.421875 0.10078125 0.23828125
6 0.70703125 0.42890625 0.13515625 0.24140625
2 0.8109375 0.42890625 0.14453125 0.2359375
0 0.91640625 0.43359375 0.13046875 0.234375
63 0.484375 0.66171875 0.2984375 0.14453125