38 0.12109375 0.40390625 0.1921875 0.45
40 0.29140625 0.390625 0.1984375 0.453125
1 0.4859375 0.378125 0.1515625 0.45625
6 0.62734375 0.36796875 0.1828125 0.4359375
2 0.74296875 0.35703125 0.1640625 0.4484375
7 0.87578125 0.3546875 0.175 0.4546875
54 0.5265625 0.81953125 0.7109375 0.3187538 0.12109375 0.40390625 0.1921875 0.45
40 0.29140625 0.390625 0.1984375 0.453125
1 0.4859375 0.378125 0.1515625 0.45625
6 0.62734375 0.36796875 0.1828125 0.4359375
2 0.74296875 0.35703125 0.1640625 0.4484375
7 0.87578125 0.3546875 0.175 0.4546875
54 0.5265625 0.81953125 0.7109375 0.3187538 0.12109375 0.40390625 0.1921875 0.45
40 0.29140625 0.390625 0.1984375 0.453125
1 0.4859375 0.378125 0.1515625 0.45625
6 0.62734375 0.36796875 0.1828125 0.4359375
2 0.74296875 0.35703125 0.1640625 0.4484375
7 0.87578125 0.3546875 0.175 0.4546875
54 0.5265625 0.81953125 0.7109375 0.31875