14 0.196875 0.39453125 0.159375 0.3734375
41 0.33203125 0.39140625 0.14375 0.3453125
1 0.515625 0.403125 0.1171875 0.3484375
6 0.63828125 0.40234375 0.13125 0.35
4 0.7453125 0.409375 0.1265625 0.35625
8 0.84765625 0.4140625 0.115625 0.3578125
63 0.4609375 0.7546875 0.2625 0.20937514 0.196875 0.39453125 0.159375 0.3734375
41 0.33203125 0.39140625 0.14375 0.3453125
1 0.515625 0.403125 0.1171875 0.3484375
6 0.63828125 0.40234375 0.13125 0.35
4 0.7453125 0.409375 0.1265625 0.35625
8 0.84765625 0.4140625 0.115625 0.3578125
63 0.4609375 0.7546875 0.2625 0.20937514 0.196875 0.39453125 0.159375 0.3734375
41 0.33203125 0.39140625 0.14375 0.3453125
1 0.515625 0.403125 0.1171875 0.3484375
6 0.63828125 0.40234375 0.13125 0.35
4 0.7453125 0.409375 0.1265625 0.35625
8 0.84765625 0.4140625 0.115625 0.3578125
63 0.4609375 0.7546875 0.2625 0.209375