14 0.1953125 0.4 0.15234375 0.37109375
41 0.33046875 0.39453125 0.1375 0.3421875
1 0.5140625 0.403125 0.1109375 0.346875
6 0.63671875 0.4 0.125 0.34765625
4 0.74375 0.40546875 0.12109375 0.35390625
8 0.84609375 0.4078125 0.109375 0.35546875
63 0.465625 0.75546875 0.25859375 0.204687514 0.1953125 0.4 0.15234375 0.37109375
41 0.33046875 0.39453125 0.1375 0.3421875
1 0.5140625 0.403125 0.1109375 0.346875
6 0.63671875 0.4 0.125 0.34765625
4 0.74375 0.40546875 0.12109375 0.35390625
8 0.84609375 0.4078125 0.109375 0.35546875
63 0.465625 0.75546875 0.25859375 0.204687514 0.1953125 0.4 0.15234375 0.37109375
41 0.33046875 0.39453125 0.1375 0.3421875
1 0.5140625 0.403125 0.1109375 0.346875
6 0.63671875 0.4 0.125 0.34765625
4 0.74375 0.40546875 0.12109375 0.35390625
8 0.84609375 0.4078125 0.109375 0.35546875
63 0.465625 0.75546875 0.25859375 0.2046875