14 0.203125 0.37890625 0.178125 0.38125
41 0.33828125 0.3828125 0.1609375 0.3515625
1 0.52109375 0.4046875 0.134375 0.353125
6 0.64375 0.41015625 0.1484375 0.35625
4 0.75 0.42265625 0.1453125 0.3609375
8 0.8515625 0.43203125 0.134375 0.3625
63 0.44765625 0.75234375 0.271875 0.22187514 0.203125 0.37890625 0.178125 0.38125
41 0.33828125 0.3828125 0.1609375 0.3515625
1 0.52109375 0.4046875 0.134375 0.353125
6 0.64375 0.41015625 0.1484375 0.35625
4 0.75 0.42265625 0.1453125 0.3609375
8 0.8515625 0.43203125 0.134375 0.3625
63 0.44765625 0.75234375 0.271875 0.22187514 0.203125 0.37890625 0.178125 0.38125
41 0.33828125 0.3828125 0.1609375 0.3515625
1 0.52109375 0.4046875 0.134375 0.353125
6 0.64375 0.41015625 0.1484375 0.35625
4 0.75 0.42265625 0.1453125 0.3609375
8 0.8515625 0.43203125 0.134375 0.3625
63 0.44765625 0.75234375 0.271875 0.221875