14 0.19375 0.40546875 0.159375 0.3734375
41 0.32890625 0.39765625 0.14375 0.3453125
1 0.5125 0.403125 0.1171875 0.3484375
6 0.63515625 0.39765625 0.13125 0.35
4 0.7421875 0.4015625 0.1265625 0.35625
8 0.84453125 0.4015625 0.115625 0.3578125
63 0.4703125 0.75625 0.2625 0.20937514 0.19375 0.40546875 0.159375 0.3734375
41 0.32890625 0.39765625 0.14375 0.3453125
1 0.5125 0.403125 0.1171875 0.3484375
6 0.63515625 0.39765625 0.13125 0.35
4 0.7421875 0.4015625 0.1265625 0.35625
8 0.84453125 0.4015625 0.115625 0.3578125
63 0.4703125 0.75625 0.2625 0.20937514 0.19375 0.40546875 0.159375 0.3734375
41 0.32890625 0.39765625 0.14375 0.3453125
1 0.5125 0.403125 0.1171875 0.3484375
6 0.63515625 0.39765625 0.13125 0.35
4 0.7421875 0.4015625 0.1265625 0.35625
8 0.84453125 0.4015625 0.115625 0.3578125
63 0.4703125 0.75625 0.2625 0.209375