23 0.17421875 0.40546875 0.2046875 0.4921875
16 0.3140625 0.3953125 0.196875 0.4265625
1 0.51015625 0.41796875 0.15625 0.434375
6 0.62734375 0.42734375 0.1609375 0.4375
3 0.8609375 0.45078125 0.1625 0.41875
6 0.74765625 0.43515625 0.16875 0.4328125
54 0.4625 0.81171875 0.6484375 0.226562523 0.17421875 0.40546875 0.2046875 0.4921875
16 0.3140625 0.3953125 0.196875 0.4265625
1 0.51015625 0.41796875 0.15625 0.434375
6 0.62734375 0.42734375 0.1609375 0.4375
3 0.8609375 0.45078125 0.1625 0.41875
6 0.74765625 0.43515625 0.16875 0.4328125
54 0.4625 0.81171875 0.6484375 0.226562523 0.17421875 0.40546875 0.2046875 0.4921875
16 0.3140625 0.3953125 0.196875 0.4265625
1 0.51015625 0.41796875 0.15625 0.434375
6 0.62734375 0.42734375 0.1609375 0.4375
3 0.8609375 0.45078125 0.1625 0.41875
6 0.74765625 0.43515625 0.16875 0.4328125
54 0.4625 0.81171875 0.6484375 0.2265625