10 0.18046875 0.34765625 0.1421875 0.39921875
31 0.32890625 0.35 0.14609375 0.39609375
1 0.52734375 0.34609375 0.1078125 0.4078125
6 0.64609375 0.346875 0.1078125 0.38671875
6 0.76953125 0.34609375 0.12890625 0.3875
1 0.88984375 0.35 0.1125 0.4046875
98 0.4703125 0.7578125 0.28125 0.2710937510 0.18046875 0.34765625 0.1421875 0.39921875
31 0.32890625 0.35 0.14609375 0.39609375
1 0.52734375 0.34609375 0.1078125 0.4078125
6 0.64609375 0.346875 0.1078125 0.38671875
6 0.76953125 0.34609375 0.12890625 0.3875
1 0.88984375 0.35 0.1125 0.4046875
98 0.4703125 0.7578125 0.28125 0.2710937510 0.18046875 0.34765625 0.1421875 0.39921875
31 0.32890625 0.35 0.14609375 0.39609375
1 0.52734375 0.34609375 0.1078125 0.4078125
6 0.64609375 0.346875 0.1078125 0.38671875
6 0.76953125 0.34609375 0.12890625 0.3875
1 0.88984375 0.35 0.1125 0.4046875
98 0.4703125 0.7578125 0.28125 0.27109375