10 0.20859375 0.29921875 0.203125 0.4171875
31 0.3546875 0.325 0.20625 0.4140625
1 0.55078125 0.35234375 0.1703125 0.4203125
6 0.66796875 0.371875 0.1671875 0.3984375
6 0.790625 0.38984375 0.1875 0.403125
1 0.90859375 0.4125 0.175 0.4171875
98 0.43046875 0.75 0.3203125 0.312510 0.20859375 0.29921875 0.203125 0.4171875
31 0.3546875 0.325 0.20625 0.4140625
1 0.55078125 0.35234375 0.1703125 0.4203125
6 0.66796875 0.371875 0.1671875 0.3984375
6 0.790625 0.38984375 0.1875 0.403125
1 0.90859375 0.4125 0.175 0.4171875
98 0.43046875 0.75 0.3203125 0.312510 0.20859375 0.29921875 0.203125 0.4171875
31 0.3546875 0.325 0.20625 0.4140625
1 0.55078125 0.35234375 0.1703125 0.4203125
6 0.66796875 0.371875 0.1671875 0.3984375
6 0.790625 0.38984375 0.1875 0.403125
1 0.90859375 0.4125 0.175 0.4171875
98 0.43046875 0.75 0.3203125 0.3125