10 0.1625 0.39375 0.196875 0.415625
31 0.309375 0.375 0.2 0.4125
1 0.50546875 0.34375 0.1640625 0.41875
6 0.6234375 0.328125 0.1609375 0.3984375
6 0.7453125 0.31015625 0.18125 0.4015625
1 0.86484375 0.296875 0.1671875 0.415625
98 0.50625 0.759375 0.315625 0.307812510 0.1625 0.39375 0.196875 0.415625
31 0.309375 0.375 0.2 0.4125
1 0.50546875 0.34375 0.1640625 0.41875
6 0.6234375 0.328125 0.1609375 0.3984375
6 0.7453125 0.31015625 0.18125 0.4015625
1 0.86484375 0.296875 0.1671875 0.415625
98 0.50625 0.759375 0.315625 0.307812510 0.1625 0.39375 0.196875 0.415625
31 0.309375 0.375 0.2 0.4125
1 0.50546875 0.34375 0.1640625 0.41875
6 0.6234375 0.328125 0.1609375 0.3984375
6 0.7453125 0.31015625 0.18125 0.4015625
1 0.86484375 0.296875 0.1671875 0.415625
98 0.50625 0.759375 0.315625 0.3078125