23 0.17734375 0.39453125 0.2203125 0.4953125
16 0.3171875 0.3890625 0.2109375 0.4296875
1 0.51328125 0.41796875 0.1703125 0.4359375
6 0.6296875 0.43203125 0.175 0.4390625
3 0.8625 0.46328125 0.175 0.4203125
6 0.75 0.44375 0.1828125 0.434375
54 0.4515625 0.81015625 0.6515625 0.248437523 0.17734375 0.39453125 0.2203125 0.4953125
16 0.3171875 0.3890625 0.2109375 0.4296875
1 0.51328125 0.41796875 0.1703125 0.4359375
6 0.6296875 0.43203125 0.175 0.4390625
3 0.8625 0.46328125 0.175 0.4203125
6 0.75 0.44375 0.1828125 0.434375
54 0.4515625 0.81015625 0.6515625 0.248437523 0.17734375 0.39453125 0.2203125 0.4953125
16 0.3171875 0.3890625 0.2109375 0.4296875
1 0.51328125 0.41796875 0.1703125 0.4359375
6 0.6296875 0.43203125 0.175 0.4390625
3 0.8625 0.46328125 0.175 0.4203125
6 0.75 0.44375 0.1828125 0.434375
54 0.4515625 0.81015625 0.6515625 0.2484375