10 0.1609375 0.39921875 0.203125 0.4171875
31 0.3078125 0.37890625 0.20625 0.4140625
1 0.503125 0.34375 0.1703125 0.4203125
6 0.6203125 0.32578125 0.1671875 0.3984375
6 0.7421875 0.30546875 0.1875 0.403125
1 0.86171875 0.290625 0.175 0.4171875
98 0.5109375 0.759375 0.3203125 0.312510 0.1609375 0.39921875 0.203125 0.4171875
31 0.3078125 0.37890625 0.20625 0.4140625
1 0.503125 0.34375 0.1703125 0.4203125
6 0.6203125 0.32578125 0.1671875 0.3984375
6 0.7421875 0.30546875 0.1875 0.403125
1 0.86171875 0.290625 0.175 0.4171875
98 0.5109375 0.759375 0.3203125 0.312510 0.1609375 0.39921875 0.203125 0.4171875
31 0.3078125 0.37890625 0.20625 0.4140625
1 0.503125 0.34375 0.1703125 0.4203125
6 0.6203125 0.32578125 0.1671875 0.3984375
6 0.7421875 0.30546875 0.1875 0.403125
1 0.86171875 0.290625 0.175 0.4171875
98 0.5109375 0.759375 0.3203125 0.3125