23 0.16484375 0.44609375 0.146875 0.478125
16 0.30234375 0.41875 0.146875 0.4125
1 0.5 0.4171875 0.10625 0.425
6 0.6171875 0.4125 0.109375 0.428125
3 0.85234375 0.40703125 0.1125 0.4078125
6 0.73828125 0.40546875 0.11875 0.421875
54 0.50078125 0.8140625 0.634375 0.1523 0.16484375 0.44609375 0.146875 0.478125
16 0.30234375 0.41875 0.146875 0.4125
1 0.5 0.4171875 0.10625 0.425
6 0.6171875 0.4125 0.109375 0.428125
3 0.85234375 0.40703125 0.1125 0.4078125
6 0.73828125 0.40546875 0.11875 0.421875
54 0.50078125 0.8140625 0.634375 0.1523 0.16484375 0.44609375 0.146875 0.478125
16 0.30234375 0.41875 0.146875 0.4125
1 0.5 0.4171875 0.10625 0.425
6 0.6171875 0.4125 0.109375 0.428125
3 0.85234375 0.40703125 0.1125 0.4078125
6 0.73828125 0.40546875 0.11875 0.421875
54 0.50078125 0.8140625 0.634375 0.15