23 0.1671875 0.434375 0.1640625 0.4828125
16 0.30546875 0.41171875 0.1625 0.4171875
1 0.503125 0.4171875 0.1203125 0.428125
6 0.6203125 0.41640625 0.125 0.43125
3 0.85546875 0.41953125 0.128125 0.4109375
6 0.74140625 0.4140625 0.1328125 0.425
54 0.48984375 0.8140625 0.640625 0.173437523 0.1671875 0.434375 0.1640625 0.4828125
16 0.30546875 0.41171875 0.1625 0.4171875
1 0.503125 0.4171875 0.1203125 0.428125
6 0.6203125 0.41640625 0.125 0.43125
3 0.85546875 0.41953125 0.128125 0.4109375
6 0.74140625 0.4140625 0.1328125 0.425
54 0.48984375 0.8140625 0.640625 0.173437523 0.1671875 0.434375 0.1640625 0.4828125
16 0.30546875 0.41171875 0.1625 0.4171875
1 0.503125 0.4171875 0.1203125 0.428125
6 0.6203125 0.41640625 0.125 0.43125
3 0.85546875 0.41953125 0.128125 0.4109375
6 0.74140625 0.4140625 0.1328125 0.425
54 0.48984375 0.8140625 0.640625 0.1734375