23 0.16484375 0.44609375 0.14765625 0.47734375
16 0.30234375 0.41875 0.14765625 0.41171875
1 0.5 0.4171875 0.10546875 0.425
6 0.6171875 0.4125 0.109375 0.42734375
3 0.85234375 0.40703125 0.11328125 0.4078125
6 0.73828125 0.40546875 0.11796875 0.421875
54 0.50078125 0.8140625 0.63515625 0.1507812523 0.16484375 0.44609375 0.14765625 0.47734375
16 0.30234375 0.41875 0.14765625 0.41171875
1 0.5 0.4171875 0.10546875 0.425
6 0.6171875 0.4125 0.109375 0.42734375
3 0.85234375 0.40703125 0.11328125 0.4078125
6 0.73828125 0.40546875 0.11796875 0.421875
54 0.50078125 0.8140625 0.63515625 0.1507812523 0.16484375 0.44609375 0.14765625 0.47734375
16 0.30234375 0.41875 0.14765625 0.41171875
1 0.5 0.4171875 0.10546875 0.425
6 0.6171875 0.4125 0.109375 0.42734375
3 0.85234375 0.40703125 0.11328125 0.4078125
6 0.73828125 0.40546875 0.11796875 0.421875
54 0.50078125 0.8140625 0.63515625 0.15078125