19 0.1234375 0.4296875 0.246875 0.4875
11 0.27890625 0.403125 0.2375 0.478125
1 0.4828125 0.37734375 0.1984375 0.5046875
6 0.609375 0.35234375 0.190625 0.5015625
7 0.73515625 0.325 0.1953125 0.478125
5 0.8609375 0.303125 0.2109375 0.4828125
54 0.55625 0.80390625 0.659375 0.320312519 0.1234375 0.4296875 0.246875 0.4875
11 0.27890625 0.403125 0.2375 0.478125
1 0.4828125 0.37734375 0.1984375 0.5046875
6 0.609375 0.35234375 0.190625 0.5015625
7 0.73515625 0.325 0.1953125 0.478125
5 0.8609375 0.303125 0.2109375 0.4828125
54 0.55625 0.80390625 0.659375 0.320312519 0.1234375 0.4296875 0.246875 0.4875
11 0.27890625 0.403125 0.2375 0.478125
1 0.4828125 0.37734375 0.1984375 0.5046875
6 0.609375 0.35234375 0.190625 0.5015625
7 0.73515625 0.325 0.1953125 0.478125
5 0.8609375 0.303125 0.2109375 0.4828125
54 0.55625 0.80390625 0.659375 0.3203125