19 0.13359375 0.37109375 0.1875 0.46328125
11 0.296875 0.36953125 0.16796875 0.45703125
1 0.50234375 0.3765625 0.1234375 0.49140625
6 0.63125 0.37109375 0.11484375 0.48984375
7 0.759375 0.3640625 0.1234375 0.46484375
5 0.8875 0.36171875 0.1390625 0.4671875
54 0.5078125 0.80859375 0.63203125 0.2242187519 0.13359375 0.37109375 0.1875 0.46328125
11 0.296875 0.36953125 0.16796875 0.45703125
1 0.50234375 0.3765625 0.1234375 0.49140625
6 0.63125 0.37109375 0.11484375 0.48984375
7 0.759375 0.3640625 0.1234375 0.46484375
5 0.8875 0.36171875 0.1390625 0.4671875
54 0.5078125 0.80859375 0.63203125 0.2242187519 0.13359375 0.37109375 0.1875 0.46328125
11 0.296875 0.36953125 0.16796875 0.45703125
1 0.50234375 0.3765625 0.1234375 0.49140625
6 0.63125 0.37109375 0.11484375 0.48984375
7 0.759375 0.3640625 0.1234375 0.46484375
5 0.8875 0.36171875 0.1390625 0.4671875
54 0.5078125 0.80859375 0.63203125 0.22421875