19 0.121875 0.41015625 0.234375 0.4796875
11 0.284375 0.39140625 0.2140625 0.471875
1 0.4890625 0.37734375 0.1734375 0.5015625
6 0.6171875 0.3578125 0.165625 0.4984375
7 0.74375 0.3375 0.171875 0.475
5 0.87109375 0.321875 0.1875 0.4796875
54 0.53984375 0.80625 0.6515625 0.289062519 0.121875 0.41015625 0.234375 0.4796875
11 0.284375 0.39140625 0.2140625 0.471875
1 0.4890625 0.37734375 0.1734375 0.5015625
6 0.6171875 0.3578125 0.165625 0.4984375
7 0.74375 0.3375 0.171875 0.475
5 0.87109375 0.321875 0.1875 0.4796875
54 0.53984375 0.80625 0.6515625 0.289062519 0.121875 0.41015625 0.234375 0.4796875
11 0.284375 0.39140625 0.2140625 0.471875
1 0.4890625 0.37734375 0.1734375 0.5015625
6 0.6171875 0.3578125 0.165625 0.4984375
7 0.74375 0.3375 0.171875 0.475
5 0.87109375 0.321875 0.1875 0.4796875
54 0.53984375 0.80625 0.6515625 0.2890625