45 0.1734375 0.39921875 0.18125 0.3859375
28 0.3203125 0.390625 0.1765625 0.3921875
1 0.5203125 0.3765625 0.1328125 0.4015625
6 0.63515625 0.36328125 0.1390625 0.3875
8 0.7421875 0.35625 0.1375 0.375
8 0.8546875 0.35 0.1375 0.378125
54 0.5203125 0.76640625 0.684375 0.239062545 0.1734375 0.39921875 0.18125 0.3859375
28 0.3203125 0.390625 0.1765625 0.3921875
1 0.5203125 0.3765625 0.1328125 0.4015625
6 0.63515625 0.36328125 0.1390625 0.3875
8 0.7421875 0.35625 0.1375 0.375
8 0.8546875 0.35 0.1375 0.378125
54 0.5203125 0.76640625 0.684375 0.239062545 0.1734375 0.39921875 0.18125 0.3859375
28 0.3203125 0.390625 0.1765625 0.3921875
1 0.5203125 0.3765625 0.1328125 0.4015625
6 0.63515625 0.36328125 0.1390625 0.3875
8 0.7421875 0.35625 0.1375 0.375
8 0.8546875 0.35 0.1375 0.378125
54 0.5203125 0.76640625 0.684375 0.2390625