45 0.19609375 0.34375 0.18125 0.3859375
28 0.3421875 0.3609375 0.1765625 0.3921875
1 0.54140625 0.38203125 0.1328125 0.4015625
6 0.65703125 0.3890625 0.1390625 0.3875
8 0.76328125 0.40078125 0.1375 0.375
8 0.875 0.41328125 0.1375 0.378125
54 0.4734375 0.765625 0.684375 0.239062545 0.19609375 0.34375 0.18125 0.3859375
28 0.3421875 0.3609375 0.1765625 0.3921875
1 0.54140625 0.38203125 0.1328125 0.4015625
6 0.65703125 0.3890625 0.1390625 0.3875
8 0.76328125 0.40078125 0.1375 0.375
8 0.875 0.41328125 0.1375 0.378125
54 0.4734375 0.765625 0.684375 0.239062545 0.19609375 0.34375 0.18125 0.3859375
28 0.3421875 0.3609375 0.1765625 0.3921875
1 0.54140625 0.38203125 0.1328125 0.4015625
6 0.65703125 0.3890625 0.1390625 0.3875
8 0.76328125 0.40078125 0.1375 0.375
8 0.875 0.41328125 0.1375 0.378125
54 0.4734375 0.765625 0.684375 0.2390625