45 0.175 0.39375 0.175 0.384375
28 0.321875 0.3875 0.1703125 0.3890625
1 0.52265625 0.37734375 0.1265625 0.4
6 0.6375 0.365625 0.1328125 0.3859375
8 0.74453125 0.3609375 0.13125 0.3734375
8 0.85703125 0.35625 0.13125 0.378125
54 0.515625 0.76640625 0.68125 0.22812545 0.175 0.39375 0.175 0.384375
28 0.321875 0.3875 0.1703125 0.3890625
1 0.52265625 0.37734375 0.1265625 0.4
6 0.6375 0.365625 0.1328125 0.3859375
8 0.74453125 0.3609375 0.13125 0.3734375
8 0.85703125 0.35625 0.13125 0.378125
54 0.515625 0.76640625 0.68125 0.22812545 0.175 0.39375 0.175 0.384375
28 0.321875 0.3875 0.1703125 0.3890625
1 0.52265625 0.37734375 0.1265625 0.4
6 0.6375 0.365625 0.1328125 0.3859375
8 0.74453125 0.3609375 0.13125 0.3734375
8 0.85703125 0.35625 0.13125 0.378125
54 0.515625 0.76640625 0.68125 0.228125