45 0.18828125 0.36015625 0.1625 0.3796875
28 0.33515625 0.36953125 0.15625 0.3859375
1 0.53515625 0.3796875 0.1125 0.3984375
6 0.65078125 0.38125 0.11875 0.3828125
8 0.7578125 0.38671875 0.11875 0.3703125
8 0.8703125 0.39375 0.11875 0.375
54 0.4875 0.7671875 0.6765625 0.204687545 0.18828125 0.36015625 0.1625 0.3796875
28 0.33515625 0.36953125 0.15625 0.3859375
1 0.53515625 0.3796875 0.1125 0.3984375
6 0.65078125 0.38125 0.11875 0.3828125
8 0.7578125 0.38671875 0.11875 0.3703125
8 0.8703125 0.39375 0.11875 0.375
54 0.4875 0.7671875 0.6765625 0.204687545 0.18828125 0.36015625 0.1625 0.3796875
28 0.33515625 0.36953125 0.15625 0.3859375
1 0.53515625 0.3796875 0.1125 0.3984375
6 0.65078125 0.38125 0.11875 0.3828125
8 0.7578125 0.38671875 0.11875 0.3703125
8 0.8703125 0.39375 0.11875 0.375
54 0.4875 0.7671875 0.6765625 0.2046875