13 0.20390625 0.353125 0.14609375 0.35390625
30 0.34765625 0.3546875 0.1421875 0.35390625
1 0.6 0.3515625 0.109375 0.33984375
6 0.7171875 0.34609375 0.1078125 0.33359375
9 0.8328125 0.35390625 0.1234375 0.33203125
54 0.503125 0.721875 0.66796875 0.201562513 0.20390625 0.353125 0.14609375 0.35390625
30 0.34765625 0.3546875 0.1421875 0.35390625
1 0.6 0.3515625 0.109375 0.33984375
6 0.7171875 0.34609375 0.1078125 0.33359375
9 0.8328125 0.35390625 0.1234375 0.33203125
54 0.503125 0.721875 0.66796875 0.201562513 0.20390625 0.353125 0.14609375 0.35390625
30 0.34765625 0.3546875 0.1421875 0.35390625
1 0.6 0.3515625 0.109375 0.33984375
6 0.7171875 0.34609375 0.1078125 0.33359375
9 0.8328125 0.35390625 0.1234375 0.33203125
54 0.503125 0.721875 0.66796875 0.2015625