13 0.1921875 0.3796875 0.1765625 0.365625
30 0.3359375 0.36875 0.171875 0.365625
1 0.58671875 0.34375 0.1390625 0.3484375
6 0.703125 0.328125 0.1359375 0.3421875
9 0.81875 0.32578125 0.1515625 0.3421875
54 0.52265625 0.72109375 0.6828125 0.25937513 0.1921875 0.3796875 0.1765625 0.365625
30 0.3359375 0.36875 0.171875 0.365625
1 0.58671875 0.34375 0.1390625 0.3484375
6 0.703125 0.328125 0.1359375 0.3421875
9 0.81875 0.32578125 0.1515625 0.3421875
54 0.52265625 0.72109375 0.6828125 0.25937513 0.1921875 0.3796875 0.1765625 0.365625
30 0.3359375 0.36875 0.171875 0.365625
1 0.58671875 0.34375 0.1390625 0.3484375
6 0.703125 0.328125 0.1359375 0.3421875
9 0.81875 0.32578125 0.1515625 0.3421875
54 0.52265625 0.72109375 0.6828125 0.259375