13 0.18671875 0.39609375 0.19375 0.3703125
30 0.32890625 0.37734375 0.190625 0.3703125
1 0.578125 0.3390625 0.15625 0.3515625
6 0.69375 0.3171875 0.153125 0.3453125
9 0.809375 0.309375 0.16875 0.3453125
54 0.53359375 0.71953125 0.6890625 0.292187513 0.18671875 0.39609375 0.19375 0.3703125
30 0.32890625 0.37734375 0.190625 0.3703125
1 0.578125 0.3390625 0.15625 0.3515625
6 0.69375 0.3171875 0.153125 0.3453125
9 0.809375 0.309375 0.16875 0.3453125
54 0.53359375 0.71953125 0.6890625 0.292187513 0.18671875 0.39609375 0.19375 0.3703125
30 0.32890625 0.37734375 0.190625 0.3703125
1 0.578125 0.3390625 0.15625 0.3515625
6 0.69375 0.3171875 0.153125 0.3453125
9 0.809375 0.309375 0.16875 0.3453125
54 0.53359375 0.71953125 0.6890625 0.2921875