46 0.13515625 0.409375 0.1765625 0.4375
11 0.29609375 0.425 0.159375 0.425
1 0.49296875 0.425 0.115625 0.4421875
7 0.61953125 0.428125 0.1609375 0.4265625
0 0.7515625 0.43359375 0.1484375 0.4125
0 0.8921875 0.44140625 0.153125 0.4109375
54 0.47109375 0.8515625 0.68125 0.22546 0.13515625 0.409375 0.1765625 0.4375
11 0.29609375 0.425 0.159375 0.425
1 0.49296875 0.425 0.115625 0.4421875
7 0.61953125 0.428125 0.1609375 0.4265625
0 0.7515625 0.43359375 0.1484375 0.4125
0 0.8921875 0.44140625 0.153125 0.4109375
54 0.47109375 0.8515625 0.68125 0.22546 0.13515625 0.409375 0.1765625 0.4375
11 0.29609375 0.425 0.159375 0.425
1 0.49296875 0.425 0.115625 0.4421875
7 0.61953125 0.428125 0.1609375 0.4265625
0 0.7515625 0.43359375 0.1484375 0.4125
0 0.8921875 0.44140625 0.153125 0.4109375
54 0.47109375 0.8515625 0.68125 0.225