44 0.1875 0.3484375 0.2296875 0.4296875
14 0.36171875 0.3890625 0.190625 0.3875
1 0.60859375 0.40859375 0.15 0.3984375
7 0.73203125 0.42734375 0.2078125 0.415625
0 0.8578125 0.44296875 0.1734375 0.38125
54 0.4625 0.77421875 0.690625 0.2544 0.1875 0.3484375 0.2296875 0.4296875
14 0.36171875 0.3890625 0.190625 0.3875
1 0.60859375 0.40859375 0.15 0.3984375
7 0.73203125 0.42734375 0.2078125 0.415625
0 0.8578125 0.44296875 0.1734375 0.38125
54 0.4625 0.77421875 0.690625 0.2544 0.1875 0.3484375 0.2296875 0.4296875
14 0.36171875 0.3890625 0.190625 0.3875
1 0.60859375 0.40859375 0.15 0.3984375
7 0.73203125 0.42734375 0.2078125 0.415625
0 0.8578125 0.44296875 0.1734375 0.38125
54 0.4625 0.77421875 0.690625 0.25