46 0.13671875 0.403125 0.16875 0.434375
11 0.29765625 0.42109375 0.15234375 0.421875
1 0.49453125 0.425 0.1078125 0.440625
7 0.62109375 0.43046875 0.153125 0.4234375
0 0.75234375 0.43828125 0.140625 0.41015625
0 0.89296875 0.4484375 0.14609375 0.4078125
54 0.46484375 0.85078125 0.67734375 0.2132812546 0.13671875 0.403125 0.16875 0.434375
11 0.29765625 0.42109375 0.15234375 0.421875
1 0.49453125 0.425 0.1078125 0.440625
7 0.62109375 0.43046875 0.153125 0.4234375
0 0.75234375 0.43828125 0.140625 0.41015625
0 0.89296875 0.4484375 0.14609375 0.4078125
54 0.46484375 0.85078125 0.67734375 0.2132812546 0.13671875 0.403125 0.16875 0.434375
11 0.29765625 0.42109375 0.15234375 0.421875
1 0.49453125 0.425 0.1078125 0.440625
7 0.62109375 0.43046875 0.153125 0.4234375
0 0.75234375 0.43828125 0.140625 0.41015625
0 0.89296875 0.4484375 0.14609375 0.4078125
54 0.46484375 0.85078125 0.67734375 0.21328125