44 0.165625 0.40546875 0.215625 0.4234375
14 0.34453125 0.41484375 0.178125 0.3828125
1 0.59140625 0.39140625 0.1359375 0.3953125
7 0.71640625 0.3875 0.19375 0.4109375
0 0.84296875 0.38203125 0.1609375 0.378125
54 0.5109375 0.7765625 0.6875 0.226562544 0.165625 0.40546875 0.215625 0.4234375
14 0.34453125 0.41484375 0.178125 0.3828125
1 0.59140625 0.39140625 0.1359375 0.3953125
7 0.71640625 0.3875 0.19375 0.4109375
0 0.84296875 0.38203125 0.1609375 0.378125
54 0.5109375 0.7765625 0.6875 0.226562544 0.165625 0.40546875 0.215625 0.4234375
14 0.34453125 0.41484375 0.178125 0.3828125
1 0.59140625 0.39140625 0.1359375 0.3953125
7 0.71640625 0.3875 0.19375 0.4109375
0 0.84296875 0.38203125 0.1609375 0.378125
54 0.5109375 0.7765625 0.6875 0.2265625