46 0.13828125 0.396875 0.1765625 0.4375
11 0.29921875 0.4171875 0.159375 0.425
1 0.49609375 0.425 0.115625 0.4421875
7 0.62265625 0.4328125 0.1609375 0.4265625
0 0.753125 0.44296875 0.1484375 0.4125
0 0.89375 0.45546875 0.153125 0.4109375
54 0.45859375 0.85 0.68125 0.22546 0.13828125 0.396875 0.1765625 0.4375
11 0.29921875 0.4171875 0.159375 0.425
1 0.49609375 0.425 0.115625 0.4421875
7 0.62265625 0.4328125 0.1609375 0.4265625
0 0.753125 0.44296875 0.1484375 0.4125
0 0.89375 0.45546875 0.153125 0.4109375
54 0.45859375 0.85 0.68125 0.22546 0.13828125 0.396875 0.1765625 0.4375
11 0.29921875 0.4171875 0.159375 0.425
1 0.49609375 0.425 0.115625 0.4421875
7 0.62265625 0.4328125 0.1609375 0.4265625
0 0.753125 0.44296875 0.1484375 0.4125
0 0.89375 0.45546875 0.153125 0.4109375
54 0.45859375 0.85 0.68125 0.225