44 0.1734375 0.38203125 0.1875 0.41171875
14 0.35078125 0.40390625 0.153125 0.3734375
1 0.5984375 0.39765625 0.109375 0.3890625
7 0.7234375 0.403125 0.16640625 0.40078125
0 0.85 0.40625 0.13515625 0.36953125
54 0.49140625 0.7765625 0.67578125 0.1804687544 0.1734375 0.38203125 0.1875 0.41171875
14 0.35078125 0.40390625 0.153125 0.3734375
1 0.5984375 0.39765625 0.109375 0.3890625
7 0.7234375 0.403125 0.16640625 0.40078125
0 0.85 0.40625 0.13515625 0.36953125
54 0.49140625 0.7765625 0.67578125 0.1804687544 0.1734375 0.38203125 0.1875 0.41171875
14 0.35078125 0.40390625 0.153125 0.3734375
1 0.5984375 0.39765625 0.109375 0.3890625
7 0.7234375 0.403125 0.16640625 0.40078125
0 0.85 0.40625 0.13515625 0.36953125
54 0.49140625 0.7765625 0.67578125 0.18046875