44 0.16953125 0.39375 0.2015625 0.41875
14 0.34765625 0.409375 0.165625 0.378125
1 0.59453125 0.39453125 0.1234375 0.3921875
7 0.71953125 0.3953125 0.1796875 0.40625
0 0.846875 0.39375 0.1484375 0.3734375
54 0.50078125 0.7765625 0.68125 0.204687544 0.16953125 0.39375 0.2015625 0.41875
14 0.34765625 0.409375 0.165625 0.378125
1 0.59453125 0.39453125 0.1234375 0.3921875
7 0.71953125 0.3953125 0.1796875 0.40625
0 0.846875 0.39375 0.1484375 0.3734375
54 0.50078125 0.7765625 0.68125 0.204687544 0.16953125 0.39375 0.2015625 0.41875
14 0.34765625 0.409375 0.165625 0.378125
1 0.59453125 0.39453125 0.1234375 0.3921875
7 0.71953125 0.3953125 0.1796875 0.40625
0 0.846875 0.39375 0.1484375 0.3734375
54 0.50078125 0.7765625 0.68125 0.2046875