33 0.10625 0.42421875 0.2125 0.3578125
12 0.27578125 0.40625 0.2515625 0.371875
1 0.45390625 0.38359375 0.19375 0.3453125
7 0.5609375 0.36484375 0.18125 0.3359375
2 0.721875 0.34140625 0.21875 0.365625
1 0.85 0.31484375 0.175 0.3421875
58 0.55859375 0.66875 0.35 0.204687533 0.10625 0.42421875 0.2125 0.3578125
12 0.27578125 0.40625 0.2515625 0.371875
1 0.45390625 0.38359375 0.19375 0.3453125
7 0.5609375 0.36484375 0.18125 0.3359375
2 0.721875 0.34140625 0.21875 0.365625
1 0.85 0.31484375 0.175 0.3421875
58 0.55859375 0.66875 0.35 0.204687533 0.10625 0.42421875 0.2125 0.3578125
12 0.27578125 0.40625 0.2515625 0.371875
1 0.45390625 0.38359375 0.19375 0.3453125
7 0.5609375 0.36484375 0.18125 0.3359375
2 0.721875 0.34140625 0.21875 0.365625
1 0.85 0.31484375 0.175 0.3421875
58 0.55859375 0.66875 0.35 0.2046875