33 0.1359375 0.32421875 0.2046875 0.3515625
12 0.30703125 0.3515625 0.234375 0.3640625
1 0.48515625 0.37578125 0.1765625 0.3390625
7 0.59375 0.38515625 0.165625 0.33125
2 0.75546875 0.40390625 0.2015625 0.359375
1 0.88671875 0.41171875 0.1578125 0.3375
58 0.5125 0.678125 0.34375 0.189062533 0.1359375 0.32421875 0.2046875 0.3515625
12 0.30703125 0.3515625 0.234375 0.3640625
1 0.48515625 0.37578125 0.1765625 0.3390625
7 0.59375 0.38515625 0.165625 0.33125
2 0.75546875 0.40390625 0.2015625 0.359375
1 0.88671875 0.41171875 0.1578125 0.3375
58 0.5125 0.678125 0.34375 0.189062533 0.1359375 0.32421875 0.2046875 0.3515625
12 0.30703125 0.3515625 0.234375 0.3640625
1 0.48515625 0.37578125 0.1765625 0.3390625
7 0.59375 0.38515625 0.165625 0.33125
2 0.75546875 0.40390625 0.2015625 0.359375
1 0.88671875 0.41171875 0.1578125 0.3375
58 0.5125 0.678125 0.34375 0.1890625