17 0.18359375 0.31484375 0.2515625 0.478125
14 0.3390625 0.3546875 0.196875 0.45625
1 0.51953125 0.38828125 0.1765625 0.46875
7 0.6546875 0.4109375 0.2125 0.465625
2 0.77421875 0.43515625 0.19375 0.4578125
9 0.89921875 0.4484375 0.1859375 0.45
87 0.45859375 0.78203125 0.3765625 0.282812517 0.18359375 0.31484375 0.2515625 0.478125
14 0.3390625 0.3546875 0.196875 0.45625
1 0.51953125 0.38828125 0.1765625 0.46875
7 0.6546875 0.4109375 0.2125 0.465625
2 0.77421875 0.43515625 0.19375 0.4578125
9 0.89921875 0.4484375 0.1859375 0.45
87 0.45859375 0.78203125 0.3765625 0.282812517 0.18359375 0.31484375 0.2515625 0.478125
14 0.3390625 0.3546875 0.196875 0.45625
1 0.51953125 0.38828125 0.1765625 0.46875
7 0.6546875 0.4109375 0.2125 0.465625
2 0.77421875 0.43515625 0.19375 0.4578125
9 0.89921875 0.4484375 0.1859375 0.45
87 0.45859375 0.78203125 0.3765625 0.2828125