17 0.1609375 0.3609375 0.1890625 0.45703125
14 0.3203125 0.37890625 0.1375 0.44140625
1 0.50390625 0.38671875 0.11484375 0.45703125
7 0.640625 0.390625 0.15078125 0.44921875
2 0.7625 0.39765625 0.13359375 0.44296875
9 0.88828125 0.39296875 0.1265625 0.4359375
87 0.4984375 0.78515625 0.346875 0.237517 0.1609375 0.3609375 0.1890625 0.45703125
14 0.3203125 0.37890625 0.1375 0.44140625
1 0.50390625 0.38671875 0.11484375 0.45703125
7 0.640625 0.390625 0.15078125 0.44921875
2 0.7625 0.39765625 0.13359375 0.44296875
9 0.88828125 0.39296875 0.1265625 0.4359375
87 0.4984375 0.78515625 0.346875 0.237517 0.1609375 0.3609375 0.1890625 0.45703125
14 0.3203125 0.37890625 0.1375 0.44140625
1 0.50390625 0.38671875 0.11484375 0.45703125
7 0.640625 0.390625 0.15078125 0.44921875
2 0.7625 0.39765625 0.13359375 0.44296875
9 0.88828125 0.39296875 0.1265625 0.4359375
87 0.4984375 0.78515625 0.346875 0.2375