46 0.1859375 0.3328125 0.184375 0.4015625
40 0.32734375 0.35625 0.1953125 0.39375
1 0.509375 0.3671875 0.140625 0.3734375
7 0.60859375 0.38359375 0.15 0.378125
3 0.73046875 0.384375 0.1484375 0.346875
2 0.84765625 0.40625 0.1796875 0.375
54 0.4625 0.74140625 0.61875 0.25312546 0.1859375 0.3328125 0.184375 0.4015625
40 0.32734375 0.35625 0.1953125 0.39375
1 0.509375 0.3671875 0.140625 0.3734375
7 0.60859375 0.38359375 0.15 0.378125
3 0.73046875 0.384375 0.1484375 0.346875
2 0.84765625 0.40625 0.1796875 0.375
54 0.4625 0.74140625 0.61875 0.25312546 0.1859375 0.3328125 0.184375 0.4015625
40 0.32734375 0.35625 0.1953125 0.39375
1 0.509375 0.3671875 0.140625 0.3734375
7 0.60859375 0.38359375 0.15 0.378125
3 0.73046875 0.384375 0.1484375 0.346875
2 0.84765625 0.40625 0.1796875 0.375
54 0.4625 0.74140625 0.61875 0.253125