46 0.1546875 0.4140625 0.184375 0.4015625
40 0.29765625 0.40234375 0.1953125 0.39375
1 0.4765625 0.36875 0.140625 0.3734375
7 0.57734375 0.3609375 0.15 0.378125
3 0.69609375 0.33203125 0.1484375 0.346875
2 0.81484375 0.325 0.1796875 0.375
54 0.521875 0.74375 0.61875 0.25312546 0.1546875 0.4140625 0.184375 0.4015625
40 0.29765625 0.40234375 0.1953125 0.39375
1 0.4765625 0.36875 0.140625 0.3734375
7 0.57734375 0.3609375 0.15 0.378125
3 0.69609375 0.33203125 0.1484375 0.346875
2 0.81484375 0.325 0.1796875 0.375
54 0.521875 0.74375 0.61875 0.25312546 0.1546875 0.4140625 0.184375 0.4015625
40 0.29765625 0.40234375 0.1953125 0.39375
1 0.4765625 0.36875 0.140625 0.3734375
7 0.57734375 0.3609375 0.15 0.378125
3 0.69609375 0.33203125 0.1484375 0.346875
2 0.81484375 0.325 0.1796875 0.375
54 0.521875 0.74375 0.61875 0.253125