46 0.16796875 0.37265625 0.1375 0.3875
40 0.3109375 0.378125 0.15 0.378125
1 0.49296875 0.3671875 0.096875 0.365625
7 0.59375 0.37109375 0.10625 0.36875
3 0.71484375 0.35703125 0.1078125 0.3375
2 0.83359375 0.36484375 0.1375 0.3609375
54 0.4921875 0.74453125 0.6 0.1812546 0.16796875 0.37265625 0.1375 0.3875
40 0.3109375 0.378125 0.15 0.378125
1 0.49296875 0.3671875 0.096875 0.365625
7 0.59375 0.37109375 0.10625 0.36875
3 0.71484375 0.35703125 0.1078125 0.3375
2 0.83359375 0.36484375 0.1375 0.3609375
54 0.4921875 0.74453125 0.6 0.1812546 0.16796875 0.37265625 0.1375 0.3875
40 0.3109375 0.378125 0.15 0.378125
1 0.49296875 0.3671875 0.096875 0.365625
7 0.59375 0.37109375 0.10625 0.36875
3 0.71484375 0.35703125 0.1078125 0.3375
2 0.83359375 0.36484375 0.1375 0.3609375
54 0.4921875 0.74453125 0.6 0.18125