46 0.1828125 0.33828125 0.1765625 0.4
40 0.325 0.359375 0.1890625 0.3921875
1 0.50703125 0.3671875 0.134375 0.3734375
7 0.60703125 0.38125 0.14375 0.3765625
3 0.72890625 0.38046875 0.1421875 0.346875
2 0.84609375 0.40078125 0.1734375 0.3734375
54 0.46640625 0.7421875 0.6171875 0.2437546 0.1828125 0.33828125 0.1765625 0.4
40 0.325 0.359375 0.1890625 0.3921875
1 0.50703125 0.3671875 0.134375 0.3734375
7 0.60703125 0.38125 0.14375 0.3765625
3 0.72890625 0.38046875 0.1421875 0.346875
2 0.84609375 0.40078125 0.1734375 0.3734375
54 0.46640625 0.7421875 0.6171875 0.2437546 0.1828125 0.33828125 0.1765625 0.4
40 0.325 0.359375 0.1890625 0.3921875
1 0.50703125 0.3671875 0.134375 0.3734375
7 0.60703125 0.38125 0.14375 0.3765625
3 0.72890625 0.38046875 0.1421875 0.346875
2 0.84609375 0.40078125 0.1734375 0.3734375
54 0.46640625 0.7421875 0.6171875 0.24375