29 0.21796875 0.37421875 0.1734375 0.3234375
15 0.38125 0.38125 0.1671875 0.34375
1 0.57265625 0.38671875 0.115625 0.334375
7 0.6984375 0.39296875 0.1578125 0.321875
4 0.80546875 0.4 0.1703125 0.3265625
8 0.92265625 0.4015625 0.1546875 0.3171875
54 0.49296875 0.71015625 0.6640625 0.187529 0.21796875 0.37421875 0.1734375 0.3234375
15 0.38125 0.38125 0.1671875 0.34375
1 0.57265625 0.38671875 0.115625 0.334375
7 0.6984375 0.39296875 0.1578125 0.321875
4 0.80546875 0.4 0.1703125 0.3265625
8 0.92265625 0.4015625 0.1546875 0.3171875
54 0.49296875 0.71015625 0.6640625 0.187529 0.21796875 0.37421875 0.1734375 0.3234375
15 0.38125 0.38125 0.1671875 0.34375
1 0.57265625 0.38671875 0.115625 0.334375
7 0.6984375 0.39296875 0.1578125 0.321875
4 0.80546875 0.4 0.1703125 0.3265625
8 0.92265625 0.4015625 0.1546875 0.3171875
54 0.49296875 0.71015625 0.6640625 0.1875