29 0.23828125 0.3359375 0.215625 0.34375
15 0.3984375 0.36640625 0.2125 0.3625
1 0.5875 0.39765625 0.159375 0.3453125
7 0.71171875 0.421875 0.2 0.3390625
4 0.81640625 0.44375 0.2140625 0.3453125
8 0.91640625 0.46171875 0.1671875 0.3328125
54 0.4640625 0.70703125 0.68125 0.276562529 0.23828125 0.3359375 0.215625 0.34375
15 0.3984375 0.36640625 0.2125 0.3625
1 0.5875 0.39765625 0.159375 0.3453125
7 0.71171875 0.421875 0.2 0.3390625
4 0.81640625 0.44375 0.2140625 0.3453125
8 0.91640625 0.46171875 0.1671875 0.3328125
54 0.4640625 0.70703125 0.68125 0.276562529 0.23828125 0.3359375 0.215625 0.34375
15 0.3984375 0.36640625 0.2125 0.3625
1 0.5875 0.39765625 0.159375 0.3453125
7 0.71171875 0.421875 0.2 0.3390625
4 0.81640625 0.44375 0.2140625 0.3453125
8 0.91640625 0.46171875 0.1671875 0.3328125
54 0.4640625 0.70703125 0.68125 0.2765625