29 0.215625 0.37890625 0.16796875 0.32109375
15 0.37890625 0.38359375 0.16171875 0.340625
1 0.5703125 0.38515625 0.109375 0.33203125
7 0.696875 0.38984375 0.15234375 0.31953125
4 0.80390625 0.39453125 0.16484375 0.32421875
8 0.92109375 0.39453125 0.14921875 0.3140625
54 0.496875 0.71015625 0.66171875 0.1757812529 0.215625 0.37890625 0.16796875 0.32109375
15 0.37890625 0.38359375 0.16171875 0.340625
1 0.5703125 0.38515625 0.109375 0.33203125
7 0.696875 0.38984375 0.15234375 0.31953125
4 0.80390625 0.39453125 0.16484375 0.32421875
8 0.92109375 0.39453125 0.14921875 0.3140625
54 0.496875 0.71015625 0.66171875 0.1757812529 0.215625 0.37890625 0.16796875 0.32109375
15 0.37890625 0.38359375 0.16171875 0.340625
1 0.5703125 0.38515625 0.109375 0.33203125
7 0.696875 0.38984375 0.15234375 0.31953125
4 0.80390625 0.39453125 0.16484375 0.32421875
8 0.92109375 0.39453125 0.14921875 0.3140625
54 0.496875 0.71015625 0.66171875 0.17578125