29 0.21171875 0.3890625 0.1796875 0.3265625
15 0.375 0.38828125 0.1734375 0.3453125
1 0.56640625 0.3828125 0.1203125 0.3359375
7 0.69296875 0.3828125 0.1640625 0.325
4 0.8 0.384375 0.1765625 0.3296875
8 0.9171875 0.3796875 0.159375 0.31875
54 0.50390625 0.71015625 0.6671875 0.198437529 0.21171875 0.3890625 0.1796875 0.3265625
15 0.375 0.38828125 0.1734375 0.3453125
1 0.56640625 0.3828125 0.1203125 0.3359375
7 0.69296875 0.3828125 0.1640625 0.325
4 0.8 0.384375 0.1765625 0.3296875
8 0.9171875 0.3796875 0.159375 0.31875
54 0.50390625 0.71015625 0.6671875 0.198437529 0.21171875 0.3890625 0.1796875 0.3265625
15 0.375 0.38828125 0.1734375 0.3453125
1 0.56640625 0.3828125 0.1203125 0.3359375
7 0.69296875 0.3828125 0.1640625 0.325
4 0.8 0.384375 0.1765625 0.3296875
8 0.9171875 0.3796875 0.159375 0.31875
54 0.50390625 0.71015625 0.6671875 0.1984375