29 0.13046875 0.38671875 0.1671875 0.365625
11 0.27890625 0.39140625 0.1390625 0.3578125
1 0.46171875 0.39453125 0.1140625 0.35
5 0.69453125 0.39765625 0.134375 0.3578125
7 0.56796875 0.39375 0.1484375 0.3609375
0 0.82734375 0.40625 0.1328125 0.3625
54 0.49375 0.7609375 0.63125 0.229 0.13046875 0.38671875 0.1671875 0.365625
11 0.27890625 0.39140625 0.1390625 0.3578125
1 0.46171875 0.39453125 0.1140625 0.35
5 0.69453125 0.39765625 0.134375 0.3578125
7 0.56796875 0.39375 0.1484375 0.3609375
0 0.82734375 0.40625 0.1328125 0.3625
54 0.49375 0.7609375 0.63125 0.229 0.13046875 0.38671875 0.1671875 0.365625
11 0.27890625 0.39140625 0.1390625 0.3578125
1 0.46171875 0.39453125 0.1140625 0.35
5 0.69453125 0.39765625 0.134375 0.3578125
7 0.56796875 0.39375 0.1484375 0.3609375
0 0.82734375 0.40625 0.1328125 0.3625
54 0.49375 0.7609375 0.63125 0.2