29 0.1375 0.3671875 0.184375 0.3734375
11 0.28515625 0.3796875 0.1578125 0.3640625
1 0.4671875 0.39296875 0.13125 0.3546875
5 0.7 0.40859375 0.153125 0.3640625
7 0.5734375 0.396875 0.1671875 0.3671875
0 0.83203125 0.4234375 0.1515625 0.36875
54 0.48046875 0.76015625 0.6390625 0.232812529 0.1375 0.3671875 0.184375 0.3734375
11 0.28515625 0.3796875 0.1578125 0.3640625
1 0.4671875 0.39296875 0.13125 0.3546875
5 0.7 0.40859375 0.153125 0.3640625
7 0.5734375 0.396875 0.1671875 0.3671875
0 0.83203125 0.4234375 0.1515625 0.36875
54 0.48046875 0.76015625 0.6390625 0.232812529 0.1375 0.3671875 0.184375 0.3734375
11 0.28515625 0.3796875 0.1578125 0.3640625
1 0.4671875 0.39296875 0.13125 0.3546875
5 0.7 0.40859375 0.153125 0.3640625
7 0.5734375 0.396875 0.1671875 0.3671875
0 0.83203125 0.4234375 0.1515625 0.36875
54 0.48046875 0.76015625 0.6390625 0.2328125