10 0.1859375 0.35859375 0.18125 0.3953125
41 0.334375 0.3578125 0.196875 0.421875
1 0.54453125 0.33515625 0.1328125 0.4046875
7 0.64921875 0.3171875 0.1671875 0.4328125
7 0.775 0.2984375 0.1515625 0.3734375
0 0.88828125 0.29765625 0.1375 0.3765625
98 0.5453125 0.7453125 0.30625 0.301562510 0.1859375 0.35859375 0.18125 0.3953125
41 0.334375 0.3578125 0.196875 0.421875
1 0.54453125 0.33515625 0.1328125 0.4046875
7 0.64921875 0.3171875 0.1671875 0.4328125
7 0.775 0.2984375 0.1515625 0.3734375
0 0.88828125 0.29765625 0.1375 0.3765625
98 0.5453125 0.7453125 0.30625 0.301562510 0.1859375 0.35859375 0.18125 0.3953125
41 0.334375 0.3578125 0.196875 0.421875
1 0.54453125 0.33515625 0.1328125 0.4046875
7 0.64921875 0.3171875 0.1671875 0.4328125
7 0.775 0.2984375 0.1515625 0.3734375
0 0.88828125 0.29765625 0.1375 0.3765625
98 0.5453125 0.7453125 0.30625 0.3015625