32 0.1515625 0.40859375 0.1875 0.43125
10 0.30234375 0.39921875 0.1984375 0.4375
1 0.48828125 0.390625 0.14375 0.4484375
7 0.61328125 0.3796875 0.18125 0.453125
7 0.7328125 0.3734375 0.18125 0.4453125
5 0.85234375 0.3671875 0.178125 0.45
115 0.4703125 0.81953125 0.3265625 0.287532 0.1515625 0.40859375 0.1875 0.43125
10 0.30234375 0.39921875 0.1984375 0.4375
1 0.48828125 0.390625 0.14375 0.4484375
7 0.61328125 0.3796875 0.18125 0.453125
7 0.7328125 0.3734375 0.18125 0.4453125
5 0.85234375 0.3671875 0.178125 0.45
115 0.4703125 0.81953125 0.3265625 0.287532 0.1515625 0.40859375 0.1875 0.43125
10 0.30234375 0.39921875 0.1984375 0.4375
1 0.48828125 0.390625 0.14375 0.4484375
7 0.61328125 0.3796875 0.18125 0.453125
7 0.7328125 0.3734375 0.18125 0.4453125
5 0.85234375 0.3671875 0.178125 0.45
115 0.4703125 0.81953125 0.3265625 0.2875