32 0.15 0.41484375 0.19375 0.434375
10 0.30078125 0.403125 0.2046875 0.440625
1 0.48671875 0.390625 0.1515625 0.45
7 0.6109375 0.37734375 0.1890625 0.4546875
7 0.73125 0.36953125 0.1875 0.446875
5 0.85 0.3609375 0.1859375 0.4515625
115 0.4765625 0.81953125 0.33125 0.2937532 0.15 0.41484375 0.19375 0.434375
10 0.30078125 0.403125 0.2046875 0.440625
1 0.48671875 0.390625 0.1515625 0.45
7 0.6109375 0.37734375 0.1890625 0.4546875
7 0.73125 0.36953125 0.1875 0.446875
5 0.85 0.3609375 0.1859375 0.4515625
115 0.4765625 0.81953125 0.33125 0.2937532 0.15 0.41484375 0.19375 0.434375
10 0.30078125 0.403125 0.2046875 0.440625
1 0.48671875 0.390625 0.1515625 0.45
7 0.6109375 0.37734375 0.1890625 0.4546875
7 0.73125 0.36953125 0.1875 0.446875
5 0.85 0.3609375 0.1859375 0.4515625
115 0.4765625 0.81953125 0.33125 0.29375