32 0.17265625 0.34921875 0.2015625 0.4359375
10 0.3234375 0.36640625 0.2125 0.4421875
1 0.5078125 0.38984375 0.159375 0.4515625
7 0.63203125 0.40078125 0.196875 0.45625
7 0.7515625 0.415625 0.1953125 0.45
5 0.8703125 0.43046875 0.1921875 0.453125
115 0.415625 0.809375 0.334375 0.298437532 0.17265625 0.34921875 0.2015625 0.4359375
10 0.3234375 0.36640625 0.2125 0.4421875
1 0.5078125 0.38984375 0.159375 0.4515625
7 0.63203125 0.40078125 0.196875 0.45625
7 0.7515625 0.415625 0.1953125 0.45
5 0.8703125 0.43046875 0.1921875 0.453125
115 0.415625 0.809375 0.334375 0.298437532 0.17265625 0.34921875 0.2015625 0.4359375
10 0.3234375 0.36640625 0.2125 0.4421875
1 0.5078125 0.38984375 0.159375 0.4515625
7 0.63203125 0.40078125 0.196875 0.45625
7 0.7515625 0.415625 0.1953125 0.45
5 0.8703125 0.43046875 0.1921875 0.453125
115 0.415625 0.809375 0.334375 0.2984375