32 0.178125 0.33828125 0.215625 0.4390625
10 0.328125 0.3609375 0.2265625 0.446875
1 0.51171875 0.390625 0.1734375 0.453125
7 0.6359375 0.40546875 0.2109375 0.459375
7 0.7546875 0.42421875 0.209375 0.453125
5 0.87265625 0.44375 0.2078125 0.45625
115 0.4046875 0.80625 0.3421875 0.307812532 0.178125 0.33828125 0.215625 0.4390625
10 0.328125 0.3609375 0.2265625 0.446875
1 0.51171875 0.390625 0.1734375 0.453125
7 0.6359375 0.40546875 0.2109375 0.459375
7 0.7546875 0.42421875 0.209375 0.453125
5 0.87265625 0.44375 0.2078125 0.45625
115 0.4046875 0.80625 0.3421875 0.307812532 0.178125 0.33828125 0.215625 0.4390625
10 0.328125 0.3609375 0.2265625 0.446875
1 0.51171875 0.390625 0.1734375 0.453125
7 0.6359375 0.40546875 0.2109375 0.459375
7 0.7546875 0.42421875 0.209375 0.453125
5 0.87265625 0.44375 0.2078125 0.45625
115 0.4046875 0.80625 0.3421875 0.3078125