10 0.19921875 0.33203125 0.146875 0.384375
41 0.34765625 0.34375 0.1625 0.409375
1 0.55859375 0.33984375 0.1 0.396875
7 0.66484375 0.33125 0.13125 0.4234375
7 0.79140625 0.3234375 0.11875 0.365625
0 0.9046875 0.33203125 0.10625 0.36875
98 0.5234375 0.7484375 0.2828125 0.27812510 0.19921875 0.33203125 0.146875 0.384375
41 0.34765625 0.34375 0.1625 0.409375
1 0.55859375 0.33984375 0.1 0.396875
7 0.66484375 0.33125 0.13125 0.4234375
7 0.79140625 0.3234375 0.11875 0.365625
0 0.9046875 0.33203125 0.10625 0.36875
98 0.5234375 0.7484375 0.2828125 0.27812510 0.19921875 0.33203125 0.146875 0.384375
41 0.34765625 0.34375 0.1625 0.409375
1 0.55859375 0.33984375 0.1 0.396875
7 0.66484375 0.33125 0.13125 0.4234375
7 0.79140625 0.3234375 0.11875 0.365625
0 0.9046875 0.33203125 0.10625 0.36875
98 0.5234375 0.7484375 0.2828125 0.278125