35 0.2140625 0.43046875 0.16875 0.3703125
41 0.3546875 0.42265625 0.1734375 0.3640625
1 0.5546875 0.40859375 0.14375 0.3875
8 0.6609375 0.40234375 0.1421875 0.378125
0 0.7765625 0.3890625 0.14375 0.36875
6 0.88203125 0.38046875 0.1375 0.3625
61 0.54140625 0.76875 0.4265625 0.267187535 0.2140625 0.43046875 0.16875 0.3703125
41 0.3546875 0.42265625 0.1734375 0.3640625
1 0.5546875 0.40859375 0.14375 0.3875
8 0.6609375 0.40234375 0.1421875 0.378125
0 0.7765625 0.3890625 0.14375 0.36875
6 0.88203125 0.38046875 0.1375 0.3625
61 0.54140625 0.76875 0.4265625 0.267187535 0.2140625 0.43046875 0.16875 0.3703125
41 0.3546875 0.42265625 0.1734375 0.3640625
1 0.5546875 0.40859375 0.14375 0.3875
8 0.6609375 0.40234375 0.1421875 0.378125
0 0.7765625 0.3890625 0.14375 0.36875
6 0.88203125 0.38046875 0.1375 0.3625
61 0.54140625 0.76875 0.4265625 0.2671875