35 0.22109375 0.40546875 0.1375 0.359375
41 0.36171875 0.41015625 0.14375 0.35234375
1 0.5625 0.4140625 0.1109375 0.37890625
8 0.66875 0.41640625 0.1109375 0.36953125
0 0.78515625 0.41328125 0.11328125 0.3609375
6 0.890625 0.4140625 0.1078125 0.35390625
61 0.51796875 0.77109375 0.4078125 0.232812535 0.22109375 0.40546875 0.1375 0.359375
41 0.36171875 0.41015625 0.14375 0.35234375
1 0.5625 0.4140625 0.1109375 0.37890625
8 0.66875 0.41640625 0.1109375 0.36953125
0 0.78515625 0.41328125 0.11328125 0.3609375
6 0.890625 0.4140625 0.1078125 0.35390625
61 0.51796875 0.77109375 0.4078125 0.232812535 0.22109375 0.40546875 0.1375 0.359375
41 0.36171875 0.41015625 0.14375 0.35234375
1 0.5625 0.4140625 0.1109375 0.37890625
8 0.66875 0.41640625 0.1109375 0.36953125
0 0.78515625 0.41328125 0.11328125 0.3609375
6 0.890625 0.4140625 0.1078125 0.35390625
61 0.51796875 0.77109375 0.4078125 0.2328125