35 0.209375 0.45 0.1921875 0.3765625
41 0.34921875 0.4328125 0.196875 0.3703125
1 0.5484375 0.40546875 0.16875 0.3921875
8 0.65390625 0.39140625 0.1671875 0.3828125
0 0.76796875 0.36953125 0.16875 0.3734375
6 0.87265625 0.35390625 0.1625 0.3671875
61 0.56015625 0.76484375 0.4390625 0.2937535 0.209375 0.45 0.1921875 0.3765625
41 0.34921875 0.4328125 0.196875 0.3703125
1 0.5484375 0.40546875 0.16875 0.3921875
8 0.65390625 0.39140625 0.1671875 0.3828125
0 0.76796875 0.36953125 0.16875 0.3734375
6 0.87265625 0.35390625 0.1625 0.3671875
61 0.56015625 0.76484375 0.4390625 0.2937535 0.209375 0.45 0.1921875 0.3765625
41 0.34921875 0.4328125 0.196875 0.3703125
1 0.5484375 0.40546875 0.16875 0.3921875
8 0.65390625 0.39140625 0.1671875 0.3828125
0 0.76796875 0.36953125 0.16875 0.3734375
6 0.87265625 0.35390625 0.1625 0.3671875
61 0.56015625 0.76484375 0.4390625 0.29375