35 0.2125 0.43515625 0.175 0.371875
41 0.353125 0.425 0.1796875 0.365625
1 0.553125 0.4078125 0.15 0.3890625
8 0.659375 0.39921875 0.1484375 0.3796875
0 0.77421875 0.38359375 0.15 0.3703125
6 0.8796875 0.3734375 0.14375 0.3625
61 0.54609375 0.76796875 0.4296875 0.273437535 0.2125 0.43515625 0.175 0.371875
41 0.353125 0.425 0.1796875 0.365625
1 0.553125 0.4078125 0.15 0.3890625
8 0.659375 0.39921875 0.1484375 0.3796875
0 0.77421875 0.38359375 0.15 0.3703125
6 0.8796875 0.3734375 0.14375 0.3625
61 0.54609375 0.76796875 0.4296875 0.273437535 0.2125 0.43515625 0.175 0.371875
41 0.353125 0.425 0.1796875 0.365625
1 0.553125 0.4078125 0.15 0.3890625
8 0.659375 0.39921875 0.1484375 0.3796875
0 0.77421875 0.38359375 0.15 0.3703125
6 0.8796875 0.3734375 0.14375 0.3625
61 0.54609375 0.76796875 0.4296875 0.2734375