10 0.1640625 0.31796875 0.2140625 0.428125
15 0.3265625 0.34453125 0.2203125 0.4578125
1 0.52421875 0.3703125 0.1703125 0.4234375
8 0.6453125 0.37421875 0.1875 0.4359375
1 0.7640625 0.396875 0.1515625 0.4125
5 0.8828125 0.41640625 0.1984375 0.440625
98 0.465625 0.7546875 0.2703125 0.2812510 0.1640625 0.31796875 0.2140625 0.428125
15 0.3265625 0.34453125 0.2203125 0.4578125
1 0.52421875 0.3703125 0.1703125 0.4234375
8 0.6453125 0.37421875 0.1875 0.4359375
1 0.7640625 0.396875 0.1515625 0.4125
5 0.8828125 0.41640625 0.1984375 0.440625
98 0.465625 0.7546875 0.2703125 0.2812510 0.1640625 0.31796875 0.2140625 0.428125
15 0.3265625 0.34453125 0.2203125 0.4578125
1 0.52421875 0.3703125 0.1703125 0.4234375
8 0.6453125 0.37421875 0.1875 0.4359375
1 0.7640625 0.396875 0.1515625 0.4125
5 0.8828125 0.41640625 0.1984375 0.440625
98 0.465625 0.7546875 0.2703125 0.28125