38 0.20859375 0.43671875 0.2484375 0.440625
50 0.38984375 0.4703125 0.253125 0.421875
2 0.6359375 0.50859375 0.225 0.434375
1 0.7875 0.51875 0.18125 0.4390625
4 0.915625 0.55546875 0.16875 0.4328125
54 0.50390625 0.8703125 0.8171875 0.25937538 0.20859375 0.43671875 0.2484375 0.440625
50 0.38984375 0.4703125 0.253125 0.421875
2 0.6359375 0.50859375 0.225 0.434375
1 0.7875 0.51875 0.18125 0.4390625
4 0.915625 0.55546875 0.16875 0.4328125
54 0.50390625 0.8703125 0.8171875 0.25937538 0.20859375 0.43671875 0.2484375 0.440625
50 0.38984375 0.4703125 0.253125 0.421875
2 0.6359375 0.50859375 0.225 0.434375
1 0.7875 0.51875 0.18125 0.4390625
4 0.915625 0.55546875 0.16875 0.4328125
54 0.50390625 0.8703125 0.8171875 0.259375