38 0.203125 0.53046875 0.2609375 0.4453125
50 0.3859375 0.50546875 0.265625 0.4265625
2 0.63203125 0.46640625 0.2375 0.4375
1 0.7796875 0.4296875 0.1953125 0.440625
4 0.9109375 0.41953125 0.178125 0.4359375
54 0.60546875 0.85390625 0.7890625 0.292187538 0.203125 0.53046875 0.2609375 0.4453125
50 0.3859375 0.50546875 0.265625 0.4265625
2 0.63203125 0.46640625 0.2375 0.4375
1 0.7796875 0.4296875 0.1953125 0.440625
4 0.9109375 0.41953125 0.178125 0.4359375
54 0.60546875 0.85390625 0.7890625 0.292187538 0.203125 0.53046875 0.2609375 0.4453125
50 0.3859375 0.50546875 0.265625 0.4265625
2 0.63203125 0.46640625 0.2375 0.4375
1 0.7796875 0.4296875 0.1953125 0.440625
4 0.9109375 0.41953125 0.178125 0.4359375
54 0.60546875 0.85390625 0.7890625 0.2921875