38 0.2015625 0.49921875 0.2203125 0.43125
50 0.3859375 0.49375 0.2265625 0.4109375
2 0.63515625 0.48046875 0.196875 0.425
1 0.78515625 0.45859375 0.153125 0.4328125
4 0.92421875 0.46484375 0.1515625 0.4265625
54 0.58203125 0.86640625 0.8109375 0.214062538 0.2015625 0.49921875 0.2203125 0.43125
50 0.3859375 0.49375 0.2265625 0.4109375
2 0.63515625 0.48046875 0.196875 0.425
1 0.78515625 0.45859375 0.153125 0.4328125
4 0.92421875 0.46484375 0.1515625 0.4265625
54 0.58203125 0.86640625 0.8109375 0.214062538 0.2015625 0.49921875 0.2203125 0.43125
50 0.3859375 0.49375 0.2265625 0.4109375
2 0.63515625 0.48046875 0.196875 0.425
1 0.78515625 0.45859375 0.153125 0.4328125
4 0.92421875 0.46484375 0.1515625 0.4265625
54 0.58203125 0.86640625 0.8109375 0.2140625