10 0.2375 0.35625 0.20625 0.4109375
31 0.37265625 0.3765625 0.19375 0.3921875
1 0.5484375 0.40234375 0.1640625 0.409375
8 0.65546875 0.4171875 0.171875 0.396875
1 0.75625 0.4421875 0.1390625 0.3890625
8 0.8640625 0.44921875 0.1765625 0.3984375
54 0.453125 0.81171875 0.6421875 0.310 0.2375 0.35625 0.20625 0.4109375
31 0.37265625 0.3765625 0.19375 0.3921875
1 0.5484375 0.40234375 0.1640625 0.409375
8 0.65546875 0.4171875 0.171875 0.396875
1 0.75625 0.4421875 0.1390625 0.3890625
8 0.8640625 0.44921875 0.1765625 0.3984375
54 0.453125 0.81171875 0.6421875 0.310 0.2375 0.35625 0.20625 0.4109375
31 0.37265625 0.3765625 0.19375 0.3921875
1 0.5484375 0.40234375 0.1640625 0.409375
8 0.65546875 0.4171875 0.171875 0.396875
1 0.75625 0.4421875 0.1390625 0.3890625
8 0.8640625 0.44921875 0.1765625 0.3984375
54 0.453125 0.81171875 0.6421875 0.3