10 0.21015625 0.42421875 0.1796875 0.403125
31 0.34609375 0.4109375 0.1703125 0.3859375
1 0.5234375 0.39375 0.1359375 0.4046875
8 0.63046875 0.38203125 0.146875 0.3921875
1 0.734375 0.38203125 0.1140625 0.3859375
8 0.840625 0.3625 0.1515625 0.39375
54 0.5296875 0.81328125 0.6328125 0.25937510 0.21015625 0.42421875 0.1796875 0.403125
31 0.34609375 0.4109375 0.1703125 0.3859375
1 0.5234375 0.39375 0.1359375 0.4046875
8 0.63046875 0.38203125 0.146875 0.3921875
1 0.734375 0.38203125 0.1140625 0.3859375
8 0.840625 0.3625 0.1515625 0.39375
54 0.5296875 0.81328125 0.6328125 0.25937510 0.21015625 0.42421875 0.1796875 0.403125
31 0.34609375 0.4109375 0.1703125 0.3859375
1 0.5234375 0.39375 0.1359375 0.4046875
8 0.63046875 0.38203125 0.146875 0.3921875
1 0.734375 0.38203125 0.1140625 0.3859375
8 0.840625 0.3625 0.1515625 0.39375
54 0.5296875 0.81328125 0.6328125 0.259375