10 0.14453125 0.36015625 0.1671875 0.4125
15 0.30859375 0.3671875 0.1671875 0.4421875
1 0.50859375 0.36796875 0.121875 0.4140625
8 0.62890625 0.3578125 0.1375 0.4234375
1 0.74921875 0.365625 0.103125 0.4046875
5 0.86953125 0.3703125 0.1484375 0.428125
98 0.496875 0.75703125 0.2421875 0.254687510 0.14453125 0.36015625 0.1671875 0.4125
15 0.30859375 0.3671875 0.1671875 0.4421875
1 0.50859375 0.36796875 0.121875 0.4140625
8 0.62890625 0.3578125 0.1375 0.4234375
1 0.74921875 0.365625 0.103125 0.4046875
5 0.86953125 0.3703125 0.1484375 0.428125
98 0.496875 0.75703125 0.2421875 0.254687510 0.14453125 0.36015625 0.1671875 0.4125
15 0.30859375 0.3671875 0.1671875 0.4421875
1 0.50859375 0.36796875 0.121875 0.4140625
8 0.62890625 0.3578125 0.1375 0.4234375
1 0.74921875 0.365625 0.103125 0.4046875
5 0.86953125 0.3703125 0.1484375 0.428125
98 0.496875 0.75703125 0.2421875 0.2546875