10 0.21328125 0.4140625 0.1671875 0.4
31 0.34921875 0.40546875 0.15625 0.38125
1 0.52734375 0.39453125 0.1234375 0.403125
8 0.63515625 0.38671875 0.1328125 0.3890625
1 0.73828125 0.390625 0.1015625 0.384375
8 0.8453125 0.375 0.1375 0.390625
54 0.51875 0.8140625 0.628125 0.239062510 0.21328125 0.4140625 0.1671875 0.4
31 0.34921875 0.40546875 0.15625 0.38125
1 0.52734375 0.39453125 0.1234375 0.403125
8 0.63515625 0.38671875 0.1328125 0.3890625
1 0.73828125 0.390625 0.1015625 0.384375
8 0.8453125 0.375 0.1375 0.390625
54 0.51875 0.8140625 0.628125 0.239062510 0.21328125 0.4140625 0.1671875 0.4
31 0.34921875 0.40546875 0.15625 0.38125
1 0.52734375 0.39453125 0.1234375 0.403125
8 0.63515625 0.38671875 0.1328125 0.3890625
1 0.73828125 0.390625 0.1015625 0.384375
8 0.8453125 0.375 0.1375 0.390625
54 0.51875 0.8140625 0.628125 0.2390625