10 0.13203125 0.3984375 0.19375 0.421875
15 0.2953125 0.3875 0.1984375 0.4515625
1 0.49453125 0.36796875 0.15 0.4203125
8 0.61328125 0.3453125 0.1671875 0.43125
1 0.73359375 0.33984375 0.13125 0.409375
5 0.85390625 0.3328125 0.1765625 0.4359375
98 0.52421875 0.75625 0.259375 0.270312510 0.13203125 0.3984375 0.19375 0.421875
15 0.2953125 0.3875 0.1984375 0.4515625
1 0.49453125 0.36796875 0.15 0.4203125
8 0.61328125 0.3453125 0.1671875 0.43125
1 0.73359375 0.33984375 0.13125 0.409375
5 0.85390625 0.3328125 0.1765625 0.4359375
98 0.52421875 0.75625 0.259375 0.270312510 0.13203125 0.3984375 0.19375 0.421875
15 0.2953125 0.3875 0.1984375 0.4515625
1 0.49453125 0.36796875 0.15 0.4203125
8 0.61328125 0.3453125 0.1671875 0.43125
1 0.73359375 0.33984375 0.13125 0.409375
5 0.85390625 0.3328125 0.1765625 0.4359375
98 0.52421875 0.75625 0.259375 0.2703125