10 0.21796875 0.39921875 0.14609375 0.3921875
31 0.3546875 0.39765625 0.1375 0.375
1 0.5328125 0.39609375 0.10234375 0.39765625
8 0.640625 0.39375 0.11328125 0.38359375
1 0.74375 0.403125 0.08125 0.38046875
8 0.8515625 0.39296875 0.11796875 0.38515625
54 0.50234375 0.81484375 0.61796875 0.2062510 0.21796875 0.39921875 0.14609375 0.3921875
31 0.3546875 0.39765625 0.1375 0.375
1 0.5328125 0.39609375 0.10234375 0.39765625
8 0.640625 0.39375 0.11328125 0.38359375
1 0.74375 0.403125 0.08125 0.38046875
8 0.8515625 0.39296875 0.11796875 0.38515625
54 0.50234375 0.81484375 0.61796875 0.2062510 0.21796875 0.39921875 0.14609375 0.3921875
31 0.3546875 0.39765625 0.1375 0.375
1 0.5328125 0.39609375 0.10234375 0.39765625
8 0.640625 0.39375 0.11328125 0.38359375
1 0.74375 0.403125 0.08125 0.38046875
8 0.8515625 0.39296875 0.11796875 0.38515625
54 0.50234375 0.81484375 0.61796875 0.20625