38 0.2046875 0.45703125 0.2203125 0.43125
50 0.38828125 0.478125 0.2265625 0.4109375
2 0.6359375 0.49921875 0.196875 0.425
1 0.78828125 0.49921875 0.153125 0.4328125
4 0.92421875 0.52578125 0.1515625 0.4265625
54 0.53046875 0.87421875 0.8109375 0.214062538 0.2046875 0.45703125 0.2203125 0.43125
50 0.38828125 0.478125 0.2265625 0.4109375
2 0.6359375 0.49921875 0.196875 0.425
1 0.78828125 0.49921875 0.153125 0.4328125
4 0.92421875 0.52578125 0.1515625 0.4265625
54 0.53046875 0.87421875 0.8109375 0.214062538 0.2046875 0.45703125 0.2203125 0.43125
50 0.38828125 0.478125 0.2265625 0.4109375
2 0.6359375 0.49921875 0.196875 0.425
1 0.78828125 0.49921875 0.153125 0.4328125
4 0.92421875 0.52578125 0.1515625 0.4265625
54 0.53046875 0.87421875 0.8109375 0.2140625