48 0.20859375 0.39296875 0.1703125 0.3625
11 0.34765625 0.38515625 0.1578125 0.3640625
1 0.603125 0.37265625 0.128125 0.359375
8 0.7078125 0.3671875 0.1390625 0.3625
4 0.8171875 0.3515625 0.1234375 0.3234375
98 0.53984375 0.72265625 0.275 0.257812548 0.20859375 0.39296875 0.1703125 0.3625
11 0.34765625 0.38515625 0.1578125 0.3640625
1 0.603125 0.37265625 0.128125 0.359375
8 0.7078125 0.3671875 0.1390625 0.3625
4 0.8171875 0.3515625 0.1234375 0.3234375
98 0.53984375 0.72265625 0.275 0.257812548 0.20859375 0.39296875 0.1703125 0.3625
11 0.34765625 0.38515625 0.1578125 0.3640625
1 0.603125 0.37265625 0.128125 0.359375
8 0.7078125 0.3671875 0.1390625 0.3625
4 0.8171875 0.3515625 0.1234375 0.3234375
98 0.53984375 0.72265625 0.275 0.2578125