48 0.22578125 0.353125 0.1703125 0.3625
11 0.365625 0.365625 0.1578125 0.3640625
1 0.61953125 0.38828125 0.128125 0.359375
8 0.72421875 0.39765625 0.1390625 0.3625
4 0.834375 0.39765625 0.1234375 0.3234375
98 0.50859375 0.72578125 0.275 0.257812548 0.22578125 0.353125 0.1703125 0.3625
11 0.365625 0.365625 0.1578125 0.3640625
1 0.61953125 0.38828125 0.128125 0.359375
8 0.72421875 0.39765625 0.1390625 0.3625
4 0.834375 0.39765625 0.1234375 0.3234375
98 0.50859375 0.72578125 0.275 0.257812548 0.22578125 0.353125 0.1703125 0.3625
11 0.365625 0.365625 0.1578125 0.3640625
1 0.61953125 0.38828125 0.128125 0.359375
8 0.72421875 0.39765625 0.1390625 0.3625
4 0.834375 0.39765625 0.1234375 0.3234375
98 0.50859375 0.72578125 0.275 0.2578125