48 0.21640625 0.37265625 0.14609375 0.35390625
11 0.35625 0.375 0.13359375 0.35546875
1 0.61171875 0.38046875 0.10390625 0.35234375
8 0.71640625 0.38203125 0.11484375 0.35546875
4 0.8265625 0.37421875 0.10234375 0.31640625
98 0.52421875 0.725 0.25859375 0.2398437548 0.21640625 0.37265625 0.14609375 0.35390625
11 0.35625 0.375 0.13359375 0.35546875
1 0.61171875 0.38046875 0.10390625 0.35234375
8 0.71640625 0.38203125 0.11484375 0.35546875
4 0.8265625 0.37421875 0.10234375 0.31640625
98 0.52421875 0.725 0.25859375 0.2398437548 0.21640625 0.37265625 0.14609375 0.35390625
11 0.35625 0.375 0.13359375 0.35546875
1 0.61171875 0.38046875 0.10390625 0.35234375
8 0.71640625 0.38203125 0.11484375 0.35546875
4 0.8265625 0.37421875 0.10234375 0.31640625
98 0.52421875 0.725 0.25859375 0.23984375