10 0.1609375 0.3546875 0.190625 0.4546875
11 0.3109375 0.36171875 0.178125 0.4296875
1 0.5 0.3828125 0.1421875 0.4328125
8 0.6171875 0.39765625 0.1625 0.4375
4 0.73984375 0.4046875 0.178125 0.45
3 0.8578125 0.40703125 0.16875 0.4296875
77 0.47734375 0.78984375 0.4375 0.204687510 0.1609375 0.3546875 0.190625 0.4546875
11 0.3109375 0.36171875 0.178125 0.4296875
1 0.5 0.3828125 0.1421875 0.4328125
8 0.6171875 0.39765625 0.1625 0.4375
4 0.73984375 0.4046875 0.178125 0.45
3 0.8578125 0.40703125 0.16875 0.4296875
77 0.47734375 0.78984375 0.4375 0.204687510 0.1609375 0.3546875 0.190625 0.4546875
11 0.3109375 0.36171875 0.178125 0.4296875
1 0.5 0.3828125 0.1421875 0.4328125
8 0.6171875 0.39765625 0.1625 0.4375
4 0.73984375 0.4046875 0.178125 0.45
3 0.8578125 0.40703125 0.16875 0.4296875
77 0.47734375 0.78984375 0.4375 0.2046875