10 0.14921875 0.38515625 0.153125 0.44296875
11 0.3 0.37890625 0.1421875 0.41875
1 0.48984375 0.38359375 0.10546875 0.42578125
8 0.6078125 0.3875 0.125 0.42890625
4 0.73046875 0.384375 0.140625 0.4390625
3 0.8484375 0.3765625 0.13203125 0.4203125
77 0.50234375 0.790625 0.425 0.1687510 0.14921875 0.38515625 0.153125 0.44296875
11 0.3 0.37890625 0.1421875 0.41875
1 0.48984375 0.38359375 0.10546875 0.42578125
8 0.6078125 0.3875 0.125 0.42890625
4 0.73046875 0.384375 0.140625 0.4390625
3 0.8484375 0.3765625 0.13203125 0.4203125
77 0.50234375 0.790625 0.425 0.1687510 0.14921875 0.38515625 0.153125 0.44296875
11 0.3 0.37890625 0.1421875 0.41875
1 0.48984375 0.38359375 0.10546875 0.42578125
8 0.6078125 0.3875 0.125 0.42890625
4 0.73046875 0.384375 0.140625 0.4390625
3 0.8484375 0.3765625 0.13203125 0.4203125
77 0.50234375 0.790625 0.425 0.16875