10 0.14765625 0.39140625 0.1609375 0.4453125
11 0.29765625 0.38203125 0.15 0.421875
1 0.4875 0.38359375 0.1125 0.428125
8 0.60546875 0.3859375 0.1328125 0.43125
4 0.728125 0.38046875 0.1484375 0.4421875
3 0.84609375 0.3703125 0.1390625 0.421875
77 0.50703125 0.790625 0.428125 0.176562510 0.14765625 0.39140625 0.1609375 0.4453125
11 0.29765625 0.38203125 0.15 0.421875
1 0.4875 0.38359375 0.1125 0.428125
8 0.60546875 0.3859375 0.1328125 0.43125
4 0.728125 0.38046875 0.1484375 0.4421875
3 0.84609375 0.3703125 0.1390625 0.421875
77 0.50703125 0.790625 0.428125 0.176562510 0.14765625 0.39140625 0.1609375 0.4453125
11 0.29765625 0.38203125 0.15 0.421875
1 0.4875 0.38359375 0.1125 0.428125
8 0.60546875 0.3859375 0.1328125 0.43125
4 0.728125 0.38046875 0.1484375 0.4421875
3 0.84609375 0.3703125 0.1390625 0.421875
77 0.50703125 0.790625 0.428125 0.1765625