48 0.23671875 0.334375 0.19375 0.3703125
11 0.375 0.35625 0.18125 0.3703125
1 0.62734375 0.396875 0.1515625 0.3640625
8 0.73046875 0.41328125 0.1625 0.36875
4 0.840625 0.42109375 0.1453125 0.328125
98 0.49296875 0.7265625 0.2890625 0.273437548 0.23671875 0.334375 0.19375 0.3703125
11 0.375 0.35625 0.18125 0.3703125
1 0.62734375 0.396875 0.1515625 0.3640625
8 0.73046875 0.41328125 0.1625 0.36875
4 0.840625 0.42109375 0.1453125 0.328125
98 0.49296875 0.7265625 0.2890625 0.273437548 0.23671875 0.334375 0.19375 0.3703125
11 0.375 0.35625 0.18125 0.3703125
1 0.62734375 0.396875 0.1515625 0.3640625
8 0.73046875 0.41328125 0.1625 0.36875
4 0.840625 0.42109375 0.1453125 0.328125
98 0.49296875 0.7265625 0.2890625 0.2734375