23 0.18671875 0.3875 0.14375 0.425
1 0.40546875 0.36953125 0.1140625 0.4046875
8 0.5234375 0.3546875 0.1234375 0.3875
5 0.63984375 0.35390625 0.140625 0.390625
3 0.77109375 0.359375 0.1359375 0.4265625
54 0.50078125 0.76796875 0.6828125 0.223437523 0.18671875 0.3875 0.14375 0.425
1 0.40546875 0.36953125 0.1140625 0.4046875
8 0.5234375 0.3546875 0.1234375 0.3875
5 0.63984375 0.35390625 0.140625 0.390625
3 0.77109375 0.359375 0.1359375 0.4265625
54 0.50078125 0.76796875 0.6828125 0.223437523 0.18671875 0.3875 0.14375 0.425
1 0.40546875 0.36953125 0.1140625 0.4046875
8 0.5234375 0.3546875 0.1234375 0.3875
5 0.63984375 0.35390625 0.140625 0.390625
3 0.77109375 0.359375 0.1359375 0.4265625
54 0.50078125 0.76796875 0.6828125 0.2234375