33 0.23515625 0.384375 0.14921875 0.4046875
41 0.38203125 0.39453125 0.1421875 0.3921875
1 0.55625 0.384375 0.1125 0.39375
8 0.665625 0.3875 0.11796875 0.3890625
5 0.77578125 0.37109375 0.1078125 0.375
1 0.86796875 0.38359375 0.090625 0.41484375
73 0.50546875 0.76328125 0.26171875 0.2312533 0.23515625 0.384375 0.14921875 0.4046875
41 0.38203125 0.39453125 0.1421875 0.3921875
1 0.55625 0.384375 0.1125 0.39375
8 0.665625 0.3875 0.11796875 0.3890625
5 0.77578125 0.37109375 0.1078125 0.375
1 0.86796875 0.38359375 0.090625 0.41484375
73 0.50546875 0.76328125 0.26171875 0.2312533 0.23515625 0.384375 0.14921875 0.4046875
41 0.38203125 0.39453125 0.1421875 0.3921875
1 0.55625 0.384375 0.1125 0.39375
8 0.665625 0.3875 0.11796875 0.3890625
5 0.77578125 0.37109375 0.1078125 0.375
1 0.86796875 0.38359375 0.090625 0.41484375
73 0.50546875 0.76328125 0.26171875 0.23125