23 0.1796875 0.409375 0.1734375 0.434375
1 0.396875 0.3765625 0.1421875 0.4109375
8 0.51328125 0.35390625 0.15 0.39375
5 0.62890625 0.34453125 0.1671875 0.4
3 0.7609375 0.340625 0.165625 0.434375
54 0.51953125 0.7671875 0.6953125 0.270312523 0.1796875 0.409375 0.1734375 0.434375
1 0.396875 0.3765625 0.1421875 0.4109375
8 0.51328125 0.35390625 0.15 0.39375
5 0.62890625 0.34453125 0.1671875 0.4
3 0.7609375 0.340625 0.165625 0.434375
54 0.51953125 0.7671875 0.6953125 0.270312523 0.1796875 0.409375 0.1734375 0.434375
1 0.396875 0.3765625 0.1421875 0.4109375
8 0.51328125 0.35390625 0.15 0.39375
5 0.62890625 0.34453125 0.1671875 0.4
3 0.7609375 0.340625 0.165625 0.434375
54 0.51953125 0.7671875 0.6953125 0.2703125