33 0.23125 0.39375 0.1625 0.409375
41 0.378125 0.3984375 0.15625 0.396875
1 0.55234375 0.3828125 0.1265625 0.396875
8 0.66171875 0.38203125 0.13125 0.3921875
5 0.77109375 0.36171875 0.1203125 0.378125
1 0.8640625 0.37109375 0.1046875 0.4171875
73 0.51484375 0.76328125 0.2703125 0.24062533 0.23125 0.39375 0.1625 0.409375
41 0.378125 0.3984375 0.15625 0.396875
1 0.55234375 0.3828125 0.1265625 0.396875
8 0.66171875 0.38203125 0.13125 0.3921875
5 0.77109375 0.36171875 0.1203125 0.378125
1 0.8640625 0.37109375 0.1046875 0.4171875
73 0.51484375 0.76328125 0.2703125 0.24062533 0.23125 0.39375 0.1625 0.409375
41 0.378125 0.3984375 0.15625 0.396875
1 0.55234375 0.3828125 0.1265625 0.396875
8 0.66171875 0.38203125 0.13125 0.3921875
5 0.77109375 0.36171875 0.1203125 0.378125
1 0.8640625 0.37109375 0.1046875 0.4171875
73 0.51484375 0.76328125 0.2703125 0.240625