23 0.1890625 0.38203125 0.1375 0.4234375
1 0.4078125 0.36796875 0.1078125 0.403125
8 0.52578125 0.35546875 0.115625 0.384375
5 0.6421875 0.35625 0.134375 0.3890625
3 0.7734375 0.3640625 0.128125 0.425
54 0.49609375 0.76796875 0.678125 0.212523 0.1890625 0.38203125 0.1375 0.4234375
1 0.4078125 0.36796875 0.1078125 0.403125
8 0.52578125 0.35546875 0.115625 0.384375
5 0.6421875 0.35625 0.134375 0.3890625
3 0.7734375 0.3640625 0.128125 0.425
54 0.49609375 0.76796875 0.678125 0.212523 0.1890625 0.38203125 0.1375 0.4234375
1 0.4078125 0.36796875 0.1078125 0.403125
8 0.52578125 0.35546875 0.115625 0.384375
5 0.6421875 0.35625 0.134375 0.3890625
3 0.7734375 0.3640625 0.128125 0.425
54 0.49609375 0.76796875 0.678125 0.2125