23 0.18359375 0.3984375 0.159375 0.4296875
1 0.40078125 0.37265625 0.128125 0.4078125
8 0.51796875 0.3546875 0.1359375 0.390625
5 0.634375 0.34921875 0.153125 0.3953125
3 0.765625 0.35 0.1515625 0.43125
54 0.51015625 0.76796875 0.6890625 0.24687523 0.18359375 0.3984375 0.159375 0.4296875
1 0.40078125 0.37265625 0.128125 0.4078125
8 0.51796875 0.3546875 0.1359375 0.390625
5 0.634375 0.34921875 0.153125 0.3953125
3 0.765625 0.35 0.1515625 0.43125
54 0.51015625 0.76796875 0.6890625 0.24687523 0.18359375 0.3984375 0.159375 0.4296875
1 0.40078125 0.37265625 0.128125 0.4078125
8 0.51796875 0.3546875 0.1359375 0.390625
5 0.634375 0.34921875 0.153125 0.3953125
3 0.765625 0.35 0.1515625 0.43125
54 0.51015625 0.76796875 0.6890625 0.246875