3 0.14921875 0.53828125 0.21875 0.459375
1 0.28203125 0.5171875 0.15625 0.453125
1 0.5046875 0.4984375 0.1296875 0.44375
3 0.62734375 0.48125 0.1875 0.465625
7 0.76484375 0.46328125 0.2125 0.4671875
3 0.8921875 0.45859375 0.196875 0.425
98 0.56796875 0.84140625 0.259375 0.24531253 0.14921875 0.53828125 0.21875 0.459375
1 0.28203125 0.5171875 0.15625 0.453125
1 0.5046875 0.4984375 0.1296875 0.44375
3 0.62734375 0.48125 0.1875 0.465625
7 0.76484375 0.46328125 0.2125 0.4671875
3 0.8921875 0.45859375 0.196875 0.425
98 0.56796875 0.84140625 0.259375 0.24531253 0.14921875 0.53828125 0.21875 0.459375
1 0.28203125 0.5171875 0.15625 0.453125
1 0.5046875 0.4984375 0.1296875 0.44375
3 0.62734375 0.48125 0.1875 0.465625
7 0.76484375 0.46328125 0.2125 0.4671875
3 0.8921875 0.45859375 0.196875 0.425
98 0.56796875 0.84140625 0.259375 0.2453125