50 0.1359375 0.37578125 0.228125 0.4453125
14 0.3 0.40078125 0.1796875 0.421875
1 0.4859375 0.4265625 0.1734375 0.446875
8 0.61640625 0.440625 0.1875 0.4328125
6 0.759375 0.4546875 0.178125 0.4421875
7 0.8796875 0.46875 0.1609375 0.4328125
54 0.490625 0.8375 0.7234375 0.2937550 0.1359375 0.37578125 0.228125 0.4453125
14 0.3 0.40078125 0.1796875 0.421875
1 0.4859375 0.4265625 0.1734375 0.446875
8 0.61640625 0.440625 0.1875 0.4328125
6 0.759375 0.4546875 0.178125 0.4421875
7 0.8796875 0.46875 0.1609375 0.4328125
54 0.490625 0.8375 0.7234375 0.2937550 0.1359375 0.37578125 0.228125 0.4453125
14 0.3 0.40078125 0.1796875 0.421875
1 0.4859375 0.4265625 0.1734375 0.446875
8 0.61640625 0.440625 0.1875 0.4328125
6 0.759375 0.4546875 0.178125 0.4421875
7 0.8796875 0.46875 0.1609375 0.4328125
54 0.490625 0.8375 0.7234375 0.29375