3 0.14765625 0.4890625 0.159375 0.44140625
1 0.28203125 0.48671875 0.0953125 0.44453125
1 0.5046875 0.49921875 0.06953125 0.4390625
3 0.62890625 0.49921875 0.125 0.453125
7 0.7671875 0.50078125 0.15078125 0.45
3 0.89453125 0.51328125 0.140625 0.41015625
98 0.51953125 0.84765625 0.23125 0.214843753 0.14765625 0.4890625 0.159375 0.44140625
1 0.28203125 0.48671875 0.0953125 0.44453125
1 0.5046875 0.49921875 0.06953125 0.4390625
3 0.62890625 0.49921875 0.125 0.453125
7 0.7671875 0.50078125 0.15078125 0.45
3 0.89453125 0.51328125 0.140625 0.41015625
98 0.51953125 0.84765625 0.23125 0.214843753 0.14765625 0.4890625 0.159375 0.44140625
1 0.28203125 0.48671875 0.0953125 0.44453125
1 0.5046875 0.49921875 0.06953125 0.4390625
3 0.62890625 0.49921875 0.125 0.453125
7 0.7671875 0.50078125 0.15078125 0.45
3 0.89453125 0.51328125 0.140625 0.41015625
98 0.51953125 0.84765625 0.23125 0.21484375