50 0.1453125 0.35078125 0.25625 0.4546875
14 0.30703125 0.38671875 0.20625 0.4265625
1 0.490625 0.42578125 0.203125 0.4515625
8 0.6203125 0.44921875 0.215625 0.4390625
6 0.76171875 0.4734375 0.20625 0.446875
7 0.88125 0.4953125 0.1890625 0.4375
54 0.46640625 0.8328125 0.7328125 0.33437550 0.1453125 0.35078125 0.25625 0.4546875
14 0.30703125 0.38671875 0.20625 0.4265625
1 0.490625 0.42578125 0.203125 0.4515625
8 0.6203125 0.44921875 0.215625 0.4390625
6 0.76171875 0.4734375 0.20625 0.446875
7 0.88125 0.4953125 0.1890625 0.4375
54 0.46640625 0.8328125 0.7328125 0.33437550 0.1453125 0.35078125 0.25625 0.4546875
14 0.30703125 0.38671875 0.20625 0.4265625
1 0.490625 0.42578125 0.203125 0.4515625
8 0.6203125 0.44921875 0.215625 0.4390625
6 0.76171875 0.4734375 0.20625 0.446875
7 0.88125 0.4953125 0.1890625 0.4375
54 0.46640625 0.8328125 0.7328125 0.334375