50 0.125 0.41484375 0.184375 0.42890625
14 0.290625 0.421875 0.1375 0.409375
1 0.478125 0.428125 0.12890625 0.4359375
8 0.609375 0.42890625 0.14453125 0.4203125
6 0.753125 0.428125 0.13359375 0.43046875
7 0.87421875 0.42890625 0.11796875 0.4234375
54 0.52578125 0.83671875 0.7046875 0.22187550 0.125 0.41484375 0.184375 0.42890625
14 0.290625 0.421875 0.1375 0.409375
1 0.478125 0.428125 0.12890625 0.4359375
8 0.609375 0.42890625 0.14453125 0.4203125
6 0.753125 0.428125 0.13359375 0.43046875
7 0.87421875 0.42890625 0.11796875 0.4234375
54 0.52578125 0.83671875 0.7046875 0.22187550 0.125 0.41484375 0.184375 0.42890625
14 0.290625 0.421875 0.1375 0.409375
1 0.478125 0.428125 0.12890625 0.4359375
8 0.609375 0.42890625 0.14453125 0.4203125
6 0.753125 0.428125 0.13359375 0.43046875
7 0.87421875 0.42890625 0.11796875 0.4234375
54 0.52578125 0.83671875 0.7046875 0.221875