14 0.24375 0.37890625 0.140625 0.2984375
41 0.39453125 0.37890625 0.14609375 0.3109375
1 0.5828125 0.3828125 0.109375 0.30859375
8 0.6984375 0.3828125 0.1265625 0.296875
7 0.82109375 0.38359375 0.121875 0.309375
5 0.92109375 0.3875 0.13515625 0.2984375
63 0.50390625 0.6765625 0.2625 0.20312514 0.24375 0.37890625 0.140625 0.2984375
41 0.39453125 0.37890625 0.14609375 0.3109375
1 0.5828125 0.3828125 0.109375 0.30859375
8 0.6984375 0.3828125 0.1265625 0.296875
7 0.82109375 0.38359375 0.121875 0.309375
5 0.92109375 0.3875 0.13515625 0.2984375
63 0.50390625 0.6765625 0.2625 0.20312514 0.24375 0.37890625 0.140625 0.2984375
41 0.39453125 0.37890625 0.14609375 0.3109375
1 0.5828125 0.3828125 0.109375 0.30859375
8 0.6984375 0.3828125 0.1265625 0.296875
7 0.82109375 0.38359375 0.121875 0.309375
5 0.92109375 0.3875 0.13515625 0.2984375
63 0.50390625 0.6765625 0.2625 0.203125