14 0.253125 0.3609375 0.1609375 0.3078125
41 0.403125 0.371875 0.1671875 0.3203125
1 0.590625 0.3890625 0.13125 0.315625
8 0.70625 0.396875 0.146875 0.3046875
7 0.828125 0.40625 0.14375 0.3171875
5 0.925 0.41640625 0.15 0.3078125
63 0.49140625 0.6765625 0.2765625 0.220312514 0.253125 0.3609375 0.1609375 0.3078125
41 0.403125 0.371875 0.1671875 0.3203125
1 0.590625 0.3890625 0.13125 0.315625
8 0.70625 0.396875 0.146875 0.3046875
7 0.828125 0.40625 0.14375 0.3171875
5 0.925 0.41640625 0.15 0.3078125
63 0.49140625 0.6765625 0.2765625 0.220312514 0.253125 0.3609375 0.1609375 0.3078125
41 0.403125 0.371875 0.1671875 0.3203125
1 0.590625 0.3890625 0.13125 0.315625
8 0.70625 0.396875 0.146875 0.3046875
7 0.828125 0.40625 0.14375 0.3171875
5 0.925 0.41640625 0.15 0.3078125
63 0.49140625 0.6765625 0.2765625 0.2203125