39 0.3421875 0.35703125 0.1703125 0.40234375
1 0.54296875 0.3546875 0.11796875 0.41875
8 0.6546875 0.35 0.125 0.390625
8 0.7671875 0.34765625 0.125 0.40078125
5 0.89453125 0.34140625 0.1265625 0.4078125
54 0.5 0.83671875 0.69921875 0.235937539 0.3421875 0.35703125 0.1703125 0.40234375
1 0.54296875 0.3546875 0.11796875 0.41875
8 0.6546875 0.35 0.125 0.390625
8 0.7671875 0.34765625 0.125 0.40078125
5 0.89453125 0.34140625 0.1265625 0.4078125
54 0.5 0.83671875 0.69921875 0.235937539 0.3421875 0.35703125 0.1703125 0.40234375
1 0.54296875 0.3546875 0.11796875 0.41875
8 0.6546875 0.35 0.125 0.390625
8 0.7671875 0.34765625 0.125 0.40078125
5 0.89453125 0.34140625 0.1265625 0.4078125
54 0.5 0.83671875 0.69921875 0.2359375