39 0.31953125 0.38671875 0.2375 0.4265625
1 0.5171875 0.34921875 0.1890625 0.4328125
8 0.6265625 0.32578125 0.190625 0.40625
8 0.73671875 0.30390625 0.1921875 0.415625
5 0.8609375 0.275 0.1953125 0.4234375
54 0.55859375 0.82734375 0.7296875 0.345312539 0.31953125 0.38671875 0.2375 0.4265625
1 0.5171875 0.34921875 0.1890625 0.4328125
8 0.6265625 0.32578125 0.190625 0.40625
8 0.73671875 0.30390625 0.1921875 0.415625
5 0.8609375 0.275 0.1953125 0.4234375
54 0.55859375 0.82734375 0.7296875 0.345312539 0.31953125 0.38671875 0.2375 0.4265625
1 0.5171875 0.34921875 0.1890625 0.4328125
8 0.6265625 0.32578125 0.190625 0.40625
8 0.73671875 0.30390625 0.1921875 0.415625
5 0.8609375 0.275 0.1953125 0.4234375
54 0.55859375 0.82734375 0.7296875 0.3453125