10 0.17109375 0.4296875 0.2203125 0.4078125
15 0.31484375 0.40703125 0.2 0.38125
1 0.64453125 0.35 0.153125 0.4
8 0.7546875 0.32890625 0.1734375 0.3828125
88 0.5328125 0.77265625 0.44375 0.332812510 0.17109375 0.4296875 0.2203125 0.4078125
15 0.31484375 0.40703125 0.2 0.38125
1 0.64453125 0.35 0.153125 0.4
8 0.7546875 0.32890625 0.1734375 0.3828125
88 0.5328125 0.77265625 0.44375 0.332812510 0.17109375 0.4296875 0.2203125 0.4078125
15 0.31484375 0.40703125 0.2 0.38125
1 0.64453125 0.35 0.153125 0.4
8 0.7546875 0.32890625 0.1734375 0.3828125
88 0.5328125 0.77265625 0.44375 0.3328125