10 0.1859375 0.37890625 0.16171875 0.38671875
15 0.33203125 0.37890625 0.14453125 0.36328125
1 0.66640625 0.37421875 0.09375 0.390625
8 0.778125 0.37109375 0.11640625 0.36953125
88 0.48984375 0.77421875 0.40625 0.2726562510 0.1859375 0.37890625 0.16171875 0.38671875
15 0.33203125 0.37890625 0.14453125 0.36328125
1 0.66640625 0.37421875 0.09375 0.390625
8 0.778125 0.37109375 0.11640625 0.36953125
88 0.48984375 0.77421875 0.40625 0.2726562510 0.1859375 0.37890625 0.16171875 0.38671875
15 0.33203125 0.37890625 0.14453125 0.36328125
1 0.66640625 0.37421875 0.09375 0.390625
8 0.778125 0.37109375 0.11640625 0.36953125
88 0.48984375 0.77421875 0.40625 0.27265625