10 0.190625 0.36796875 0.175 0.3921875
15 0.33671875 0.3734375 0.1578125 0.36875
1 0.6703125 0.38046875 0.1078125 0.39375
8 0.7828125 0.38125 0.1296875 0.3734375
88 0.48046875 0.7734375 0.415625 0.285937510 0.190625 0.36796875 0.175 0.3921875
15 0.33671875 0.3734375 0.1578125 0.36875
1 0.6703125 0.38046875 0.1078125 0.39375
8 0.7828125 0.38125 0.1296875 0.3734375
88 0.48046875 0.7734375 0.415625 0.285937510 0.190625 0.36796875 0.175 0.3921875
15 0.33671875 0.3734375 0.1578125 0.36875
1 0.6703125 0.38046875 0.1078125 0.39375
8 0.7828125 0.38125 0.1296875 0.3734375
88 0.48046875 0.7734375 0.415625 0.2859375