11 0.12578125 0.334375 0.1546875 0.41640625
16 0.28046875 0.33203125 0.1546875 0.40078125
1 0.48359375 0.34765625 0.11796875 0.41640625
9 0.621875 0.32890625 0.14765625 0.39921875
1 0.75 0.3390625 0.10546875 0.4390625
9 0.87890625 0.32890625 0.11796875 0.39375
80 0.5015625 0.703125 0.55078125 0.2070312511 0.12578125 0.334375 0.1546875 0.41640625
16 0.28046875 0.33203125 0.1546875 0.40078125
1 0.48359375 0.34765625 0.11796875 0.41640625
9 0.621875 0.32890625 0.14765625 0.39921875
1 0.75 0.3390625 0.10546875 0.4390625
9 0.87890625 0.32890625 0.11796875 0.39375
80 0.5015625 0.703125 0.55078125 0.2070312511 0.12578125 0.334375 0.1546875 0.41640625
16 0.28046875 0.33203125 0.1546875 0.40078125
1 0.48359375 0.34765625 0.11796875 0.41640625
9 0.621875 0.32890625 0.14765625 0.39921875
1 0.75 0.3390625 0.10546875 0.4390625
9 0.87890625 0.32890625 0.11796875 0.39375
80 0.5015625 0.703125 0.55078125 0.20703125