11 0.10625 0.39453125 0.2125 0.4359375
16 0.25703125 0.36875 0.215625 0.4203125
1 0.46015625 0.35234375 0.18125 0.4296875
9 0.59375 0.31171875 0.2078125 0.4171875
1 0.721875 0.3015625 0.1734375 0.45
9 0.84765625 0.271875 0.178125 0.4078125
80 0.53359375 0.7 0.5765625 0.29062511 0.10625 0.39453125 0.2125 0.4359375
16 0.25703125 0.36875 0.215625 0.4203125
1 0.46015625 0.35234375 0.18125 0.4296875
9 0.59375 0.31171875 0.2078125 0.4171875
1 0.721875 0.3015625 0.1734375 0.45
9 0.84765625 0.271875 0.178125 0.4078125
80 0.53359375 0.7 0.5765625 0.29062511 0.10625 0.39453125 0.2125 0.4359375
16 0.25703125 0.36875 0.215625 0.4203125
1 0.46015625 0.35234375 0.18125 0.4296875
9 0.59375 0.31171875 0.2078125 0.4171875
1 0.721875 0.3015625 0.1734375 0.45
9 0.84765625 0.271875 0.178125 0.4078125
80 0.53359375 0.7 0.5765625 0.290625