20 0.19140625 0.4140625 0.26875 0.2734375
41 0.375 0.43203125 0.1890625 0.25625
1 0.54921875 0.44375 0.15 0.2359375
9 0.653125 0.44765625 0.1921875 0.2390625
2 0.76484375 0.46953125 0.1921875 0.2234375
2 0.8859375 0.47890625 0.171875 0.21875
54 0.40390625 0.62265625 0.6515625 0.176562520 0.19140625 0.4140625 0.26875 0.2734375
41 0.375 0.43203125 0.1890625 0.25625
1 0.54921875 0.44375 0.15 0.2359375
9 0.653125 0.44765625 0.1921875 0.2390625
2 0.76484375 0.46953125 0.1921875 0.2234375
2 0.8859375 0.47890625 0.171875 0.21875
54 0.40390625 0.62265625 0.6515625 0.176562520 0.19140625 0.4140625 0.26875 0.2734375
41 0.375 0.43203125 0.1890625 0.25625
1 0.54921875 0.44375 0.15 0.2359375
9 0.653125 0.44765625 0.1921875 0.2390625
2 0.76484375 0.46953125 0.1921875 0.2234375
2 0.8859375 0.47890625 0.171875 0.21875
54 0.40390625 0.62265625 0.6515625 0.1765625