46 0.159375 0.4359375 0.19375 0.4390625
42 0.3125 0.42421875 0.1578125 0.4046875
1 0.50703125 0.41015625 0.1390625 0.415625
9 0.634375 0.3875 0.1546875 0.4015625
2 0.76484375 0.37265625 0.1296875 0.3953125
5 0.88515625 0.35703125 0.1359375 0.36875
54 0.521875 0.7953125 0.6984375 0.2546 0.159375 0.4359375 0.19375 0.4390625
42 0.3125 0.42421875 0.1578125 0.4046875
1 0.50703125 0.41015625 0.1390625 0.415625
9 0.634375 0.3875 0.1546875 0.4015625
2 0.76484375 0.37265625 0.1296875 0.3953125
5 0.88515625 0.35703125 0.1359375 0.36875
54 0.521875 0.7953125 0.6984375 0.2546 0.159375 0.4359375 0.19375 0.4390625
42 0.3125 0.42421875 0.1578125 0.4046875
1 0.50703125 0.41015625 0.1390625 0.415625
9 0.634375 0.3875 0.1546875 0.4015625
2 0.76484375 0.37265625 0.1296875 0.3953125
5 0.88515625 0.35703125 0.1359375 0.36875
54 0.521875 0.7953125 0.6984375 0.25