46 0.1734375 0.38359375 0.2296875 0.4515625
42 0.32734375 0.39609375 0.1921875 0.4140625
1 0.52109375 0.41171875 0.175 0.4234375
9 0.65 0.41015625 0.1875 0.4125
2 0.78125 0.415625 0.1640625 0.403125
5 0.903125 0.41875 0.1671875 0.3765625
54 0.47578125 0.7953125 0.7125 0.307812546 0.1734375 0.38359375 0.2296875 0.4515625
42 0.32734375 0.39609375 0.1921875 0.4140625
1 0.52109375 0.41171875 0.175 0.4234375
9 0.65 0.41015625 0.1875 0.4125
2 0.78125 0.415625 0.1640625 0.403125
5 0.903125 0.41875 0.1671875 0.3765625
54 0.47578125 0.7953125 0.7125 0.307812546 0.1734375 0.38359375 0.2296875 0.4515625
42 0.32734375 0.39609375 0.1921875 0.4140625
1 0.52109375 0.41171875 0.175 0.4234375
9 0.65 0.41015625 0.1875 0.4125
2 0.78125 0.415625 0.1640625 0.403125
5 0.903125 0.41875 0.1671875 0.3765625
54 0.47578125 0.7953125 0.7125 0.3078125