20 0.18046875 0.49140625 0.26875 0.2734375
41 0.3625 0.4640625 0.1890625 0.25625
1 0.534375 0.43359375 0.15 0.2359375
9 0.6359375 0.4125 0.1921875 0.2390625
2 0.75 0.40625 0.1921875 0.2234375
2 0.86953125 0.3859375 0.171875 0.21875
54 0.43671875 0.6421875 0.6515625 0.176562520 0.18046875 0.49140625 0.26875 0.2734375
41 0.3625 0.4640625 0.1890625 0.25625
1 0.534375 0.43359375 0.15 0.2359375
9 0.6359375 0.4125 0.1921875 0.2390625
2 0.75 0.40625 0.1921875 0.2234375
2 0.86953125 0.3859375 0.171875 0.21875
54 0.43671875 0.6421875 0.6515625 0.176562520 0.18046875 0.49140625 0.26875 0.2734375
41 0.3625 0.4640625 0.1890625 0.25625
1 0.534375 0.43359375 0.15 0.2359375
9 0.6359375 0.4125 0.1921875 0.2390625
2 0.75 0.40625 0.1921875 0.2234375
2 0.86953125 0.3859375 0.171875 0.21875
54 0.43671875 0.6421875 0.6515625 0.1765625