20 0.18359375 0.45234375 0.23984375 0.24609375
41 0.36796875 0.44765625 0.16171875 0.23828125
1 0.5421875 0.43828125 0.1234375 0.22265625
9 0.6453125 0.4296875 0.16640625 0.2203125
2 0.759375 0.4375 0.16875 0.2046875
2 0.88046875 0.43203125 0.14765625 0.2015625
54 0.41953125 0.63359375 0.64375 0.0992187520 0.18359375 0.45234375 0.23984375 0.24609375
41 0.36796875 0.44765625 0.16171875 0.23828125
1 0.5421875 0.43828125 0.1234375 0.22265625
9 0.6453125 0.4296875 0.16640625 0.2203125
2 0.759375 0.4375 0.16875 0.2046875
2 0.88046875 0.43203125 0.14765625 0.2015625
54 0.41953125 0.63359375 0.64375 0.0992187520 0.18359375 0.45234375 0.23984375 0.24609375
41 0.36796875 0.44765625 0.16171875 0.23828125
1 0.5421875 0.43828125 0.1234375 0.22265625
9 0.6453125 0.4296875 0.16640625 0.2203125
2 0.759375 0.4375 0.16875 0.2046875
2 0.88046875 0.43203125 0.14765625 0.2015625
54 0.41953125 0.63359375 0.64375 0.09921875