46 0.16171875 0.42421875 0.17890625 0.43359375
42 0.315625 0.41796875 0.14453125 0.39921875
1 0.51015625 0.41015625 0.125 0.41171875
9 0.63828125 0.3921875 0.140625 0.39765625
2 0.76875 0.38203125 0.11640625 0.3921875
5 0.88984375 0.3703125 0.1234375 0.36484375
54 0.51171875 0.79609375 0.690625 0.2257812546 0.16171875 0.42421875 0.17890625 0.43359375
42 0.315625 0.41796875 0.14453125 0.39921875
1 0.51015625 0.41015625 0.125 0.41171875
9 0.63828125 0.3921875 0.140625 0.39765625
2 0.76875 0.38203125 0.11640625 0.3921875
5 0.88984375 0.3703125 0.1234375 0.36484375
54 0.51171875 0.79609375 0.690625 0.2257812546 0.16171875 0.42421875 0.17890625 0.43359375
42 0.315625 0.41796875 0.14453125 0.39921875
1 0.51015625 0.41015625 0.125 0.41171875
9 0.63828125 0.3921875 0.140625 0.39765625
2 0.76875 0.38203125 0.11640625 0.3921875
5 0.88984375 0.3703125 0.1234375 0.36484375
54 0.51171875 0.79609375 0.690625 0.22578125