28 0.20546875 0.36015625 0.17734375 0.47265625
1 0.434375 0.36171875 0.1078125 0.50703125
9 0.55625 0.36015625 0.11796875 0.50390625
3 0.6828125 0.35 0.11796875 0.47578125
2 0.815625 0.35625 0.13671875 0.49140625
54 0.4859375 0.77734375 0.69921875 0.2187528 0.20546875 0.36015625 0.17734375 0.47265625
1 0.434375 0.36171875 0.1078125 0.50703125
9 0.55625 0.36015625 0.11796875 0.50390625
3 0.6828125 0.35 0.11796875 0.47578125
2 0.815625 0.35625 0.13671875 0.49140625
54 0.4859375 0.77734375 0.69921875 0.2187528 0.20546875 0.36015625 0.17734375 0.47265625
1 0.434375 0.36171875 0.1078125 0.50703125
9 0.55625 0.36015625 0.11796875 0.50390625
3 0.6828125 0.35 0.11796875 0.47578125
2 0.815625 0.35625 0.13671875 0.49140625
54 0.4859375 0.77734375 0.69921875 0.21875