28 0.215625 0.33984375 0.209375 0.484375
1 0.44453125 0.3578125 0.1421875 0.5140625
9 0.565625 0.3640625 0.153125 0.5109375
3 0.69296875 0.36328125 0.1515625 0.4828125
2 0.825 0.37890625 0.1703125 0.5
54 0.46640625 0.77578125 0.7125 0.267187528 0.215625 0.33984375 0.209375 0.484375
1 0.44453125 0.3578125 0.1421875 0.5140625
9 0.565625 0.3640625 0.153125 0.5109375
3 0.69296875 0.36328125 0.1515625 0.4828125
2 0.825 0.37890625 0.1703125 0.5
54 0.46640625 0.77578125 0.7125 0.267187528 0.215625 0.33984375 0.209375 0.484375
1 0.44453125 0.3578125 0.1421875 0.5140625
9 0.565625 0.3640625 0.153125 0.5109375
3 0.69296875 0.36328125 0.1515625 0.4828125
2 0.825 0.37890625 0.1703125 0.5
54 0.46640625 0.77578125 0.7125 0.2671875