28 0.221875 0.33046875 0.225 0.4890625
1 0.44921875 0.35546875 0.1609375 0.515625
9 0.5703125 0.3671875 0.1703125 0.5140625
3 0.69765625 0.3703125 0.1671875 0.4859375
2 0.82890625 0.38984375 0.1875 0.503125
54 0.45703125 0.77421875 0.71875 0.29062528 0.221875 0.33046875 0.225 0.4890625
1 0.44921875 0.35546875 0.1609375 0.515625
9 0.5703125 0.3671875 0.1703125 0.5140625
3 0.69765625 0.3703125 0.1671875 0.4859375
2 0.82890625 0.38984375 0.1875 0.503125
54 0.45703125 0.77421875 0.71875 0.29062528 0.221875 0.33046875 0.225 0.4890625
1 0.44921875 0.35546875 0.1609375 0.515625
9 0.5703125 0.3671875 0.1703125 0.5140625
3 0.69765625 0.3703125 0.1671875 0.4859375
2 0.82890625 0.38984375 0.1875 0.503125
54 0.45703125 0.77421875 0.71875 0.290625