10 0.12890625 0.359375 0.1765625 0.4734375
14 0.3109375 0.37109375 0.19375 0.4640625
1 0.49609375 0.37109375 0.125 0.453125
9 0.61796875 0.3734375 0.1484375 0.4671875
5 0.76171875 0.37421875 0.153125 0.453125
2 0.896875 0.38046875 0.1390625 0.4765625
69 0.503125 0.7765625 0.2765625 0.220312510 0.12890625 0.359375 0.1765625 0.4734375
14 0.3109375 0.37109375 0.19375 0.4640625
1 0.49609375 0.37109375 0.125 0.453125
9 0.61796875 0.3734375 0.1484375 0.4671875
5 0.76171875 0.37421875 0.153125 0.453125
2 0.896875 0.38046875 0.1390625 0.4765625
69 0.503125 0.7765625 0.2765625 0.220312510 0.12890625 0.359375 0.1765625 0.4734375
14 0.3109375 0.37109375 0.19375 0.4640625
1 0.49609375 0.37109375 0.125 0.453125
9 0.61796875 0.3734375 0.1484375 0.4671875
5 0.76171875 0.37421875 0.153125 0.453125
2 0.896875 0.38046875 0.1390625 0.4765625
69 0.503125 0.7765625 0.2765625 0.2203125