43 0.0921875 0.35546875 0.1734375 0.365625
41 0.23359375 0.35546875 0.1484375 0.3671875
1 0.44140625 0.3609375 0.171875 0.396875
9 0.5703125 0.35859375 0.165625 0.3875
5 0.71796875 0.3578125 0.1859375 0.3921875
6 0.8609375 0.3546875 0.15 0.365625
54 0.4953125 0.71875 0.71875 0.207812543 0.0921875 0.35546875 0.1734375 0.365625
41 0.23359375 0.35546875 0.1484375 0.3671875
1 0.44140625 0.3609375 0.171875 0.396875
9 0.5703125 0.35859375 0.165625 0.3875
5 0.71796875 0.3578125 0.1859375 0.3921875
6 0.8609375 0.3546875 0.15 0.365625
54 0.4953125 0.71875 0.71875 0.207812543 0.0921875 0.35546875 0.1734375 0.365625
41 0.23359375 0.35546875 0.1484375 0.3671875
1 0.44140625 0.3609375 0.171875 0.396875
9 0.5703125 0.35859375 0.165625 0.3875
5 0.71796875 0.3578125 0.1859375 0.3921875
6 0.8609375 0.3546875 0.15 0.365625
54 0.4953125 0.71875 0.71875 0.2078125