14 0.28203125 0.41953125 0.1625 0.265625
15 0.43984375 0.42578125 0.153125 0.253125
1 0.62890625 0.41796875 0.1265625 0.240625
9 0.734375 0.4171875 0.11875 0.228125
5 0.84609375 0.421875 0.146875 0.2375
1 0.94921875 0.41875 0.1015625 0.228125
63 0.51328125 0.684375 0.25625 0.1562514 0.28203125 0.41953125 0.1625 0.265625
15 0.43984375 0.42578125 0.153125 0.253125
1 0.62890625 0.41796875 0.1265625 0.240625
9 0.734375 0.4171875 0.11875 0.228125
5 0.84609375 0.421875 0.146875 0.2375
1 0.94921875 0.41875 0.1015625 0.228125
63 0.51328125 0.684375 0.25625 0.1562514 0.28203125 0.41953125 0.1625 0.265625
15 0.43984375 0.42578125 0.153125 0.253125
1 0.62890625 0.41796875 0.1265625 0.240625
9 0.734375 0.4171875 0.11875 0.228125
5 0.84609375 0.421875 0.146875 0.2375
1 0.94921875 0.41875 0.1015625 0.228125
63 0.51328125 0.684375 0.25625 0.15625