43 0.08984375 0.3625 0.16640625 0.36328125
41 0.23125 0.36015625 0.1421875 0.36484375
1 0.4390625 0.36171875 0.16484375 0.39375
9 0.56796875 0.35703125 0.159375 0.38515625
5 0.715625 0.35390625 0.17890625 0.3890625
6 0.85859375 0.3484375 0.14375 0.3625
54 0.49921875 0.71875 0.71484375 0.1960937543 0.08984375 0.3625 0.16640625 0.36328125
41 0.23125 0.36015625 0.1421875 0.36484375
1 0.4390625 0.36171875 0.16484375 0.39375
9 0.56796875 0.35703125 0.159375 0.38515625
5 0.715625 0.35390625 0.17890625 0.3890625
6 0.85859375 0.3484375 0.14375 0.3625
54 0.49921875 0.71875 0.71484375 0.1960937543 0.08984375 0.3625 0.16640625 0.36328125
41 0.23125 0.36015625 0.1421875 0.36484375
1 0.4390625 0.36171875 0.16484375 0.39375
9 0.56796875 0.35703125 0.159375 0.38515625
5 0.715625 0.35390625 0.17890625 0.3890625
6 0.85859375 0.3484375 0.14375 0.3625
54 0.49921875 0.71875 0.71484375 0.19609375