10 0.13125 0.353125 0.16875 0.4703125
14 0.31328125 0.36796875 0.1859375 0.46015625
1 0.4984375 0.37109375 0.11640625 0.4515625
9 0.6203125 0.37578125 0.140625 0.46484375
5 0.7640625 0.37890625 0.14453125 0.45
2 0.89921875 0.3875 0.13046875 0.47421875
69 0.4984375 0.7765625 0.27265625 0.2148437510 0.13125 0.353125 0.16875 0.4703125
14 0.31328125 0.36796875 0.1859375 0.46015625
1 0.4984375 0.37109375 0.11640625 0.4515625
9 0.6203125 0.37578125 0.140625 0.46484375
5 0.7640625 0.37890625 0.14453125 0.45
2 0.89921875 0.3875 0.13046875 0.47421875
69 0.4984375 0.7765625 0.27265625 0.2148437510 0.13125 0.353125 0.16875 0.4703125
14 0.31328125 0.36796875 0.1859375 0.46015625
1 0.4984375 0.37109375 0.11640625 0.4515625
9 0.6203125 0.37578125 0.140625 0.46484375
5 0.7640625 0.37890625 0.14453125 0.45
2 0.89921875 0.3875 0.13046875 0.47421875
69 0.4984375 0.7765625 0.27265625 0.21484375