10 0.1265625 0.36640625 0.184375 0.4765625
14 0.30859375 0.37421875 0.2015625 0.465625
1 0.49375 0.37109375 0.1328125 0.4546875
9 0.615625 0.371875 0.15625 0.46875
5 0.759375 0.36953125 0.159375 0.4546875
2 0.8953125 0.3734375 0.146875 0.478125
69 0.5078125 0.7765625 0.2796875 0.22510 0.1265625 0.36640625 0.184375 0.4765625
14 0.30859375 0.37421875 0.2015625 0.465625
1 0.49375 0.37109375 0.1328125 0.4546875
9 0.615625 0.371875 0.15625 0.46875
5 0.759375 0.36953125 0.159375 0.4546875
2 0.8953125 0.3734375 0.146875 0.478125
69 0.5078125 0.7765625 0.2796875 0.22510 0.1265625 0.36640625 0.184375 0.4765625
14 0.30859375 0.37421875 0.2015625 0.465625
1 0.49375 0.37109375 0.1328125 0.4546875
9 0.615625 0.371875 0.15625 0.46875
5 0.759375 0.36953125 0.159375 0.4546875
2 0.8953125 0.3734375 0.146875 0.478125
69 0.5078125 0.7765625 0.2796875 0.225