14 0.28046875 0.4234375 0.1671875 0.26875
15 0.43828125 0.4265625 0.15625 0.25625
1 0.62734375 0.415625 0.13125 0.24375
9 0.7328125 0.41328125 0.1234375 0.23125
5 0.84453125 0.415625 0.15 0.240625
1 0.946875 0.41015625 0.10625 0.2296875
63 0.51640625 0.684375 0.259375 0.160937514 0.28046875 0.4234375 0.1671875 0.26875
15 0.43828125 0.4265625 0.15625 0.25625
1 0.62734375 0.415625 0.13125 0.24375
9 0.7328125 0.41328125 0.1234375 0.23125
5 0.84453125 0.415625 0.15 0.240625
1 0.946875 0.41015625 0.10625 0.2296875
63 0.51640625 0.684375 0.259375 0.160937514 0.28046875 0.4234375 0.1671875 0.26875
15 0.43828125 0.4265625 0.15625 0.25625
1 0.62734375 0.415625 0.13125 0.24375
9 0.7328125 0.41328125 0.1234375 0.23125
5 0.84453125 0.415625 0.15 0.240625
1 0.946875 0.41015625 0.10625 0.2296875
63 0.51640625 0.684375 0.259375 0.1609375