14 0.27578125 0.4390625 0.1859375 0.278125
15 0.43359375 0.43125 0.1734375 0.265625
1 0.62109375 0.40703125 0.146875 0.2515625
9 0.7265625 0.396875 0.1390625 0.2390625
5 0.83828125 0.3921875 0.165625 0.25
1 0.93984375 0.37890625 0.1203125 0.2359375
63 0.5296875 0.6828125 0.2703125 0.17812514 0.27578125 0.4390625 0.1859375 0.278125
15 0.43359375 0.43125 0.1734375 0.265625
1 0.62109375 0.40703125 0.146875 0.2515625
9 0.7265625 0.396875 0.1390625 0.2390625
5 0.83828125 0.3921875 0.165625 0.25
1 0.93984375 0.37890625 0.1203125 0.2359375
63 0.5296875 0.6828125 0.2703125 0.17812514 0.27578125 0.4390625 0.1859375 0.278125
15 0.43359375 0.43125 0.1734375 0.265625
1 0.62109375 0.40703125 0.146875 0.2515625
9 0.7265625 0.396875 0.1390625 0.2390625
5 0.83828125 0.3921875 0.165625 0.25
1 0.93984375 0.37890625 0.1203125 0.2359375
63 0.5296875 0.6828125 0.2703125 0.178125