43 0.10078125 0.334375 0.190625 0.3734375
41 0.24140625 0.34140625 0.1671875 0.3734375
1 0.44921875 0.3578125 0.1921875 0.4046875
9 0.578125 0.3625 0.1859375 0.3953125
5 0.725 0.36953125 0.20625 0.4
6 0.86796875 0.3734375 0.16875 0.371875
54 0.48359375 0.71796875 0.7265625 0.245312543 0.10078125 0.334375 0.190625 0.3734375
41 0.24140625 0.34140625 0.1671875 0.3734375
1 0.44921875 0.3578125 0.1921875 0.4046875
9 0.578125 0.3625 0.1859375 0.3953125
5 0.725 0.36953125 0.20625 0.4
6 0.86796875 0.3734375 0.16875 0.371875
54 0.48359375 0.71796875 0.7265625 0.245312543 0.10078125 0.334375 0.190625 0.3734375
41 0.24140625 0.34140625 0.1671875 0.3734375
1 0.44921875 0.3578125 0.1921875 0.4046875
9 0.578125 0.3625 0.1859375 0.3953125
5 0.725 0.36953125 0.20625 0.4
6 0.86796875 0.3734375 0.16875 0.371875
54 0.48359375 0.71796875 0.7265625 0.2453125