10 0.11953125 0.3859375 0.209375 0.4828125
14 0.30234375 0.384375 0.225 0.475
1 0.4875 0.371875 0.1546875 0.459375
9 0.609375 0.365625 0.18125 0.475
5 0.75234375 0.35625 0.1828125 0.4609375
2 0.88828125 0.353125 0.171875 0.484375
69 0.52265625 0.77578125 0.290625 0.237510 0.11953125 0.3859375 0.209375 0.4828125
14 0.30234375 0.384375 0.225 0.475
1 0.4875 0.371875 0.1546875 0.459375
9 0.609375 0.365625 0.18125 0.475
5 0.75234375 0.35625 0.1828125 0.4609375
2 0.88828125 0.353125 0.171875 0.484375
69 0.52265625 0.77578125 0.290625 0.237510 0.11953125 0.3859375 0.209375 0.4828125
14 0.30234375 0.384375 0.225 0.475
1 0.4875 0.371875 0.1546875 0.459375
9 0.609375 0.365625 0.18125 0.475
5 0.75234375 0.35625 0.1828125 0.4609375
2 0.88828125 0.353125 0.171875 0.484375
69 0.52265625 0.77578125 0.290625 0.2375