10 0.11796875 0.3921875 0.2171875 0.4859375
14 0.30078125 0.38828125 0.2328125 0.4765625
1 0.48515625 0.371875 0.1625 0.4609375
9 0.60703125 0.3640625 0.1890625 0.4765625
5 0.75 0.35234375 0.190625 0.4625
2 0.88515625 0.34609375 0.1796875 0.4859375
69 0.52734375 0.775 0.29375 0.242187510 0.11796875 0.3921875 0.2171875 0.4859375
14 0.30078125 0.38828125 0.2328125 0.4765625
1 0.48515625 0.371875 0.1625 0.4609375
9 0.60703125 0.3640625 0.1890625 0.4765625
5 0.75 0.35234375 0.190625 0.4625
2 0.88515625 0.34609375 0.1796875 0.4859375
69 0.52734375 0.775 0.29375 0.242187510 0.11796875 0.3921875 0.2171875 0.4859375
14 0.30078125 0.38828125 0.2328125 0.4765625
1 0.48515625 0.371875 0.1625 0.4609375
9 0.60703125 0.3640625 0.1890625 0.4765625
5 0.75 0.35234375 0.190625 0.4625
2 0.88515625 0.34609375 0.1796875 0.4859375
69 0.52734375 0.775 0.29375 0.2421875