33 0.1875 0.33359375 0.20625 0.4390625
30 0.33984375 0.3609375 0.2015625 0.4265625
1 0.5328125 0.396875 0.1640625 0.4296875
9 0.65234375 0.41328125 0.1859375 0.440625
7 0.77578125 0.43671875 0.19375 0.4515625
4 0.89765625 0.45 0.1875 0.4546875
98 0.45234375 0.76875 0.2578125 0.24062533 0.1875 0.33359375 0.20625 0.4390625
30 0.33984375 0.3609375 0.2015625 0.4265625
1 0.5328125 0.396875 0.1640625 0.4296875
9 0.65234375 0.41328125 0.1859375 0.440625
7 0.77578125 0.43671875 0.19375 0.4515625
4 0.89765625 0.45 0.1875 0.4546875
98 0.45234375 0.76875 0.2578125 0.24062533 0.1875 0.33359375 0.20625 0.4390625
30 0.33984375 0.3609375 0.2015625 0.4265625
1 0.5328125 0.396875 0.1640625 0.4296875
9 0.65234375 0.41328125 0.1859375 0.440625
7 0.77578125 0.43671875 0.19375 0.4515625
4 0.89765625 0.45 0.1875 0.4546875
98 0.45234375 0.76875 0.2578125 0.240625