11 0.17890625 0.35625 0.15625 0.38359375
10 0.3265625 0.35546875 0.15078125 0.36953125
7 0.53203125 0.34765625 0.12890625 0.38515625
6 0.66171875 0.3453125 0.13359375 0.35546875
1 0.7765625 0.35703125 0.10078125 0.40234375
6 0.8875 0.36328125 0.11328125 0.3875
98 0.48828125 0.759375 0.25703125 0.262511 0.17890625 0.35625 0.15625 0.38359375
10 0.3265625 0.35546875 0.15078125 0.36953125
7 0.53203125 0.34765625 0.12890625 0.38515625
6 0.66171875 0.3453125 0.13359375 0.35546875
1 0.7765625 0.35703125 0.10078125 0.40234375
6 0.8875 0.36328125 0.11328125 0.3875
98 0.48828125 0.759375 0.25703125 0.262511 0.17890625 0.35625 0.15625 0.38359375
10 0.3265625 0.35546875 0.15078125 0.36953125
7 0.53203125 0.34765625 0.12890625 0.38515625
6 0.66171875 0.3453125 0.13359375 0.35546875
1 0.7765625 0.35703125 0.10078125 0.40234375
6 0.8875 0.36328125 0.11328125 0.3875
98 0.48828125 0.759375 0.25703125 0.2625