11 0.18671875 0.33984375 0.1765625 0.390625
10 0.334375 0.346875 0.1703125 0.3765625
7 0.53984375 0.34921875 0.1484375 0.390625
6 0.66953125 0.35390625 0.1515625 0.3625
1 0.78359375 0.371875 0.121875 0.4078125
6 0.89375 0.38359375 0.1328125 0.3921875
98 0.475 0.75859375 0.2703125 0.27511 0.18671875 0.33984375 0.1765625 0.390625
10 0.334375 0.346875 0.1703125 0.3765625
7 0.53984375 0.34921875 0.1484375 0.390625
6 0.66953125 0.35390625 0.1515625 0.3625
1 0.78359375 0.371875 0.121875 0.4078125
6 0.89375 0.38359375 0.1328125 0.3921875
98 0.475 0.75859375 0.2703125 0.27511 0.18671875 0.33984375 0.1765625 0.390625
10 0.334375 0.346875 0.1703125 0.3765625
7 0.53984375 0.34921875 0.1484375 0.390625
6 0.66953125 0.35390625 0.1515625 0.3625
1 0.78359375 0.371875 0.121875 0.4078125
6 0.89375 0.38359375 0.1328125 0.3921875
98 0.475 0.75859375 0.2703125 0.275