33 0.17421875 0.36171875 0.1703125 0.4296875
30 0.328125 0.375 0.1671875 0.4171875
1 0.5234375 0.39375 0.128125 0.4234375
9 0.64453125 0.40078125 0.15 0.4328125
7 0.76875 0.41328125 0.15625 0.44375
4 0.89140625 0.415625 0.15 0.446875
98 0.47578125 0.771875 0.240625 0.22187533 0.17421875 0.36171875 0.1703125 0.4296875
30 0.328125 0.375 0.1671875 0.4171875
1 0.5234375 0.39375 0.128125 0.4234375
9 0.64453125 0.40078125 0.15 0.4328125
7 0.76875 0.41328125 0.15625 0.44375
4 0.89140625 0.415625 0.15 0.446875
98 0.47578125 0.771875 0.240625 0.22187533 0.17421875 0.36171875 0.1703125 0.4296875
30 0.328125 0.375 0.1671875 0.4171875
1 0.5234375 0.39375 0.128125 0.4234375
9 0.64453125 0.40078125 0.15 0.4328125
7 0.76875 0.41328125 0.15625 0.44375
4 0.89140625 0.415625 0.15 0.446875
98 0.47578125 0.771875 0.240625 0.221875