33 0.159375 0.40234375 0.178125 0.43125
30 0.3140625 0.396875 0.175 0.41875
1 0.51015625 0.3921875 0.1359375 0.425
9 0.63125 0.38359375 0.1578125 0.4359375
7 0.75625 0.38125 0.1640625 0.4453125
4 0.878125 0.36875 0.1578125 0.4484375
98 0.50859375 0.77265625 0.2453125 0.22533 0.159375 0.40234375 0.178125 0.43125
30 0.3140625 0.396875 0.175 0.41875
1 0.51015625 0.3921875 0.1359375 0.425
9 0.63125 0.38359375 0.1578125 0.4359375
7 0.75625 0.38125 0.1640625 0.4453125
4 0.878125 0.36875 0.1578125 0.4484375
98 0.50859375 0.77265625 0.2453125 0.22533 0.159375 0.40234375 0.178125 0.43125
30 0.3140625 0.396875 0.175 0.41875
1 0.51015625 0.3921875 0.1359375 0.425
9 0.63125 0.38359375 0.1578125 0.4359375
7 0.75625 0.38125 0.1640625 0.4453125
4 0.878125 0.36875 0.1578125 0.4484375
98 0.50859375 0.77265625 0.2453125 0.225