11 0.16015625 0.40859375 0.2140625 0.403125
10 0.30625 0.384375 0.20625 0.3890625
7 0.5078125 0.34453125 0.1875 0.4
6 0.63515625 0.321875 0.1875 0.371875
1 0.75078125 0.315625 0.1625 0.4125
6 0.86171875 0.3046875 0.171875 0.4
98 0.52890625 0.7578125 0.2953125 0.311 0.16015625 0.40859375 0.2140625 0.403125
10 0.30625 0.384375 0.20625 0.3890625
7 0.5078125 0.34453125 0.1875 0.4
6 0.63515625 0.321875 0.1875 0.371875
1 0.75078125 0.315625 0.1625 0.4125
6 0.86171875 0.3046875 0.171875 0.4
98 0.52890625 0.7578125 0.2953125 0.311 0.16015625 0.40859375 0.2140625 0.403125
10 0.30625 0.384375 0.20625 0.3890625
7 0.5078125 0.34453125 0.1875 0.4
6 0.63515625 0.321875 0.1875 0.371875
1 0.75078125 0.315625 0.1625 0.4125
6 0.86171875 0.3046875 0.171875 0.4
98 0.52890625 0.7578125 0.2953125 0.3