26 0.1578125 0.34921875 0.1875 0.34921875
11 0.3125 0.35625 0.16171875 0.35546875
1 0.5203125 0.3625 0.0953125 0.36953125
9 0.64296875 0.37265625 0.1265625 0.34765625
7 0.7546875 0.36328125 0.11796875 0.35078125
5 0.88046875 0.36953125 0.13671875 0.36640625
98 0.49453125 0.72734375 0.2640625 0.2445312526 0.1578125 0.34921875 0.1875 0.34921875
11 0.3125 0.35625 0.16171875 0.35546875
1 0.5203125 0.3625 0.0953125 0.36953125
9 0.64296875 0.37265625 0.1265625 0.34765625
7 0.7546875 0.36328125 0.11796875 0.35078125
5 0.88046875 0.36953125 0.13671875 0.36640625
98 0.49453125 0.72734375 0.2640625 0.2445312526 0.1578125 0.34921875 0.1875 0.34921875
11 0.3125 0.35625 0.16171875 0.35546875
1 0.5203125 0.3625 0.0953125 0.36953125
9 0.64296875 0.37265625 0.1265625 0.34765625
7 0.7546875 0.36328125 0.11796875 0.35078125
5 0.88046875 0.36953125 0.13671875 0.36640625
98 0.49453125 0.72734375 0.2640625 0.24453125