14 0.20703125 0.384375 0.240625 0.2921875
42 0.3390625 0.409375 0.25625 0.2921875
1 0.521875 0.44140625 0.215625 0.2890625
9 0.628125 0.46640625 0.2140625 0.2875
8 0.74375 0.48828125 0.2140625 0.2890625
5 0.8546875 0.5078125 0.246875 0.2828125
61 0.565625 0.68203125 0.425 0.22187514 0.20703125 0.384375 0.240625 0.2921875
42 0.3390625 0.409375 0.25625 0.2921875
1 0.521875 0.44140625 0.215625 0.2890625
9 0.628125 0.46640625 0.2140625 0.2875
8 0.74375 0.48828125 0.2140625 0.2890625
5 0.8546875 0.5078125 0.246875 0.2828125
61 0.565625 0.68203125 0.425 0.22187514 0.20703125 0.384375 0.240625 0.2921875
42 0.3390625 0.409375 0.25625 0.2921875
1 0.521875 0.44140625 0.215625 0.2890625
9 0.628125 0.46640625 0.2140625 0.2875
8 0.74375 0.48828125 0.2140625 0.2890625
5 0.8546875 0.5078125 0.246875 0.2828125
61 0.565625 0.68203125 0.425 0.221875