14 0.18515625 0.4859375 0.2359375 0.290625
42 0.31875 0.4671875 0.253125 0.2890625
1 0.5015625 0.4375 0.2109375 0.2859375
9 0.61015625 0.4265625 0.2109375 0.2859375
8 0.7265625 0.409375 0.209375 0.2875
5 0.83828125 0.3921875 0.24375 0.2796875
61 0.62109375 0.65078125 0.4234375 0.21562514 0.18515625 0.4859375 0.2359375 0.290625
42 0.31875 0.4671875 0.253125 0.2890625
1 0.5015625 0.4375 0.2109375 0.2859375
9 0.61015625 0.4265625 0.2109375 0.2859375
8 0.7265625 0.409375 0.209375 0.2875
5 0.83828125 0.3921875 0.24375 0.2796875
61 0.62109375 0.65078125 0.4234375 0.21562514 0.18515625 0.4859375 0.2359375 0.290625
42 0.31875 0.4671875 0.253125 0.2890625
1 0.5015625 0.4375 0.2109375 0.2859375
9 0.61015625 0.4265625 0.2109375 0.2859375
8 0.7265625 0.409375 0.209375 0.2875
5 0.83828125 0.3921875 0.24375 0.2796875
61 0.62109375 0.65078125 0.4234375 0.215625