14 0.2015625 0.39921875 0.228125 0.284375
42 0.334375 0.41796875 0.2453125 0.2828125
1 0.51953125 0.43984375 0.203125 0.28125
9 0.6265625 0.459375 0.203125 0.28125
8 0.74296875 0.47578125 0.2015625 0.2828125
5 0.8546875 0.4890625 0.2359375 0.2734375
61 0.575 0.678125 0.4203125 0.20312514 0.2015625 0.39921875 0.228125 0.284375
42 0.334375 0.41796875 0.2453125 0.2828125
1 0.51953125 0.43984375 0.203125 0.28125
9 0.6265625 0.459375 0.203125 0.28125
8 0.74296875 0.47578125 0.2015625 0.2828125
5 0.8546875 0.4890625 0.2359375 0.2734375
61 0.575 0.678125 0.4203125 0.20312514 0.2015625 0.39921875 0.228125 0.284375
42 0.334375 0.41796875 0.2453125 0.2828125
1 0.51953125 0.43984375 0.203125 0.28125
9 0.6265625 0.459375 0.203125 0.28125
8 0.74296875 0.47578125 0.2015625 0.2828125
5 0.8546875 0.4890625 0.2359375 0.2734375
61 0.575 0.678125 0.4203125 0.203125