17 0.17421875 0.4 0.1625 0.4234375
34 0.3140625 0.3984375 0.165625 0.4015625
1 0.4890625 0.39609375 0.1203125 0.4140625
9 0.60703125 0.3875 0.1546875 0.40625
8 0.72421875 0.3828125 0.1390625 0.403125
5 0.84921875 0.375 0.1375 0.415625
54 0.51171875 0.775 0.64375 0.201562517 0.17421875 0.4 0.1625 0.4234375
34 0.3140625 0.3984375 0.165625 0.4015625
1 0.4890625 0.39609375 0.1203125 0.4140625
9 0.60703125 0.3875 0.1546875 0.40625
8 0.72421875 0.3828125 0.1390625 0.403125
5 0.84921875 0.375 0.1375 0.415625
54 0.51171875 0.775 0.64375 0.201562517 0.17421875 0.4 0.1625 0.4234375
34 0.3140625 0.3984375 0.165625 0.4015625
1 0.4890625 0.39609375 0.1203125 0.4140625
9 0.60703125 0.3875 0.1546875 0.40625
8 0.72421875 0.3828125 0.1390625 0.403125
5 0.84921875 0.375 0.1375 0.415625
54 0.51171875 0.775 0.64375 0.2015625