17 0.1859375 0.36640625 0.1625 0.4234375
34 0.32578125 0.3796875 0.165625 0.4015625
1 0.5 0.3953125 0.1203125 0.4140625
9 0.61796875 0.39921875 0.1546875 0.40625
8 0.73515625 0.40703125 0.1390625 0.403125
5 0.86015625 0.4125 0.1375 0.415625
54 0.48359375 0.77421875 0.64375 0.201562517 0.1859375 0.36640625 0.1625 0.4234375
34 0.32578125 0.3796875 0.165625 0.4015625
1 0.5 0.3953125 0.1203125 0.4140625
9 0.61796875 0.39921875 0.1546875 0.40625
8 0.73515625 0.40703125 0.1390625 0.403125
5 0.86015625 0.4125 0.1375 0.415625
54 0.48359375 0.77421875 0.64375 0.201562517 0.1859375 0.36640625 0.1625 0.4234375
34 0.32578125 0.3796875 0.165625 0.4015625
1 0.5 0.3953125 0.1203125 0.4140625
9 0.61796875 0.39921875 0.1546875 0.40625
8 0.73515625 0.40703125 0.1390625 0.403125
5 0.86015625 0.4125 0.1375 0.415625
54 0.48359375 0.77421875 0.64375 0.2015625