17 0.1796875 0.3828125 0.140625 0.41640625
34 0.31953125 0.3890625 0.14453125 0.39453125
1 0.49453125 0.3953125 0.09921875 0.41015625
9 0.6125 0.39296875 0.13359375 0.39921875
8 0.7296875 0.39453125 0.11796875 0.39765625
5 0.85546875 0.39375 0.11640625 0.409375
54 0.49765625 0.775 0.63515625 0.1687517 0.1796875 0.3828125 0.140625 0.41640625
34 0.31953125 0.3890625 0.14453125 0.39453125
1 0.49453125 0.3953125 0.09921875 0.41015625
9 0.6125 0.39296875 0.13359375 0.39921875
8 0.7296875 0.39453125 0.11796875 0.39765625
5 0.85546875 0.39375 0.11640625 0.409375
54 0.49765625 0.775 0.63515625 0.1687517 0.1796875 0.3828125 0.140625 0.41640625
34 0.31953125 0.3890625 0.14453125 0.39453125
1 0.49453125 0.3953125 0.09921875 0.41015625
9 0.6125 0.39296875 0.13359375 0.39921875
8 0.7296875 0.39453125 0.11796875 0.39765625
5 0.85546875 0.39375 0.11640625 0.409375
54 0.49765625 0.775 0.63515625 0.16875