14 0.19140625 0.43671875 0.196875 0.2625
42 0.32578125 0.4390625 0.215625 0.259375
1 0.51171875 0.43828125 0.171875 0.2625
9 0.6203125 0.44453125 0.171875 0.2625
8 0.73828125 0.44609375 0.1703125 0.2640625
5 0.85078125 0.44609375 0.20625 0.25
61 0.59609375 0.66796875 0.4046875 0.154687514 0.19140625 0.43671875 0.196875 0.2625
42 0.32578125 0.4390625 0.215625 0.259375
1 0.51171875 0.43828125 0.171875 0.2625
9 0.6203125 0.44453125 0.171875 0.2625
8 0.73828125 0.44609375 0.1703125 0.2640625
5 0.85078125 0.44609375 0.20625 0.25
61 0.59609375 0.66796875 0.4046875 0.154687514 0.19140625 0.43671875 0.196875 0.2625
42 0.32578125 0.4390625 0.215625 0.259375
1 0.51171875 0.43828125 0.171875 0.2625
9 0.6203125 0.44453125 0.171875 0.2625
8 0.73828125 0.44609375 0.1703125 0.2640625
5 0.85078125 0.44609375 0.20625 0.25
61 0.59609375 0.66796875 0.4046875 0.1546875