10 0.18671875 0.37421875 0.16875 0.3984375
14 0.334375 0.37421875 0.146875 0.390625
1 0.540625 0.3734375 0.11875 0.409375
9 0.6515625 0.37109375 0.134375 0.384375
9 0.76953125 0.38125 0.1375 0.3859375
0 0.890625 0.3640625 0.11875 0.375
90 0.48984375 0.74140625 0.284375 0.232812510 0.18671875 0.37421875 0.16875 0.3984375
14 0.334375 0.37421875 0.146875 0.390625
1 0.540625 0.3734375 0.11875 0.409375
9 0.6515625 0.37109375 0.134375 0.384375
9 0.76953125 0.38125 0.1375 0.3859375
0 0.890625 0.3640625 0.11875 0.375
90 0.48984375 0.74140625 0.284375 0.232812510 0.18671875 0.37421875 0.16875 0.3984375
14 0.334375 0.37421875 0.146875 0.390625
1 0.540625 0.3734375 0.11875 0.409375
9 0.6515625 0.37109375 0.134375 0.384375
9 0.76953125 0.38125 0.1375 0.3859375
0 0.890625 0.3640625 0.11875 0.375
90 0.48984375 0.74140625 0.284375 0.2328125