25 0.353125 0.37578125 0.1734375 0.28125
25 0.4859375 0.378125 0.1640625 0.2671875
1 0.66875 0.37265625 0.1078125 0.2640625
9 0.75234375 0.36484375 0.11875 0.2640625
9 0.85078125 0.3640625 0.1390625 0.25
7 0.94296875 0.36640625 0.1140625 0.2734375
54 0.5609375 0.64921875 0.6109375 0.19062525 0.353125 0.37578125 0.1734375 0.28125
25 0.4859375 0.378125 0.1640625 0.2671875
1 0.66875 0.37265625 0.1078125 0.2640625
9 0.75234375 0.36484375 0.11875 0.2640625
9 0.85078125 0.3640625 0.1390625 0.25
7 0.94296875 0.36640625 0.1140625 0.2734375
54 0.5609375 0.64921875 0.6109375 0.19062525 0.353125 0.37578125 0.1734375 0.28125
25 0.4859375 0.378125 0.1640625 0.2671875
1 0.66875 0.37265625 0.1078125 0.2640625
9 0.75234375 0.36484375 0.11875 0.2640625
9 0.85078125 0.3640625 0.1390625 0.25
7 0.94296875 0.36640625 0.1140625 0.2734375
54 0.5609375 0.64921875 0.6109375 0.190625