25 0.35546875 0.3734375 0.16796875 0.278125
25 0.48828125 0.378125 0.159375 0.2640625
1 0.67109375 0.37578125 0.10390625 0.2625
9 0.7546875 0.36953125 0.11484375 0.26171875
9 0.853125 0.3703125 0.13515625 0.2484375
7 0.9453125 0.37421875 0.109375 0.27109375
54 0.55859375 0.65 0.6078125 0.1804687525 0.35546875 0.3734375 0.16796875 0.278125
25 0.48828125 0.378125 0.159375 0.2640625
1 0.67109375 0.37578125 0.10390625 0.2625
9 0.7546875 0.36953125 0.11484375 0.26171875
9 0.853125 0.3703125 0.13515625 0.2484375
7 0.9453125 0.37421875 0.109375 0.27109375
54 0.55859375 0.65 0.6078125 0.1804687525 0.35546875 0.3734375 0.16796875 0.278125
25 0.48828125 0.378125 0.159375 0.2640625
1 0.67109375 0.37578125 0.10390625 0.2625
9 0.7546875 0.36953125 0.11484375 0.26171875
9 0.853125 0.3703125 0.13515625 0.2484375
7 0.9453125 0.37421875 0.109375 0.27109375
54 0.55859375 0.65 0.6078125 0.18046875