10 0.184375 0.3796875 0.16171875 0.39609375
14 0.33203125 0.37734375 0.140625 0.3875
1 0.53828125 0.37265625 0.1109375 0.4078125
9 0.64921875 0.36875 0.128125 0.38203125
9 0.7671875 0.3765625 0.13046875 0.38359375
0 0.88828125 0.35703125 0.1125 0.3734375
90 0.49375 0.74140625 0.2796875 0.2273437510 0.184375 0.3796875 0.16171875 0.39609375
14 0.33203125 0.37734375 0.140625 0.3875
1 0.53828125 0.37265625 0.1109375 0.4078125
9 0.64921875 0.36875 0.128125 0.38203125
9 0.7671875 0.3765625 0.13046875 0.38359375
0 0.88828125 0.35703125 0.1125 0.3734375
90 0.49375 0.74140625 0.2796875 0.2273437510 0.184375 0.3796875 0.16171875 0.39609375
14 0.33203125 0.37734375 0.140625 0.3875
1 0.53828125 0.37265625 0.1109375 0.4078125
9 0.64921875 0.36875 0.128125 0.38203125
9 0.7671875 0.3765625 0.13046875 0.38359375
0 0.88828125 0.35703125 0.1125 0.3734375
90 0.49375 0.74140625 0.2796875 0.22734375