35 0.2234375 0.27578125 0.2109375 0.3875
45 0.3671875 0.31484375 0.2078125 0.3859375
1 0.5734375 0.34140625 0.1390625 0.353125
9 0.6703125 0.3609375 0.18125 0.353125
9 0.78515625 0.38359375 0.1796875 0.3671875
4 0.8984375 0.4046875 0.1546875 0.3640625
63 0.4609375 0.69296875 0.309375 0.29687535 0.2234375 0.27578125 0.2109375 0.3875
45 0.3671875 0.31484375 0.2078125 0.3859375
1 0.5734375 0.34140625 0.1390625 0.353125
9 0.6703125 0.3609375 0.18125 0.353125
9 0.78515625 0.38359375 0.1796875 0.3671875
4 0.8984375 0.4046875 0.1546875 0.3640625
63 0.4609375 0.69296875 0.309375 0.29687535 0.2234375 0.27578125 0.2109375 0.3875
45 0.3671875 0.31484375 0.2078125 0.3859375
1 0.5734375 0.34140625 0.1390625 0.353125
9 0.6703125 0.3609375 0.18125 0.353125
9 0.78515625 0.38359375 0.1796875 0.3671875
4 0.8984375 0.4046875 0.1546875 0.3640625
63 0.4609375 0.69296875 0.309375 0.296875