50 0.23515625 0.3578125 0.2125 0.35625
23 0.38671875 0.3921875 0.190625 0.3765625
1 0.5921875 0.40078125 0.1359375 0.325
9 0.69140625 0.40625 0.1390625 0.3171875
9 0.7984375 0.4234375 0.1359375 0.3171875
6 0.9109375 0.434375 0.1515625 0.309375
54 0.44296875 0.70390625 0.6859375 0.210937550 0.23515625 0.3578125 0.2125 0.35625
23 0.38671875 0.3921875 0.190625 0.3765625
1 0.5921875 0.40078125 0.1359375 0.325
9 0.69140625 0.40625 0.1390625 0.3171875
9 0.7984375 0.4234375 0.1359375 0.3171875
6 0.9109375 0.434375 0.1515625 0.309375
54 0.44296875 0.70390625 0.6859375 0.210937550 0.23515625 0.3578125 0.2125 0.35625
23 0.38671875 0.3921875 0.190625 0.3765625
1 0.5921875 0.40078125 0.1359375 0.325
9 0.69140625 0.40625 0.1390625 0.3171875
9 0.7984375 0.4234375 0.1359375 0.3171875
6 0.9109375 0.434375 0.1515625 0.309375
54 0.44296875 0.70390625 0.6859375 0.2109375