10 0.175 0.4078125 0.1953125 0.409375
14 0.321875 0.3921875 0.1734375 0.3984375
1 0.52734375 0.36953125 0.1453125 0.415625
9 0.6375 0.35625 0.1609375 0.3921875
9 0.75546875 0.35390625 0.1640625 0.39375
0 0.87421875 0.3234375 0.1453125 0.38125
90 0.51484375 0.74140625 0.2984375 0.251562510 0.175 0.4078125 0.1953125 0.409375
14 0.321875 0.3921875 0.1734375 0.3984375
1 0.52734375 0.36953125 0.1453125 0.415625
9 0.6375 0.35625 0.1609375 0.3921875
9 0.75546875 0.35390625 0.1640625 0.39375
0 0.87421875 0.3234375 0.1453125 0.38125
90 0.51484375 0.74140625 0.2984375 0.251562510 0.175 0.4078125 0.1953125 0.409375
14 0.321875 0.3921875 0.1734375 0.3984375
1 0.52734375 0.36953125 0.1453125 0.415625
9 0.6375 0.35625 0.1609375 0.3921875
9 0.75546875 0.35390625 0.1640625 0.39375
0 0.87421875 0.3234375 0.1453125 0.38125
90 0.51484375 0.74140625 0.2984375 0.2515625