35 0.18828125 0.32734375 0.1609375 0.3703125
45 0.33671875 0.34140625 0.159375 0.36875
1 0.54453125 0.33125 0.0921875 0.3453125
9 0.64296875 0.33359375 0.1359375 0.3390625
9 0.76015625 0.3359375 0.1328125 0.3546875
4 0.87578125 0.3375 0.10625 0.3546875
63 0.49453125 0.696875 0.2765625 0.262535 0.18828125 0.32734375 0.1609375 0.3703125
45 0.33671875 0.34140625 0.159375 0.36875
1 0.54453125 0.33125 0.0921875 0.3453125
9 0.64296875 0.33359375 0.1359375 0.3390625
9 0.76015625 0.3359375 0.1328125 0.3546875
4 0.87578125 0.3375 0.10625 0.3546875
63 0.49453125 0.696875 0.2765625 0.262535 0.18828125 0.32734375 0.1609375 0.3703125
45 0.33671875 0.34140625 0.159375 0.36875
1 0.54453125 0.33125 0.0921875 0.3453125
9 0.64296875 0.33359375 0.1359375 0.3390625
9 0.76015625 0.3359375 0.1328125 0.3546875
4 0.87578125 0.3375 0.10625 0.3546875
63 0.49453125 0.696875 0.2765625 0.2625