50 0.2296875 0.3671875 0.2015625 0.3515625
23 0.38359375 0.39609375 0.178125 0.371875
1 0.58828125 0.39765625 0.1265625 0.321875
9 0.68828125 0.39921875 0.128125 0.3140625
9 0.7953125 0.41328125 0.125 0.3140625
6 0.90859375 0.41953125 0.1421875 0.30625
54 0.45 0.70546875 0.6828125 0.187550 0.2296875 0.3671875 0.2015625 0.3515625
23 0.38359375 0.39609375 0.178125 0.371875
1 0.58828125 0.39765625 0.1265625 0.321875
9 0.68828125 0.39921875 0.128125 0.3140625
9 0.7953125 0.41328125 0.125 0.3140625
6 0.90859375 0.41953125 0.1421875 0.30625
54 0.45 0.70546875 0.6828125 0.187550 0.2296875 0.3671875 0.2015625 0.3515625
23 0.38359375 0.39609375 0.178125 0.371875
1 0.58828125 0.39765625 0.1265625 0.321875
9 0.68828125 0.39921875 0.128125 0.3140625
9 0.7953125 0.41328125 0.125 0.3140625
6 0.90859375 0.41953125 0.1421875 0.30625
54 0.45 0.70546875 0.6828125 0.1875