50 0.2234375 0.38125 0.184375 0.3421875
23 0.378125 0.40234375 0.159375 0.3625
1 0.5828125 0.39296875 0.109375 0.315625
9 0.6828125 0.38984375 0.1125 0.309375
9 0.790625 0.39765625 0.109375 0.309375
6 0.90390625 0.3984375 0.1265625 0.3
54 0.4609375 0.7078125 0.675 0.15312550 0.2234375 0.38125 0.184375 0.3421875
23 0.378125 0.40234375 0.159375 0.3625
1 0.5828125 0.39296875 0.109375 0.315625
9 0.6828125 0.38984375 0.1125 0.309375
9 0.790625 0.39765625 0.109375 0.309375
6 0.90390625 0.3984375 0.1265625 0.3
54 0.4609375 0.7078125 0.675 0.15312550 0.2234375 0.38125 0.184375 0.3421875
23 0.378125 0.40234375 0.159375 0.3625
1 0.5828125 0.39296875 0.109375 0.315625
9 0.6828125 0.38984375 0.1125 0.309375
9 0.790625 0.39765625 0.109375 0.309375
6 0.90390625 0.3984375 0.1265625 0.3
54 0.4609375 0.7078125 0.675 0.153125