25 0.36015625 0.36875 0.178125 0.284375
25 0.4921875 0.378125 0.16875 0.26875
1 0.675 0.38203125 0.1125 0.265625
9 0.759375 0.378125 0.1234375 0.265625
9 0.8578125 0.3828125 0.14375 0.253125
7 0.94453125 0.3890625 0.1109375 0.275
54 0.553125 0.65234375 0.6140625 0.201562525 0.36015625 0.36875 0.178125 0.284375
25 0.4921875 0.378125 0.16875 0.26875
1 0.675 0.38203125 0.1125 0.265625
9 0.759375 0.378125 0.1234375 0.265625
9 0.8578125 0.3828125 0.14375 0.253125
7 0.94453125 0.3890625 0.1109375 0.275
54 0.553125 0.65234375 0.6140625 0.201562525 0.36015625 0.36875 0.178125 0.284375
25 0.4921875 0.378125 0.16875 0.26875
1 0.675 0.38203125 0.1125 0.265625
9 0.759375 0.378125 0.1234375 0.265625
9 0.8578125 0.3828125 0.14375 0.253125
7 0.94453125 0.3890625 0.1109375 0.275
54 0.553125 0.65234375 0.6140625 0.2015625