35 0.19453125 0.31640625 0.1609375 0.3703125
45 0.34296875 0.33515625 0.159375 0.36875
1 0.55078125 0.3328125 0.0921875 0.3453125
9 0.64921875 0.33828125 0.1359375 0.3390625
9 0.76640625 0.3453125 0.1328125 0.3546875
4 0.88125 0.35 0.10625 0.3546875
63 0.48828125 0.696875 0.2765625 0.262535 0.19453125 0.31640625 0.1609375 0.3703125
45 0.34296875 0.33515625 0.159375 0.36875
1 0.55078125 0.3328125 0.0921875 0.3453125
9 0.64921875 0.33828125 0.1359375 0.3390625
9 0.76640625 0.3453125 0.1328125 0.3546875
4 0.88125 0.35 0.10625 0.3546875
63 0.48828125 0.696875 0.2765625 0.262535 0.19453125 0.31640625 0.1609375 0.3703125
45 0.34296875 0.33515625 0.159375 0.36875
1 0.55078125 0.3328125 0.0921875 0.3453125
9 0.64921875 0.33828125 0.1359375 0.3390625
9 0.76640625 0.3453125 0.1328125 0.3546875
4 0.88125 0.35 0.10625 0.3546875
63 0.48828125 0.696875 0.2765625 0.2625