35 0.1796875 0.34375 0.1796875 0.378125
45 0.32890625 0.35 0.178125 0.3765625
1 0.5359375 0.32890625 0.1109375 0.3484375
9 0.634375 0.32578125 0.153125 0.3453125
9 0.7515625 0.32265625 0.1515625 0.3609375
4 0.8671875 0.31796875 0.125 0.3578125
63 0.50546875 0.696875 0.290625 0.27535 0.1796875 0.34375 0.1796875 0.378125
45 0.32890625 0.35 0.178125 0.3765625
1 0.5359375 0.32890625 0.1109375 0.3484375
9 0.634375 0.32578125 0.153125 0.3453125
9 0.7515625 0.32265625 0.1515625 0.3609375
4 0.8671875 0.31796875 0.125 0.3578125
63 0.50546875 0.696875 0.290625 0.27535 0.1796875 0.34375 0.1796875 0.378125
45 0.32890625 0.35 0.178125 0.3765625
1 0.5359375 0.32890625 0.1109375 0.3484375
9 0.634375 0.32578125 0.153125 0.3453125
9 0.7515625 0.32265625 0.1515625 0.3609375
4 0.8671875 0.31796875 0.125 0.3578125
63 0.50546875 0.696875 0.290625 0.275