13 0.23046875 0.375 0.178125 0.3921875
14 0.38671875 0.38203125 0.171875 0.403125
1 0.68359375 0.37734375 0.1234375 0.371875
9 0.79375 0.36640625 0.14375 0.378125
54 0.54453125 0.77578125 0.715625 0.20937513 0.23046875 0.375 0.178125 0.3921875
14 0.38671875 0.38203125 0.171875 0.403125
1 0.68359375 0.37734375 0.1234375 0.371875
9 0.79375 0.36640625 0.14375 0.378125
54 0.54453125 0.77578125 0.715625 0.20937513 0.23046875 0.375 0.178125 0.3921875
14 0.38671875 0.38203125 0.171875 0.403125
1 0.68359375 0.37734375 0.1234375 0.371875
9 0.79375 0.36640625 0.14375 0.378125
54 0.54453125 0.77578125 0.715625 0.209375