13 0.23046875 0.375 0.17890625 0.3921875
14 0.38671875 0.38203125 0.171875 0.403125
1 0.68359375 0.37734375 0.1234375 0.37109375
9 0.79375 0.36640625 0.14453125 0.378125
54 0.54453125 0.77578125 0.71484375 0.2101562513 0.23046875 0.375 0.17890625 0.3921875
14 0.38671875 0.38203125 0.171875 0.403125
1 0.68359375 0.37734375 0.1234375 0.37109375
9 0.79375 0.36640625 0.14453125 0.378125
54 0.54453125 0.77578125 0.71484375 0.2101562513 0.23046875 0.375 0.17890625 0.3921875
14 0.38671875 0.38203125 0.171875 0.403125
1 0.68359375 0.37734375 0.1234375 0.37109375
9 0.79375 0.36640625 0.14453125 0.378125
54 0.54453125 0.77578125 0.71484375 0.21015625