10 0.1765625 0.36328125 0.1609375 0.3453125
12 0.31875 0.3765625 0.1625 0.3390625
1 0.63203125 0.37421875 0.1296875 0.3515625
9 0.75625 0.37109375 0.165625 0.35
98 0.4890625 0.7390625 0.2515625 0.260937510 0.1765625 0.36328125 0.1609375 0.3453125
12 0.31875 0.3765625 0.1625 0.3390625
1 0.63203125 0.37421875 0.1296875 0.3515625
9 0.75625 0.37109375 0.165625 0.35
98 0.4890625 0.7390625 0.2515625 0.260937510 0.1765625 0.36328125 0.1609375 0.3453125
12 0.31875 0.3765625 0.1625 0.3390625
1 0.63203125 0.37421875 0.1296875 0.3515625
9 0.75625 0.37109375 0.165625 0.35
98 0.4890625 0.7390625 0.2515625 0.2609375