10 0.2515625 0.3515625 0.14453125 0.35078125
39 0.39453125 0.3609375 0.14921875 0.36953125
1 0.68203125 0.35078125 0.10234375 0.3578125
9 0.78515625 0.3453125 0.11328125 0.34921875
98 0.553125 0.703125 0.265625 0.1929687510 0.2515625 0.3515625 0.14453125 0.35078125
39 0.39453125 0.3609375 0.14921875 0.36953125
1 0.68203125 0.35078125 0.10234375 0.3578125
9 0.78515625 0.3453125 0.11328125 0.34921875
98 0.553125 0.703125 0.265625 0.1929687510 0.2515625 0.3515625 0.14453125 0.35078125
39 0.39453125 0.3609375 0.14921875 0.36953125
1 0.68203125 0.35078125 0.10234375 0.3578125
9 0.78515625 0.3453125 0.11328125 0.34921875
98 0.553125 0.703125 0.265625 0.19296875