10 0.17421875 0.36875 0.1546875 0.3421875
12 0.31640625 0.3796875 0.15625 0.33671875
1 0.6296875 0.371875 0.1234375 0.34921875
9 0.75390625 0.36640625 0.159375 0.346875
98 0.49296875 0.7390625 0.246875 0.2570312510 0.17421875 0.36875 0.1546875 0.3421875
12 0.31640625 0.3796875 0.15625 0.33671875
1 0.6296875 0.371875 0.1234375 0.34921875
9 0.75390625 0.36640625 0.159375 0.346875
98 0.49296875 0.7390625 0.246875 0.2570312510 0.17421875 0.36875 0.1546875 0.3421875
12 0.31640625 0.3796875 0.15625 0.33671875
1 0.6296875 0.371875 0.1234375 0.34921875
9 0.75390625 0.36640625 0.159375 0.346875
98 0.49296875 0.7390625 0.246875 0.25703125