10 0.1953125 0.325 0.2015625 0.3609375
12 0.33515625 0.35546875 0.2015625 0.3546875
1 0.64609375 0.39140625 0.1703125 0.3625
9 0.7703125 0.403125 0.20625 0.365625
98 0.46015625 0.7359375 0.2796875 0.289062510 0.1953125 0.325 0.2015625 0.3609375
12 0.33515625 0.35546875 0.2015625 0.3546875
1 0.64609375 0.39140625 0.1703125 0.3625
9 0.7703125 0.403125 0.20625 0.365625
98 0.46015625 0.7359375 0.2796875 0.289062510 0.1953125 0.325 0.2015625 0.3609375
12 0.33515625 0.35546875 0.2015625 0.3546875
1 0.64609375 0.39140625 0.1703125 0.3625
9 0.7703125 0.403125 0.20625 0.365625
98 0.46015625 0.7359375 0.2796875 0.2890625