13 0.228125 0.3796875 0.1859375 0.3953125
14 0.384375 0.384375 0.178125 0.40625
1 0.68125 0.37421875 0.1296875 0.3734375
9 0.79140625 0.3609375 0.1515625 0.38125
54 0.54921875 0.775 0.71875 0.22187513 0.228125 0.3796875 0.1859375 0.3953125
14 0.384375 0.384375 0.178125 0.40625
1 0.68125 0.37421875 0.1296875 0.3734375
9 0.79140625 0.3609375 0.1515625 0.38125
54 0.54921875 0.775 0.71875 0.22187513 0.228125 0.3796875 0.1859375 0.3953125
14 0.384375 0.384375 0.178125 0.40625
1 0.68125 0.37421875 0.1296875 0.3734375
9 0.79140625 0.3609375 0.1515625 0.38125
54 0.54921875 0.775 0.71875 0.221875