13 0.2171875 0.40859375 0.225 0.4109375
14 0.3734375 0.396875 0.2203125 0.4203125
1 0.6671875 0.35625 0.1671875 0.3828125
9 0.775 0.33125 0.1890625 0.3921875
54 0.578125 0.76796875 0.734375 0.295312513 0.2171875 0.40859375 0.225 0.4109375
14 0.3734375 0.396875 0.2203125 0.4203125
1 0.6671875 0.35625 0.1671875 0.3828125
9 0.775 0.33125 0.1890625 0.3921875
54 0.578125 0.76796875 0.734375 0.295312513 0.2171875 0.40859375 0.225 0.4109375
14 0.3734375 0.396875 0.2203125 0.4203125
1 0.6671875 0.35625 0.1671875 0.3828125
9 0.775 0.33125 0.1890625 0.3921875
54 0.578125 0.76796875 0.734375 0.2953125