10 0.246875 0.36015625 0.15625 0.35625
39 0.38984375 0.36484375 0.1625 0.375
1 0.6765625 0.34453125 0.1140625 0.3609375
9 0.7796875 0.33515625 0.125 0.353125
98 0.56015625 0.70078125 0.271875 0.201562510 0.246875 0.36015625 0.15625 0.35625
39 0.38984375 0.36484375 0.1625 0.375
1 0.6765625 0.34453125 0.1140625 0.3609375
9 0.7796875 0.33515625 0.125 0.353125
98 0.56015625 0.70078125 0.271875 0.201562510 0.246875 0.36015625 0.15625 0.35625
39 0.38984375 0.36484375 0.1625 0.375
1 0.6765625 0.34453125 0.1140625 0.3609375
9 0.7796875 0.33515625 0.125 0.353125
98 0.56015625 0.70078125 0.271875 0.2015625