10 0.1796875 0.34375 0.159375 0.3890625
11 0.3296875 0.35234375 0.146875 0.38125
1 0.64296875 0.34921875 0.121875 0.3890625
9 0.7609375 0.35 0.128125 0.3765625
54 0.48203125 0.74609375 0.665625 0.1937510 0.1796875 0.34375 0.159375 0.3890625
11 0.3296875 0.35234375 0.146875 0.38125
1 0.64296875 0.34921875 0.121875 0.3890625
9 0.7609375 0.35 0.128125 0.3765625
54 0.48203125 0.74609375 0.665625 0.1937510 0.1796875 0.34375 0.159375 0.3890625
11 0.3296875 0.35234375 0.146875 0.38125
1 0.64296875 0.34921875 0.121875 0.3890625
9 0.7609375 0.35 0.128125 0.3765625
54 0.48203125 0.74609375 0.665625 0.19375