10 0.16953125 0.38046875 0.1671875 0.346875
12 0.3125 0.3859375 0.1671875 0.3421875
1 0.625 0.3671875 0.1359375 0.353125
9 0.74921875 0.3578125 0.171875 0.3515625
98 0.5015625 0.7390625 0.25625 0.26562510 0.16953125 0.38046875 0.1671875 0.346875
12 0.3125 0.3859375 0.1671875 0.3421875
1 0.625 0.3671875 0.1359375 0.353125
9 0.74921875 0.3578125 0.171875 0.3515625
98 0.5015625 0.7390625 0.25625 0.26562510 0.16953125 0.38046875 0.1671875 0.346875
12 0.3125 0.3859375 0.1671875 0.3421875
1 0.625 0.3671875 0.1359375 0.353125
9 0.74921875 0.3578125 0.171875 0.3515625
98 0.5015625 0.7390625 0.25625 0.265625