10 0.171875 0.3609375 0.1796875 0.396875
11 0.321875 0.36171875 0.1671875 0.3875
1 0.63515625 0.3421875 0.140625 0.3953125
9 0.75234375 0.33671875 0.1484375 0.3828125
54 0.4953125 0.746875 0.675 0.229687510 0.171875 0.3609375 0.1796875 0.396875
11 0.321875 0.36171875 0.1671875 0.3875
1 0.63515625 0.3421875 0.140625 0.3953125
9 0.75234375 0.33671875 0.1484375 0.3828125
54 0.4953125 0.746875 0.675 0.229687510 0.171875 0.3609375 0.1796875 0.396875
11 0.321875 0.36171875 0.1671875 0.3875
1 0.63515625 0.3421875 0.140625 0.3953125
9 0.75234375 0.33671875 0.1484375 0.3828125
54 0.4953125 0.746875 0.675 0.2296875