10 0.19140625 0.321875 0.1875 0.4
11 0.340625 0.340625 0.1734375 0.3890625
1 0.653125 0.359375 0.1484375 0.396875
9 0.77109375 0.36875 0.1546875 0.384375
54 0.46484375 0.74453125 0.678125 0.24062510 0.19140625 0.321875 0.1875 0.4
11 0.340625 0.340625 0.1734375 0.3890625
1 0.653125 0.359375 0.1484375 0.396875
9 0.77109375 0.36875 0.1546875 0.384375
54 0.46484375 0.74453125 0.678125 0.24062510 0.19140625 0.321875 0.1875 0.4
11 0.340625 0.340625 0.1734375 0.3890625
1 0.653125 0.359375 0.1484375 0.396875
9 0.77109375 0.36875 0.1546875 0.384375
54 0.46484375 0.74453125 0.678125 0.240625