10 0.278125 0.31484375 0.196875 0.36875
39 0.41796875 0.34609375 0.2046875 0.3890625
1 0.703125 0.38125 0.1578125 0.36875
9 0.80546875 0.3921875 0.1671875 0.3625
98 0.5203125 0.70859375 0.2921875 0.232812510 0.278125 0.31484375 0.196875 0.36875
39 0.41796875 0.34609375 0.2046875 0.3890625
1 0.703125 0.38125 0.1578125 0.36875
9 0.80546875 0.3921875 0.1671875 0.3625
98 0.5203125 0.70859375 0.2921875 0.232812510 0.278125 0.31484375 0.196875 0.36875
39 0.41796875 0.34609375 0.2046875 0.3890625
1 0.703125 0.38125 0.1578125 0.36875
9 0.80546875 0.3921875 0.1671875 0.3625
98 0.5203125 0.70859375 0.2921875 0.2328125