11 0.30625 0.27734375 0.2046875 0.26875
39 0.4765625 0.2546875 0.1953125 0.2640625
12 0.64921875 0.234375 0.2140625 0.30625
98 0.490625 0.5296875 0.3546875 0.278125
1 0.52421875 0.77265625 0.1875 0.276562511 0.30625 0.27734375 0.2046875 0.26875
39 0.4765625 0.2546875 0.1953125 0.2640625
12 0.64921875 0.234375 0.2140625 0.30625
98 0.490625 0.5296875 0.3546875 0.278125
1 0.52421875 0.77265625 0.1875 0.276562511 0.30625 0.27734375 0.2046875 0.26875
39 0.4765625 0.2546875 0.1953125 0.2640625
12 0.64921875 0.234375 0.2140625 0.30625
98 0.490625 0.5296875 0.3546875 0.278125
1 0.52421875 0.77265625 0.1875 0.2765625