11 0.34765625 0.246875 0.165625 0.24375
39 0.51953125 0.2546875 0.15625 0.240625
12 0.69296875 0.2640625 0.16875 0.28125
98 0.4859375 0.52734375 0.321875 0.225
1 0.4765625 0.77265625 0.146875 0.2562511 0.34765625 0.246875 0.165625 0.24375
39 0.51953125 0.2546875 0.15625 0.240625
12 0.69296875 0.2640625 0.16875 0.28125
98 0.4859375 0.52734375 0.321875 0.225
1 0.4765625 0.77265625 0.146875 0.2562511 0.34765625 0.246875 0.165625 0.24375
39 0.51953125 0.2546875 0.15625 0.240625
12 0.69296875 0.2640625 0.16875 0.28125
98 0.4859375 0.52734375 0.321875 0.225
1 0.4765625 0.77265625 0.146875 0.25625