11 0.3609375 0.2390625 0.178125 0.253125
39 0.53203125 0.25625 0.16875 0.2484375
12 0.7046875 0.27421875 0.1828125 0.2890625
98 0.484375 0.5265625 0.3328125 0.2421875
1 0.4625 0.77109375 0.159375 0.262511 0.3609375 0.2390625 0.178125 0.253125
39 0.53203125 0.25625 0.16875 0.2484375
12 0.7046875 0.27421875 0.1828125 0.2890625
98 0.484375 0.5265625 0.3328125 0.2421875
1 0.4625 0.77109375 0.159375 0.262511 0.3609375 0.2390625 0.178125 0.253125
39 0.53203125 0.25625 0.16875 0.2484375
12 0.7046875 0.27421875 0.1828125 0.2890625
98 0.484375 0.5265625 0.3328125 0.2421875
1 0.4625 0.77109375 0.159375 0.2625