10 0.33515625 0.25078125 0.1953125 0.2453125
32 0.5015625 0.26640625 0.178125 0.2375
39 0.6703125 0.28515625 0.184375 0.25
121 0.50546875 0.50703125 0.309375 0.1796875
1 0.51640625 0.7234375 0.14375 0.24062510 0.33515625 0.25078125 0.1953125 0.2453125
32 0.5015625 0.26640625 0.178125 0.2375
39 0.6703125 0.28515625 0.184375 0.25
121 0.50546875 0.50703125 0.309375 0.1796875
1 0.51640625 0.7234375 0.14375 0.24062510 0.33515625 0.25078125 0.1953125 0.2453125
32 0.5015625 0.26640625 0.178125 0.2375
39 0.6703125 0.28515625 0.184375 0.25
121 0.50546875 0.50703125 0.309375 0.1796875
1 0.51640625 0.7234375 0.14375 0.240625