11 0.321875 0.2640625 0.1890625 0.2609375
39 0.49375 0.25390625 0.1796875 0.2546875
12 0.6671875 0.2453125 0.196875 0.296875
98 0.4890625 0.52890625 0.3421875 0.2578125
1 0.50546875 0.7734375 0.171875 0.2687511 0.321875 0.2640625 0.1890625 0.2609375
39 0.49375 0.25390625 0.1796875 0.2546875
12 0.6671875 0.2453125 0.196875 0.296875
98 0.4890625 0.52890625 0.3421875 0.2578125
1 0.50546875 0.7734375 0.171875 0.2687511 0.321875 0.2640625 0.1890625 0.2609375
39 0.49375 0.25390625 0.1796875 0.2546875
12 0.6671875 0.2453125 0.196875 0.296875
98 0.4890625 0.52890625 0.3421875 0.2578125
1 0.50546875 0.7734375 0.171875 0.26875