10 0.3140625 0.26640625 0.17578125 0.23125
32 0.48125 0.2671875 0.159375 0.22421875
39 0.65078125 0.27109375 0.16484375 0.2359375
121 0.50625 0.50625 0.296875 0.1546875
1 0.5359375 0.72109375 0.1234375 0.2312510 0.3140625 0.26640625 0.17578125 0.23125
32 0.48125 0.2671875 0.159375 0.22421875
39 0.65078125 0.27109375 0.16484375 0.2359375
121 0.50625 0.50625 0.296875 0.1546875
1 0.5359375 0.72109375 0.1234375 0.2312510 0.3140625 0.26640625 0.17578125 0.23125
32 0.48125 0.2671875 0.159375 0.22421875
39 0.65078125 0.27109375 0.16484375 0.2359375
121 0.50625 0.50625 0.296875 0.1546875
1 0.5359375 0.72109375 0.1234375 0.23125