10 0.33984375 0.2484375 0.1984375 0.2484375
32 0.50546875 0.26640625 0.18125 0.2390625
39 0.67421875 0.28828125 0.1890625 0.2515625
121 0.50546875 0.50703125 0.3109375 0.184375
1 0.5125 0.7234375 0.146875 0.242187510 0.33984375 0.2484375 0.1984375 0.2484375
32 0.50546875 0.26640625 0.18125 0.2390625
39 0.67421875 0.28828125 0.1890625 0.2515625
121 0.50546875 0.50703125 0.3109375 0.184375
1 0.5125 0.7234375 0.146875 0.242187510 0.33984375 0.2484375 0.1984375 0.2484375
32 0.50546875 0.26640625 0.18125 0.2390625
39 0.67421875 0.28828125 0.1890625 0.2515625
121 0.50546875 0.50703125 0.3109375 0.184375
1 0.5125 0.7234375 0.146875 0.2421875