10 0.3484375 0.24296875 0.20625 0.253125
32 0.5140625 0.2671875 0.1890625 0.24375
39 0.68125 0.29453125 0.1953125 0.25625
121 0.50546875 0.50703125 0.315625 0.19375
1 0.5046875 0.72421875 0.1546875 0.24687510 0.3484375 0.24296875 0.20625 0.253125
32 0.5140625 0.2671875 0.1890625 0.24375
39 0.68125 0.29453125 0.1953125 0.25625
121 0.50546875 0.50703125 0.315625 0.19375
1 0.5046875 0.72421875 0.1546875 0.24687510 0.3484375 0.24296875 0.20625 0.253125
32 0.5140625 0.2671875 0.1890625 0.24375
39 0.68125 0.29453125 0.1953125 0.25625
121 0.50546875 0.50703125 0.315625 0.19375
1 0.5046875 0.72421875 0.1546875 0.246875