11 0.1609375 0.33671875 0.1546875 0.40078125
10 0.31328125 0.33046875 0.1578125 0.390625
2 0.51015625 0.33203125 0.14765625 0.39375
0 0.63125 0.3296875 0.1265625 0.3890625
0 0.753125 0.32734375 0.125 0.40234375
2 0.88671875 0.33359375 0.14375 0.39765625
98 0.50234375 0.70859375 0.23984375 0.18437511 0.1609375 0.33671875 0.1546875 0.40078125
10 0.31328125 0.33046875 0.1578125 0.390625
2 0.51015625 0.33203125 0.14765625 0.39375
0 0.63125 0.3296875 0.1265625 0.3890625
0 0.753125 0.32734375 0.125 0.40234375
2 0.88671875 0.33359375 0.14375 0.39765625
98 0.50234375 0.70859375 0.23984375 0.18437511 0.1609375 0.33671875 0.1546875 0.40078125
10 0.31328125 0.33046875 0.1578125 0.390625
2 0.51015625 0.33203125 0.14765625 0.39375
0 0.63125 0.3296875 0.1265625 0.3890625
0 0.753125 0.32734375 0.125 0.40234375
2 0.88671875 0.33359375 0.14375 0.39765625
98 0.50234375 0.70859375 0.23984375 0.184375