11 0.15546875 0.3484375 0.16875 0.40625
10 0.3078125 0.33671875 0.171875 0.3953125
2 0.50390625 0.33203125 0.1609375 0.3984375
0 0.625 0.325 0.140625 0.39375
0 0.746875 0.31875 0.1390625 0.40625
2 0.88046875 0.3203125 0.1578125 0.403125
98 0.509375 0.70859375 0.246875 0.192187511 0.15546875 0.3484375 0.16875 0.40625
10 0.3078125 0.33671875 0.171875 0.3953125
2 0.50390625 0.33203125 0.1609375 0.3984375
0 0.625 0.325 0.140625 0.39375
0 0.746875 0.31875 0.1390625 0.40625
2 0.88046875 0.3203125 0.1578125 0.403125
98 0.509375 0.70859375 0.246875 0.192187511 0.15546875 0.3484375 0.16875 0.40625
10 0.3078125 0.33671875 0.171875 0.3953125
2 0.50390625 0.33203125 0.1609375 0.3984375
0 0.625 0.325 0.140625 0.39375
0 0.746875 0.31875 0.1390625 0.40625
2 0.88046875 0.3203125 0.1578125 0.403125
98 0.509375 0.70859375 0.246875 0.1921875