3 0.5875 0.4359375 0.1578125 0.375
15 0.371875 0.44453125 0.19296875 0.36640625
11 0.20234375 0.45703125 0.18359375 0.36796875
6 0.73203125 0.45390625 0.14375 0.38515625
1 0.85703125 0.44765625 0.12890625 0.3753 0.5875 0.4359375 0.1578125 0.375
15 0.371875 0.44453125 0.19296875 0.36640625
11 0.20234375 0.45703125 0.18359375 0.36796875
6 0.73203125 0.45390625 0.14375 0.38515625
1 0.85703125 0.44765625 0.12890625 0.3753 0.5875 0.4359375 0.1578125 0.375
15 0.371875 0.44453125 0.19296875 0.36640625
11 0.20234375 0.45703125 0.18359375 0.36796875
6 0.73203125 0.45390625 0.14375 0.38515625
1 0.85703125 0.44765625 0.12890625 0.375