11 0.18671875 0.29140625 0.209375 0.41875
10 0.3390625 0.30625 0.2109375 0.409375
2 0.53359375 0.33515625 0.2015625 0.4109375
0 0.65390625 0.35 0.1796875 0.403125
0 0.775 0.3640625 0.1796875 0.415625
2 0.903125 0.38828125 0.19375 0.4140625
98 0.4734375 0.70703125 0.2625 0.21562511 0.18671875 0.29140625 0.209375 0.41875
10 0.3390625 0.30625 0.2109375 0.409375
2 0.53359375 0.33515625 0.2015625 0.4109375
0 0.65390625 0.35 0.1796875 0.403125
0 0.775 0.3640625 0.1796875 0.415625
2 0.903125 0.38828125 0.19375 0.4140625
98 0.4734375 0.70703125 0.2625 0.21562511 0.18671875 0.29140625 0.209375 0.41875
10 0.3390625 0.30625 0.2109375 0.409375
2 0.53359375 0.33515625 0.2015625 0.4109375
0 0.65390625 0.35 0.1796875 0.403125
0 0.775 0.3640625 0.1796875 0.415625
2 0.903125 0.38828125 0.19375 0.4140625
98 0.4734375 0.70703125 0.2625 0.215625