11 0.190625 0.2859375 0.215625 0.4203125
10 0.3421875 0.303125 0.2171875 0.4109375
2 0.5359375 0.3359375 0.2078125 0.4125
0 0.65625 0.35234375 0.1859375 0.4046875
0 0.77734375 0.36875 0.1859375 0.4171875
2 0.90234375 0.3953125 0.1953125 0.415625
98 0.46953125 0.70625 0.265625 0.220312511 0.190625 0.2859375 0.215625 0.4203125
10 0.3421875 0.303125 0.2171875 0.4109375
2 0.5359375 0.3359375 0.2078125 0.4125
0 0.65625 0.35234375 0.1859375 0.4046875
0 0.77734375 0.36875 0.1859375 0.4171875
2 0.90234375 0.3953125 0.1953125 0.415625
98 0.46953125 0.70625 0.265625 0.220312511 0.190625 0.2859375 0.215625 0.4203125
10 0.3421875 0.303125 0.2171875 0.4109375
2 0.5359375 0.3359375 0.2078125 0.4125
0 0.65625 0.35234375 0.1859375 0.4046875
0 0.77734375 0.36875 0.1859375 0.4171875
2 0.90234375 0.3953125 0.1953125 0.415625
98 0.46953125 0.70625 0.265625 0.2203125