3 0.57890625 0.42578125 0.2015625 0.3921875
15 0.36640625 0.4609375 0.2359375 0.3875
11 0.19921875 0.49375 0.2265625 0.3875
6 0.725 0.42578125 0.1890625 0.4
1 0.84765625 0.4046875 0.1734375 0.38753 0.57890625 0.42578125 0.2015625 0.3921875
15 0.36640625 0.4609375 0.2359375 0.3875
11 0.19921875 0.49375 0.2265625 0.3875
6 0.725 0.42578125 0.1890625 0.4
1 0.84765625 0.4046875 0.1734375 0.38753 0.57890625 0.42578125 0.2015625 0.3921875
15 0.36640625 0.4609375 0.2359375 0.3875
11 0.19921875 0.49375 0.2265625 0.3875
6 0.725 0.42578125 0.1890625 0.4
1 0.84765625 0.4046875 0.1734375 0.3875