3 0.58671875 0.434375 0.1640625 0.378125
15 0.37109375 0.446875 0.2 0.3703125
11 0.2015625 0.4625 0.190625 0.371875
6 0.73125 0.45 0.15 0.3875
1 0.85625 0.44140625 0.1359375 0.37656253 0.58671875 0.434375 0.1640625 0.378125
15 0.37109375 0.446875 0.2 0.3703125
11 0.2015625 0.4625 0.190625 0.371875
6 0.73125 0.45 0.15 0.3875
1 0.85625 0.44140625 0.1359375 0.37656253 0.58671875 0.434375 0.1640625 0.378125
15 0.37109375 0.446875 0.2 0.3703125
11 0.2015625 0.4625 0.190625 0.371875
6 0.73125 0.45 0.15 0.3875
1 0.85625 0.44140625 0.1359375 0.3765625