11 0.18359375 0.296875 0.203125 0.4171875
10 0.33515625 0.30859375 0.2046875 0.40625
2 0.53046875 0.334375 0.1953125 0.409375
0 0.65078125 0.346875 0.1734375 0.4015625
0 0.77265625 0.359375 0.1734375 0.4140625
2 0.90390625 0.38203125 0.190625 0.4125
98 0.4765625 0.70703125 0.2609375 0.212511 0.18359375 0.296875 0.203125 0.4171875
10 0.33515625 0.30859375 0.2046875 0.40625
2 0.53046875 0.334375 0.1953125 0.409375
0 0.65078125 0.346875 0.1734375 0.4015625
0 0.77265625 0.359375 0.1734375 0.4140625
2 0.90390625 0.38203125 0.190625 0.4125
98 0.4765625 0.70703125 0.2609375 0.212511 0.18359375 0.296875 0.203125 0.4171875
10 0.33515625 0.30859375 0.2046875 0.40625
2 0.53046875 0.334375 0.1953125 0.409375
0 0.65078125 0.346875 0.1734375 0.4015625
0 0.77265625 0.359375 0.1734375 0.4140625
2 0.90390625 0.38203125 0.190625 0.4125
98 0.4765625 0.70703125 0.2609375 0.2125