3 0.5953125 0.4484375 0.2078125 0.39375
15 0.38046875 0.42734375 0.2421875 0.3890625
11 0.2109375 0.41640625 0.2328125 0.390625
6 0.7359375 0.48671875 0.1953125 0.4015625
1 0.8609375 0.49765625 0.1796875 0.38906253 0.5953125 0.4484375 0.2078125 0.39375
15 0.38046875 0.42734375 0.2421875 0.3890625
11 0.2109375 0.41640625 0.2328125 0.390625
6 0.7359375 0.48671875 0.1953125 0.4015625
1 0.8609375 0.49765625 0.1796875 0.38906253 0.5953125 0.4484375 0.2078125 0.39375
15 0.38046875 0.42734375 0.2421875 0.3890625
11 0.2109375 0.41640625 0.2328125 0.390625
6 0.7359375 0.48671875 0.1953125 0.4015625
1 0.8609375 0.49765625 0.1796875 0.3890625