46 0.13828125 0.3890625 0.1875 0.40625
40 0.2921875 0.38671875 0.159375 0.378125
2 0.471875 0.378125 0.1578125 0.38125
0 0.6046875 0.37109375 0.1328125 0.3828125
2 0.71953125 0.3859375 0.13125 0.3921875
6 0.85546875 0.37265625 0.14375 0.3828125
54 0.484375 0.7265625 0.6875 0.22812546 0.13828125 0.3890625 0.1875 0.40625
40 0.2921875 0.38671875 0.159375 0.378125
2 0.471875 0.378125 0.1578125 0.38125
0 0.6046875 0.37109375 0.1328125 0.3828125
2 0.71953125 0.3859375 0.13125 0.3921875
6 0.85546875 0.37265625 0.14375 0.3828125
54 0.484375 0.7265625 0.6875 0.22812546 0.13828125 0.3890625 0.1875 0.40625
40 0.2921875 0.38671875 0.159375 0.378125
2 0.471875 0.378125 0.1578125 0.38125
0 0.6046875 0.37109375 0.1328125 0.3828125
2 0.71953125 0.3859375 0.13125 0.3921875
6 0.85546875 0.37265625 0.14375 0.3828125
54 0.484375 0.7265625 0.6875 0.228125