20 0.15 0.41484375 0.2484375 0.4828125
47 0.321875 0.38125 0.25 0.4515625
2 0.57421875 0.3421875 0.2140625 0.4296875
0 0.7 0.33046875 0.1890625 0.43125
2 0.82890625 0.30625 0.2 0.421875
54 0.559375 0.76953125 0.725 0.320312520 0.15 0.41484375 0.2484375 0.4828125
47 0.321875 0.38125 0.25 0.4515625
2 0.57421875 0.3421875 0.2140625 0.4296875
0 0.7 0.33046875 0.1890625 0.43125
2 0.82890625 0.30625 0.2 0.421875
54 0.559375 0.76953125 0.725 0.320312520 0.15 0.41484375 0.2484375 0.4828125
47 0.321875 0.38125 0.25 0.4515625
2 0.57421875 0.3421875 0.2140625 0.4296875
0 0.7 0.33046875 0.1890625 0.43125
2 0.82890625 0.30625 0.2 0.421875
54 0.559375 0.76953125 0.725 0.3203125