46 0.1296875 0.42109375 0.2203125 0.41875
40 0.2828125 0.40546875 0.190625 0.3890625
2 0.4609375 0.38125 0.1890625 0.390625
0 0.59296875 0.3625 0.1640625 0.390625
2 0.70859375 0.3671875 0.1640625 0.4
6 0.84296875 0.3421875 0.175 0.390625
54 0.50390625 0.72734375 0.7 0.285937546 0.1296875 0.42109375 0.2203125 0.41875
40 0.2828125 0.40546875 0.190625 0.3890625
2 0.4609375 0.38125 0.1890625 0.390625
0 0.59296875 0.3625 0.1640625 0.390625
2 0.70859375 0.3671875 0.1640625 0.4
6 0.84296875 0.3421875 0.175 0.390625
54 0.50390625 0.72734375 0.7 0.285937546 0.1296875 0.42109375 0.2203125 0.41875
40 0.2828125 0.40546875 0.190625 0.3890625
2 0.4609375 0.38125 0.1890625 0.390625
0 0.59296875 0.3625 0.1640625 0.390625
2 0.70859375 0.3671875 0.1640625 0.4
6 0.84296875 0.3421875 0.175 0.390625
54 0.50390625 0.72734375 0.7 0.2859375