20 0.17578125 0.34375 0.203125 0.46875
47 0.35078125 0.346875 0.2078125 0.4359375
2 0.60546875 0.3609375 0.171875 0.41875
0 0.73125 0.37578125 0.146875 0.421875
2 0.8625 0.37890625 0.159375 0.4109375
54 0.5015625 0.7765625 0.7109375 0.2520 0.17578125 0.34375 0.203125 0.46875
47 0.35078125 0.346875 0.2078125 0.4359375
2 0.60546875 0.3609375 0.171875 0.41875
0 0.73125 0.37578125 0.146875 0.421875
2 0.8625 0.37890625 0.159375 0.4109375
54 0.5015625 0.7765625 0.7109375 0.2520 0.17578125 0.34375 0.203125 0.46875
47 0.35078125 0.346875 0.2078125 0.4359375
2 0.60546875 0.3609375 0.171875 0.41875
0 0.73125 0.37578125 0.146875 0.421875
2 0.8625 0.37890625 0.159375 0.4109375
54 0.5015625 0.7765625 0.7109375 0.25