46 0.1421875 0.3765625 0.1734375 0.40078125
40 0.29609375 0.3796875 0.14609375 0.3734375
2 0.47578125 0.37734375 0.14453125 0.3765625
0 0.609375 0.375 0.11953125 0.378125
2 0.7234375 0.39375 0.11796875 0.3890625
6 0.859375 0.38515625 0.13046875 0.378125
54 0.4765625 0.72578125 0.68046875 0.204687546 0.1421875 0.3765625 0.1734375 0.40078125
40 0.29609375 0.3796875 0.14609375 0.3734375
2 0.47578125 0.37734375 0.14453125 0.3765625
0 0.609375 0.375 0.11953125 0.378125
2 0.7234375 0.39375 0.11796875 0.3890625
6 0.859375 0.38515625 0.13046875 0.378125
54 0.4765625 0.72578125 0.68046875 0.204687546 0.1421875 0.3765625 0.1734375 0.40078125
40 0.29609375 0.3796875 0.14609375 0.3734375
2 0.47578125 0.37734375 0.14453125 0.3765625
0 0.609375 0.375 0.11953125 0.378125
2 0.7234375 0.39375 0.11796875 0.3890625
6 0.859375 0.38515625 0.13046875 0.378125
54 0.4765625 0.72578125 0.68046875 0.2046875