20 0.190625 0.31640625 0.240625 0.48125
47 0.36484375 0.334375 0.24375 0.4484375
2 0.6171875 0.3703125 0.20625 0.428125
0 0.740625 0.396875 0.18125 0.4296875
2 0.87109375 0.4109375 0.19375 0.4203125
54 0.478125 0.775 0.7234375 0.30937520 0.190625 0.31640625 0.240625 0.48125
47 0.36484375 0.334375 0.24375 0.4484375
2 0.6171875 0.3703125 0.20625 0.428125
0 0.740625 0.396875 0.18125 0.4296875
2 0.87109375 0.4109375 0.19375 0.4203125
54 0.478125 0.775 0.7234375 0.30937520 0.190625 0.31640625 0.240625 0.48125
47 0.36484375 0.334375 0.24375 0.4484375
2 0.6171875 0.3703125 0.20625 0.428125
0 0.740625 0.396875 0.18125 0.4296875
2 0.87109375 0.4109375 0.19375 0.4203125
54 0.478125 0.775 0.7234375 0.309375