20 0.178125 0.33828125 0.2109375 0.471875
47 0.353125 0.34375 0.215625 0.4390625
2 0.6078125 0.3625 0.1796875 0.421875
0 0.7328125 0.3796875 0.153125 0.4234375
2 0.8640625 0.38515625 0.1671875 0.4140625
54 0.496875 0.7765625 0.7125 0.260937520 0.178125 0.33828125 0.2109375 0.471875
47 0.353125 0.34375 0.215625 0.4390625
2 0.6078125 0.3625 0.1796875 0.421875
0 0.7328125 0.3796875 0.153125 0.4234375
2 0.8640625 0.38515625 0.1671875 0.4140625
54 0.496875 0.7765625 0.7125 0.260937520 0.178125 0.33828125 0.2109375 0.471875
47 0.353125 0.34375 0.215625 0.4390625
2 0.6078125 0.3625 0.1796875 0.421875
0 0.7328125 0.3796875 0.153125 0.4234375
2 0.8640625 0.38515625 0.1671875 0.4140625
54 0.496875 0.7765625 0.7125 0.2609375