21 0.15390625 0.43828125 0.234375 0.484375
41 0.30625 0.3921875 0.2375 0.4578125
2 0.521875 0.35078125 0.234375 0.446875
0 0.653125 0.325 0.175 0.421875
5 0.775 0.3171875 0.2046875 0.434375
54 0.55546875 0.7375 0.68125 0.270312521 0.15390625 0.43828125 0.234375 0.484375
41 0.30625 0.3921875 0.2375 0.4578125
2 0.521875 0.35078125 0.234375 0.446875
0 0.653125 0.325 0.175 0.421875
5 0.775 0.3171875 0.2046875 0.434375
54 0.55546875 0.7375 0.68125 0.270312521 0.15390625 0.43828125 0.234375 0.484375
41 0.30625 0.3921875 0.2375 0.4578125
2 0.521875 0.35078125 0.234375 0.446875
0 0.653125 0.325 0.175 0.421875
5 0.775 0.3171875 0.2046875 0.434375
54 0.55546875 0.7375 0.68125 0.2703125