21 0.175 0.3671875 0.171875 0.4703125
41 0.3328125 0.35390625 0.1796875 0.4421875
2 0.55234375 0.35859375 0.178125 0.4296875
0 0.6859375 0.36015625 0.1203125 0.4125
5 0.80703125 0.37890625 0.1484375 0.421875
54 0.5046875 0.74375 0.66875 0.1812521 0.175 0.3671875 0.171875 0.4703125
41 0.3328125 0.35390625 0.1796875 0.4421875
2 0.55234375 0.35859375 0.178125 0.4296875
0 0.6859375 0.36015625 0.1203125 0.4125
5 0.80703125 0.37890625 0.1484375 0.421875
54 0.5046875 0.74375 0.66875 0.1812521 0.175 0.3671875 0.171875 0.4703125
41 0.3328125 0.35390625 0.1796875 0.4421875
2 0.55234375 0.35859375 0.178125 0.4296875
0 0.6859375 0.36015625 0.1203125 0.4125
5 0.80703125 0.37890625 0.1484375 0.421875
54 0.5046875 0.74375 0.66875 0.18125