21 0.1703125 0.37890625 0.15625 0.46484375
41 0.328125 0.36015625 0.16484375 0.4359375
2 0.54765625 0.35703125 0.16328125 0.425
0 0.68125 0.35390625 0.10625 0.409375
5 0.80234375 0.36796875 0.13359375 0.41796875
54 0.51328125 0.74375 0.66328125 0.157812521 0.1703125 0.37890625 0.15625 0.46484375
41 0.328125 0.36015625 0.16484375 0.4359375
2 0.54765625 0.35703125 0.16328125 0.425
0 0.68125 0.35390625 0.10625 0.409375
5 0.80234375 0.36796875 0.13359375 0.41796875
54 0.51328125 0.74375 0.66328125 0.157812521 0.1703125 0.37890625 0.15625 0.46484375
41 0.328125 0.36015625 0.16484375 0.4359375
2 0.54765625 0.35703125 0.16328125 0.425
0 0.68125 0.35390625 0.10625 0.409375
5 0.80234375 0.36796875 0.13359375 0.41796875
54 0.51328125 0.74375 0.66328125 0.1578125