50 0.1265625 0.48046875 0.2046875 0.3703125
12 0.26953125 0.459375 0.225 0.3703125
2 0.44453125 0.428125 0.2046875 0.371875
0 0.55703125 0.41328125 0.1921875 0.378125
9 0.66640625 0.38828125 0.165625 0.35
5 0.79296875 0.37578125 0.1921875 0.365625
54 0.5171875 0.73828125 0.6390625 0.204687550 0.1265625 0.48046875 0.2046875 0.3703125
12 0.26953125 0.459375 0.225 0.3703125
2 0.44453125 0.428125 0.2046875 0.371875
0 0.55703125 0.41328125 0.1921875 0.378125
9 0.66640625 0.38828125 0.165625 0.35
5 0.79296875 0.37578125 0.1921875 0.365625
54 0.5171875 0.73828125 0.6390625 0.204687550 0.1265625 0.48046875 0.2046875 0.3703125
12 0.26953125 0.459375 0.225 0.3703125
2 0.44453125 0.428125 0.2046875 0.371875
0 0.55703125 0.41328125 0.1921875 0.378125
9 0.66640625 0.38828125 0.165625 0.35
5 0.79296875 0.37578125 0.1921875 0.365625
54 0.5171875 0.73828125 0.6390625 0.2046875