50 0.14609375 0.378125 0.2046875 0.3703125
12 0.28984375 0.396875 0.225 0.3703125
2 0.46640625 0.415625 0.2046875 0.371875
0 0.57890625 0.43203125 0.1921875 0.378125
9 0.690625 0.43828125 0.165625 0.35
5 0.815625 0.46171875 0.1921875 0.365625
54 0.45078125 0.73359375 0.6390625 0.204687550 0.14609375 0.378125 0.2046875 0.3703125
12 0.28984375 0.396875 0.225 0.3703125
2 0.46640625 0.415625 0.2046875 0.371875
0 0.57890625 0.43203125 0.1921875 0.378125
9 0.690625 0.43828125 0.165625 0.35
5 0.815625 0.46171875 0.1921875 0.365625
54 0.45078125 0.73359375 0.6390625 0.204687550 0.14609375 0.378125 0.2046875 0.3703125
12 0.28984375 0.396875 0.225 0.3703125
2 0.46640625 0.415625 0.2046875 0.371875
0 0.57890625 0.43203125 0.1921875 0.378125
9 0.690625 0.43828125 0.165625 0.35
5 0.815625 0.46171875 0.1921875 0.365625
54 0.45078125 0.73359375 0.6390625 0.2046875