50 0.1265625 0.4875 0.2109375 0.3734375
12 0.26875 0.46328125 0.2296875 0.3734375
2 0.44296875 0.42890625 0.209375 0.3734375
0 0.55546875 0.41171875 0.1984375 0.3796875
9 0.66484375 0.38515625 0.1703125 0.3515625
5 0.790625 0.37109375 0.196875 0.3671875
54 0.52109375 0.73828125 0.6390625 0.21562550 0.1265625 0.4875 0.2109375 0.3734375
12 0.26875 0.46328125 0.2296875 0.3734375
2 0.44296875 0.42890625 0.209375 0.3734375
0 0.55546875 0.41171875 0.1984375 0.3796875
9 0.66484375 0.38515625 0.1703125 0.3515625
5 0.790625 0.37109375 0.196875 0.3671875
54 0.52109375 0.73828125 0.6390625 0.21562550 0.1265625 0.4875 0.2109375 0.3734375
12 0.26875 0.46328125 0.2296875 0.3734375
2 0.44296875 0.42890625 0.209375 0.3734375
0 0.55546875 0.41171875 0.1984375 0.3796875
9 0.66484375 0.38515625 0.1703125 0.3515625
5 0.790625 0.37109375 0.196875 0.3671875
54 0.52109375 0.73828125 0.6390625 0.215625