9 0.1265625 0.44140625 0.1890625 0.3765625
10 0.26875 0.4453125 0.2140625 0.409375
32 0.4109375 0.4234375 0.23125 0.40625
2 0.54375 0.4125 0.2046875 0.4203125
7 0.6515625 0.39296875 0.1671875 0.4015625
6 0.7734375 0.3984375 0.1765625 0.3890625
0 0.87890625 0.38984375 0.175 0.390625
54 0.56328125 0.77578125 0.675 0.28906259 0.1265625 0.44140625 0.1890625 0.3765625
10 0.26875 0.4453125 0.2140625 0.409375
32 0.4109375 0.4234375 0.23125 0.40625
2 0.54375 0.4125 0.2046875 0.4203125
7 0.6515625 0.39296875 0.1671875 0.4015625
6 0.7734375 0.3984375 0.1765625 0.3890625
0 0.87890625 0.38984375 0.175 0.390625
54 0.56328125 0.77578125 0.675 0.28906259 0.1265625 0.44140625 0.1890625 0.3765625
10 0.26875 0.4453125 0.2140625 0.409375
32 0.4109375 0.4234375 0.23125 0.40625
2 0.54375 0.4125 0.2046875 0.4203125
7 0.6515625 0.39296875 0.1671875 0.4015625
6 0.7734375 0.3984375 0.1765625 0.3890625
0 0.87890625 0.38984375 0.175 0.390625
54 0.56328125 0.77578125 0.675 0.2890625