33 0.1515625 0.3203125 0.2015625 0.4203125
45 0.30703125 0.3390625 0.215625 0.4140625
2 0.5078125 0.36796875 0.1953125 0.4375
1 0.62421875 0.38671875 0.1359375 0.403125
0 0.76171875 0.41015625 0.1921875 0.4203125
1 0.878125 0.41875 0.1609375 0.4109375
63 0.46328125 0.746875 0.3125 0.279687533 0.1515625 0.3203125 0.2015625 0.4203125
45 0.30703125 0.3390625 0.215625 0.4140625
2 0.5078125 0.36796875 0.1953125 0.4375
1 0.62421875 0.38671875 0.1359375 0.403125
0 0.76171875 0.41015625 0.1921875 0.4203125
1 0.878125 0.41875 0.1609375 0.4109375
63 0.46328125 0.746875 0.3125 0.279687533 0.1515625 0.3203125 0.2015625 0.4203125
45 0.30703125 0.3390625 0.215625 0.4140625
2 0.5078125 0.36796875 0.1953125 0.4375
1 0.62421875 0.38671875 0.1359375 0.403125
0 0.76171875 0.41015625 0.1921875 0.4203125
1 0.878125 0.41875 0.1609375 0.4109375
63 0.46328125 0.746875 0.3125 0.2796875