35 0.2046875 0.3734375 0.1734375 0.4453125
36 0.36640625 0.37421875 0.2015625 0.4359375
2 0.5546875 0.37890625 0.1640625 0.3796875
1 0.66484375 0.36953125 0.11875 0.41875
0 0.77734375 0.35 0.1390625 0.4296875
0 0.88984375 0.35078125 0.1328125 0.4078125
63 0.5265625 0.7640625 0.30625 0.232812535 0.2046875 0.3734375 0.1734375 0.4453125
36 0.36640625 0.37421875 0.2015625 0.4359375
2 0.5546875 0.37890625 0.1640625 0.3796875
1 0.66484375 0.36953125 0.11875 0.41875
0 0.77734375 0.35 0.1390625 0.4296875
0 0.88984375 0.35078125 0.1328125 0.4078125
63 0.5265625 0.7640625 0.30625 0.232812535 0.2046875 0.3734375 0.1734375 0.4453125
36 0.36640625 0.37421875 0.2015625 0.4359375
2 0.5546875 0.37890625 0.1640625 0.3796875
1 0.66484375 0.36953125 0.11875 0.41875
0 0.77734375 0.35 0.1390625 0.4296875
0 0.88984375 0.35078125 0.1328125 0.4078125
63 0.5265625 0.7640625 0.30625 0.2328125