35 0.23125 0.3234375 0.203125 0.453125
36 0.390625 0.353125 0.2296875 0.4453125
2 0.575 0.390625 0.1890625 0.3859375
1 0.684375 0.4 0.146875 0.4234375
0 0.79921875 0.40078125 0.1671875 0.434375
0 0.909375 0.4203125 0.1609375 0.4140625
63 0.48046875 0.7640625 0.3203125 0.251562535 0.23125 0.3234375 0.203125 0.453125
36 0.390625 0.353125 0.2296875 0.4453125
2 0.575 0.390625 0.1890625 0.3859375
1 0.684375 0.4 0.146875 0.4234375
0 0.79921875 0.40078125 0.1671875 0.434375
0 0.909375 0.4203125 0.1609375 0.4140625
63 0.48046875 0.7640625 0.3203125 0.251562535 0.23125 0.3234375 0.203125 0.453125
36 0.390625 0.353125 0.2296875 0.4453125
2 0.575 0.390625 0.1890625 0.3859375
1 0.684375 0.4 0.146875 0.4234375
0 0.79921875 0.40078125 0.1671875 0.434375
0 0.909375 0.4203125 0.1609375 0.4140625
63 0.48046875 0.7640625 0.3203125 0.2515625