33 0.1234375 0.38984375 0.18125 0.4140625
45 0.28046875 0.37890625 0.1953125 0.40625
2 0.48203125 0.36875 0.1734375 0.4328125
1 0.6 0.365625 0.115625 0.4015625
0 0.7390625 0.36171875 0.171875 0.415625
1 0.85625 0.3484375 0.140625 0.4078125
63 0.5109375 0.74921875 0.3015625 0.26562533 0.1234375 0.38984375 0.18125 0.4140625
45 0.28046875 0.37890625 0.1953125 0.40625
2 0.48203125 0.36875 0.1734375 0.4328125
1 0.6 0.365625 0.115625 0.4015625
0 0.7390625 0.36171875 0.171875 0.415625
1 0.85625 0.3484375 0.140625 0.4078125
63 0.5109375 0.74921875 0.3015625 0.26562533 0.1234375 0.38984375 0.18125 0.4140625
45 0.28046875 0.37890625 0.1953125 0.40625
2 0.48203125 0.36875 0.1734375 0.4328125
1 0.6 0.365625 0.115625 0.4015625
0 0.7390625 0.36171875 0.171875 0.415625
1 0.85625 0.3484375 0.140625 0.4078125
63 0.5109375 0.74921875 0.3015625 0.265625