35 0.21171875 0.3578125 0.15078125 0.4375
36 0.3734375 0.3671875 0.17890625 0.42734375
2 0.5609375 0.38203125 0.14453125 0.371875
1 0.67109375 0.378125 0.09765625 0.41484375
0 0.78515625 0.36484375 0.11640625 0.4234375
0 0.896875 0.37109375 0.1125 0.403125
63 0.5125 0.76484375 0.2953125 0.217187535 0.21171875 0.3578125 0.15078125 0.4375
36 0.3734375 0.3671875 0.17890625 0.42734375
2 0.5609375 0.38203125 0.14453125 0.371875
1 0.67109375 0.378125 0.09765625 0.41484375
0 0.78515625 0.36484375 0.11640625 0.4234375
0 0.896875 0.37109375 0.1125 0.403125
63 0.5125 0.76484375 0.2953125 0.217187535 0.21171875 0.3578125 0.15078125 0.4375
36 0.3734375 0.3671875 0.17890625 0.42734375
2 0.5609375 0.38203125 0.14453125 0.371875
1 0.67109375 0.378125 0.09765625 0.41484375
0 0.78515625 0.36484375 0.11640625 0.4234375
0 0.896875 0.37109375 0.1125 0.403125
63 0.5125 0.76484375 0.2953125 0.2171875