11 0.20078125 0.41875 0.196875 0.384375
32 0.340625 0.40703125 0.178125 0.378125
2 0.5375 0.38046875 0.1828125 0.3703125
1 0.66328125 0.3671875 0.1484375 0.3640625
1 0.76171875 0.35625 0.15 0.3796875
5 0.86953125 0.34140625 0.1640625 0.3671875
63 0.5484375 0.73203125 0.3015625 0.22511 0.20078125 0.41875 0.196875 0.384375
32 0.340625 0.40703125 0.178125 0.378125
2 0.5375 0.38046875 0.1828125 0.3703125
1 0.66328125 0.3671875 0.1484375 0.3640625
1 0.76171875 0.35625 0.15 0.3796875
5 0.86953125 0.34140625 0.1640625 0.3671875
63 0.5484375 0.73203125 0.3015625 0.22511 0.20078125 0.41875 0.196875 0.384375
32 0.340625 0.40703125 0.178125 0.378125
2 0.5375 0.38046875 0.1828125 0.3703125
1 0.66328125 0.3671875 0.1484375 0.3640625
1 0.76171875 0.35625 0.15 0.3796875
5 0.86953125 0.34140625 0.1640625 0.3671875
63 0.5484375 0.73203125 0.3015625 0.225