11 0.21328125 0.3828125 0.153125 0.36796875
32 0.353125 0.38828125 0.13515625 0.36484375
2 0.5515625 0.3859375 0.140625 0.35625
1 0.678125 0.38828125 0.10625 0.35390625
1 0.77734375 0.3890625 0.10546875 0.36953125
5 0.8859375 0.3875 0.12109375 0.35546875
63 0.51953125 0.7359375 0.2796875 0.1929687511 0.21328125 0.3828125 0.153125 0.36796875
32 0.353125 0.38828125 0.13515625 0.36484375
2 0.5515625 0.3859375 0.140625 0.35625
1 0.678125 0.38828125 0.10625 0.35390625
1 0.77734375 0.3890625 0.10546875 0.36953125
5 0.8859375 0.3875 0.12109375 0.35546875
63 0.51953125 0.7359375 0.2796875 0.1929687511 0.21328125 0.3828125 0.153125 0.36796875
32 0.353125 0.38828125 0.13515625 0.36484375
2 0.5515625 0.3859375 0.140625 0.35625
1 0.678125 0.38828125 0.10625 0.35390625
1 0.77734375 0.3890625 0.10546875 0.36953125
5 0.8859375 0.3875 0.12109375 0.35546875
63 0.51953125 0.7359375 0.2796875 0.19296875