10 0.22890625 0.31640625 0.190625 0.334375
32 0.378125 0.34140625 0.196875 0.3828125
2 0.5515625 0.359375 0.1828125 0.3359375
1 0.6734375 0.37265625 0.1359375 0.31875
1 0.7734375 0.3828125 0.1453125 0.3265625
2 0.87734375 0.39453125 0.1546875 0.340625
98 0.5046875 0.6421875 0.225 0.192187510 0.22890625 0.31640625 0.190625 0.334375
32 0.378125 0.34140625 0.196875 0.3828125
2 0.5515625 0.359375 0.1828125 0.3359375
1 0.6734375 0.37265625 0.1359375 0.31875
1 0.7734375 0.3828125 0.1453125 0.3265625
2 0.87734375 0.39453125 0.1546875 0.340625
98 0.5046875 0.6421875 0.225 0.192187510 0.22890625 0.31640625 0.190625 0.334375
32 0.378125 0.34140625 0.196875 0.3828125
2 0.5515625 0.359375 0.1828125 0.3359375
1 0.6734375 0.37265625 0.1359375 0.31875
1 0.7734375 0.3828125 0.1453125 0.3265625
2 0.87734375 0.39453125 0.1546875 0.340625
98 0.5046875 0.6421875 0.225 0.1921875