10 0.20859375 0.35078125 0.153125 0.31796875
32 0.359375 0.3578125 0.153125 0.36640625
2 0.534375 0.35390625 0.14453125 0.32109375
1 0.65625 0.35234375 0.09921875 0.309375
1 0.75703125 0.35 0.1078125 0.31640625
2 0.86171875 0.34921875 0.11484375 0.3296875
98 0.521875 0.640625 0.20625 0.1679687510 0.20859375 0.35078125 0.153125 0.31796875
32 0.359375 0.3578125 0.153125 0.36640625
2 0.534375 0.35390625 0.14453125 0.32109375
1 0.65625 0.35234375 0.09921875 0.309375
1 0.75703125 0.35 0.1078125 0.31640625
2 0.86171875 0.34921875 0.11484375 0.3296875
98 0.521875 0.640625 0.20625 0.1679687510 0.20859375 0.35078125 0.153125 0.31796875
32 0.359375 0.3578125 0.153125 0.36640625
2 0.534375 0.35390625 0.14453125 0.32109375
1 0.65625 0.35234375 0.09921875 0.309375
1 0.75703125 0.35 0.1078125 0.31640625
2 0.86171875 0.34921875 0.11484375 0.3296875
98 0.521875 0.640625 0.20625 0.16796875