10 0.20390625 0.3609375 0.1640625 0.3234375
32 0.3546875 0.3625 0.165625 0.371875
2 0.52890625 0.353125 0.15625 0.3265625
1 0.65078125 0.346875 0.109375 0.3125
1 0.7515625 0.34140625 0.11875 0.3203125
2 0.85625 0.33671875 0.1265625 0.3328125
98 0.5265625 0.63984375 0.2125 0.17510 0.20390625 0.3609375 0.1640625 0.3234375
32 0.3546875 0.3625 0.165625 0.371875
2 0.52890625 0.353125 0.15625 0.3265625
1 0.65078125 0.346875 0.109375 0.3125
1 0.7515625 0.34140625 0.11875 0.3203125
2 0.85625 0.33671875 0.1265625 0.3328125
98 0.5265625 0.63984375 0.2125 0.17510 0.20390625 0.3609375 0.1640625 0.3234375
32 0.3546875 0.3625 0.165625 0.371875
2 0.52890625 0.353125 0.15625 0.3265625
1 0.65078125 0.346875 0.109375 0.3125
1 0.7515625 0.34140625 0.11875 0.3203125
2 0.85625 0.33671875 0.1265625 0.3328125
98 0.5265625 0.63984375 0.2125 0.175