10 0.1375 0.4171875 0.21875 0.440625
12 0.29296875 0.4078125 0.234375 0.459375
2 0.47734375 0.3625 0.2078125 0.453125
1 0.6 0.34453125 0.203125 0.471875
2 0.7125 0.33203125 0.2 0.453125
1 0.84140625 0.3203125 0.1625 0.4640625
88 0.54140625 0.7421875 0.425 0.301562510 0.1375 0.4171875 0.21875 0.440625
12 0.29296875 0.4078125 0.234375 0.459375
2 0.47734375 0.3625 0.2078125 0.453125
1 0.6 0.34453125 0.203125 0.471875
2 0.7125 0.33203125 0.2 0.453125
1 0.84140625 0.3203125 0.1625 0.4640625
88 0.54140625 0.7421875 0.425 0.301562510 0.1375 0.4171875 0.21875 0.440625
12 0.29296875 0.4078125 0.234375 0.459375
2 0.47734375 0.3625 0.2078125 0.453125
1 0.6 0.34453125 0.203125 0.471875
2 0.7125 0.33203125 0.2 0.453125
1 0.84140625 0.3203125 0.1625 0.4640625
88 0.54140625 0.7421875 0.425 0.3015625