10 0.15234375 0.3671875 0.1625 0.421875
12 0.3078125 0.3796875 0.175 0.4390625
2 0.496875 0.3609375 0.146875 0.4375
1 0.6203125 0.36015625 0.140625 0.45625
2 0.73359375 0.36328125 0.140625 0.4375
1 0.86328125 0.36953125 0.1 0.4546875
88 0.50703125 0.7453125 0.39375 0.248437510 0.15234375 0.3671875 0.1625 0.421875
12 0.3078125 0.3796875 0.175 0.4390625
2 0.496875 0.3609375 0.146875 0.4375
1 0.6203125 0.36015625 0.140625 0.45625
2 0.73359375 0.36328125 0.140625 0.4375
1 0.86328125 0.36953125 0.1 0.4546875
88 0.50703125 0.7453125 0.39375 0.248437510 0.15234375 0.3671875 0.1625 0.421875
12 0.3078125 0.3796875 0.175 0.4390625
2 0.496875 0.3609375 0.146875 0.4375
1 0.6203125 0.36015625 0.140625 0.45625
2 0.73359375 0.36328125 0.140625 0.4375
1 0.86328125 0.36953125 0.1 0.4546875
88 0.50703125 0.7453125 0.39375 0.2484375