10 0.15703125 0.35546875 0.1765625 0.4265625
12 0.3125 0.3734375 0.190625 0.4453125
2 0.5015625 0.3609375 0.1625 0.4421875
1 0.625 0.3640625 0.15625 0.4609375
2 0.73828125 0.371875 0.15625 0.4421875
1 0.86796875 0.38203125 0.1171875 0.4578125
88 0.4984375 0.7453125 0.403125 0.262510 0.15703125 0.35546875 0.1765625 0.4265625
12 0.3125 0.3734375 0.190625 0.4453125
2 0.5015625 0.3609375 0.1625 0.4421875
1 0.625 0.3640625 0.15625 0.4609375
2 0.73828125 0.371875 0.15625 0.4421875
1 0.86796875 0.38203125 0.1171875 0.4578125
88 0.4984375 0.7453125 0.403125 0.262510 0.15703125 0.35546875 0.1765625 0.4265625
12 0.3125 0.3734375 0.190625 0.4453125
2 0.5015625 0.3609375 0.1625 0.4421875
1 0.625 0.3640625 0.15625 0.4609375
2 0.73828125 0.371875 0.15625 0.4421875
1 0.86796875 0.38203125 0.1171875 0.4578125
88 0.4984375 0.7453125 0.403125 0.2625