10 0.18046875 0.30859375 0.2328125 0.44375
12 0.33125 0.3484375 0.2484375 0.4625
2 0.52109375 0.3625 0.221875 0.45625
1 0.64296875 0.3828125 0.2171875 0.4734375
2 0.75390625 0.40625 0.2140625 0.4546875
1 0.88046875 0.434375 0.178125 0.465625
88 0.4640625 0.74296875 0.43125 0.312510 0.18046875 0.30859375 0.2328125 0.44375
12 0.33125 0.3484375 0.2484375 0.4625
2 0.52109375 0.3625 0.221875 0.45625
1 0.64296875 0.3828125 0.2171875 0.4734375
2 0.75390625 0.40625 0.2140625 0.4546875
1 0.88046875 0.434375 0.178125 0.465625
88 0.4640625 0.74296875 0.43125 0.312510 0.18046875 0.30859375 0.2328125 0.44375
12 0.33125 0.3484375 0.2484375 0.4625
2 0.52109375 0.3625 0.221875 0.45625
1 0.64296875 0.3828125 0.2171875 0.4734375
2 0.75390625 0.40625 0.2140625 0.4546875
1 0.88046875 0.434375 0.178125 0.465625
88 0.4640625 0.74296875 0.43125 0.3125