11 0.228125 0.3453125 0.184375 0.359375
36 0.37890625 0.371875 0.2046875 0.36875
2 0.565625 0.396875 0.18125 0.3671875
1 0.678125 0.41171875 0.14375 0.3625
2 0.77265625 0.42109375 0.1546875 0.3578125
3 0.878125 0.4375 0.146875 0.34375
63 0.47578125 0.73828125 0.3640625 0.2562511 0.228125 0.3453125 0.184375 0.359375
36 0.37890625 0.371875 0.2046875 0.36875
2 0.565625 0.396875 0.18125 0.3671875
1 0.678125 0.41171875 0.14375 0.3625
2 0.77265625 0.42109375 0.1546875 0.3578125
3 0.878125 0.4375 0.146875 0.34375
63 0.47578125 0.73828125 0.3640625 0.2562511 0.228125 0.3453125 0.184375 0.359375
36 0.37890625 0.371875 0.2046875 0.36875
2 0.565625 0.396875 0.18125 0.3671875
1 0.678125 0.41171875 0.14375 0.3625
2 0.77265625 0.42109375 0.1546875 0.3578125
3 0.878125 0.4375 0.146875 0.34375
63 0.47578125 0.73828125 0.3640625 0.25625