10 0.215625 0.378125 0.165625 0.4109375
42 0.3578125 0.38203125 0.1546875 0.4265625
2 0.5375 0.384375 0.15625 0.4125
1 0.6421875 0.3671875 0.1140625 0.4046875
6 0.74609375 0.3625 0.13125 0.3890625
3 0.8515625 0.3640625 0.1296875 0.4015625
98 0.50078125 0.78046875 0.2703125 0.292187510 0.215625 0.378125 0.165625 0.4109375
42 0.3578125 0.38203125 0.1546875 0.4265625
2 0.5375 0.384375 0.15625 0.4125
1 0.6421875 0.3671875 0.1140625 0.4046875
6 0.74609375 0.3625 0.13125 0.3890625
3 0.8515625 0.3640625 0.1296875 0.4015625
98 0.50078125 0.78046875 0.2703125 0.292187510 0.215625 0.378125 0.165625 0.4109375
42 0.3578125 0.38203125 0.1546875 0.4265625
2 0.5375 0.384375 0.15625 0.4125
1 0.6421875 0.3671875 0.1140625 0.4046875
6 0.74609375 0.3625 0.13125 0.3890625
3 0.8515625 0.3640625 0.1296875 0.4015625
98 0.50078125 0.78046875 0.2703125 0.2921875