10 0.2359375 0.33984375 0.1921875 0.4203125
42 0.375 0.36328125 0.184375 0.434375
2 0.553125 0.390625 0.184375 0.4203125
1 0.659375 0.38828125 0.1421875 0.409375
6 0.7625 0.39765625 0.1578125 0.3953125
3 0.8671875 0.41484375 0.1578125 0.4078125
98 0.46171875 0.778125 0.2890625 0.307812510 0.2359375 0.33984375 0.1921875 0.4203125
42 0.375 0.36328125 0.184375 0.434375
2 0.553125 0.390625 0.184375 0.4203125
1 0.659375 0.38828125 0.1421875 0.409375
6 0.7625 0.39765625 0.1578125 0.3953125
3 0.8671875 0.41484375 0.1578125 0.4078125
98 0.46171875 0.778125 0.2890625 0.307812510 0.2359375 0.33984375 0.1921875 0.4203125
42 0.375 0.36328125 0.184375 0.434375
2 0.553125 0.390625 0.184375 0.4203125
1 0.659375 0.38828125 0.1421875 0.409375
6 0.7625 0.39765625 0.1578125 0.3953125
3 0.8671875 0.41484375 0.1578125 0.4078125
98 0.46171875 0.778125 0.2890625 0.3078125