10 0.21171875 0.3875 0.178125 0.415625
42 0.353125 0.3875 0.1703125 0.43125
2 0.53359375 0.38359375 0.1703125 0.4171875
1 0.6375 0.36171875 0.128125 0.40625
6 0.74140625 0.35390625 0.1453125 0.3921875
3 0.846875 0.35234375 0.14375 0.4046875
98 0.51015625 0.78046875 0.2796875 0.310 0.21171875 0.3875 0.178125 0.415625
42 0.353125 0.3875 0.1703125 0.43125
2 0.53359375 0.38359375 0.1703125 0.4171875
1 0.6375 0.36171875 0.128125 0.40625
6 0.74140625 0.35390625 0.1453125 0.3921875
3 0.846875 0.35234375 0.14375 0.4046875
98 0.51015625 0.78046875 0.2796875 0.310 0.21171875 0.3875 0.178125 0.415625
42 0.353125 0.3875 0.1703125 0.43125
2 0.53359375 0.38359375 0.1703125 0.4171875
1 0.6375 0.36171875 0.128125 0.40625
6 0.74140625 0.35390625 0.1453125 0.3921875
3 0.846875 0.35234375 0.14375 0.4046875
98 0.51015625 0.78046875 0.2796875 0.3