10 0.203125 0.41328125 0.2125 0.425
42 0.34453125 0.40078125 0.2046875 0.4390625
2 0.5234375 0.38125 0.2046875 0.425
1 0.625 0.35078125 0.1625 0.4109375
6 0.72734375 0.33359375 0.1765625 0.3984375
3 0.8328125 0.32265625 0.1765625 0.4109375
98 0.534375 0.778125 0.3015625 0.320312510 0.203125 0.41328125 0.2125 0.425
42 0.34453125 0.40078125 0.2046875 0.4390625
2 0.5234375 0.38125 0.2046875 0.425
1 0.625 0.35078125 0.1625 0.4109375
6 0.72734375 0.33359375 0.1765625 0.3984375
3 0.8328125 0.32265625 0.1765625 0.4109375
98 0.534375 0.778125 0.3015625 0.320312510 0.203125 0.41328125 0.2125 0.425
42 0.34453125 0.40078125 0.2046875 0.4390625
2 0.5234375 0.38125 0.2046875 0.425
1 0.625 0.35078125 0.1625 0.4109375
6 0.72734375 0.33359375 0.1765625 0.3984375
3 0.8328125 0.32265625 0.1765625 0.4109375
98 0.534375 0.778125 0.3015625 0.3203125