39 0.2796875 0.3375 0.2765625 0.4875
2 0.48046875 0.36640625 0.2328125 0.4703125
1 0.58671875 0.39140625 0.1890625 0.4375
6 0.7140625 0.4046875 0.203125 0.4328125
7 0.8265625 0.4265625 0.196875 0.446875
54 0.48359375 0.75 0.7390625 0.30312539 0.2796875 0.3375 0.2765625 0.4875
2 0.48046875 0.36640625 0.2328125 0.4703125
1 0.58671875 0.39140625 0.1890625 0.4375
6 0.7140625 0.4046875 0.203125 0.4328125
7 0.8265625 0.4265625 0.196875 0.446875
54 0.48359375 0.75 0.7390625 0.30312539 0.2796875 0.3375 0.2765625 0.4875
2 0.48046875 0.36640625 0.2328125 0.4703125
1 0.58671875 0.39140625 0.1890625 0.4375
6 0.7140625 0.4046875 0.203125 0.4328125
7 0.8265625 0.4265625 0.196875 0.446875
54 0.48359375 0.75 0.7390625 0.303125