11 0.1953125 0.40390625 0.1703125 0.3671875
40 0.3296875 0.39296875 0.1859375 0.3703125
2 0.5234375 0.36640625 0.16875 0.375
1 0.6265625 0.3609375 0.159375 0.371875
6 0.73203125 0.3515625 0.140625 0.3671875
2 0.84375 0.3484375 0.1578125 0.38125
63 0.51796875 0.7390625 0.31875 0.2437511 0.1953125 0.40390625 0.1703125 0.3671875
40 0.3296875 0.39296875 0.1859375 0.3703125
2 0.5234375 0.36640625 0.16875 0.375
1 0.6265625 0.3609375 0.159375 0.371875
6 0.73203125 0.3515625 0.140625 0.3671875
2 0.84375 0.3484375 0.1578125 0.38125
63 0.51796875 0.7390625 0.31875 0.2437511 0.1953125 0.40390625 0.1703125 0.3671875
40 0.3296875 0.39296875 0.1859375 0.3703125
2 0.5234375 0.36640625 0.16875 0.375
1 0.6265625 0.3609375 0.159375 0.371875
6 0.73203125 0.3515625 0.140625 0.3671875
2 0.84375 0.3484375 0.1578125 0.38125
63 0.51796875 0.7390625 0.31875 0.24375