11 0.190625 0.41953125 0.1875 0.371875
40 0.32421875 0.40234375 0.203125 0.3765625
2 0.51640625 0.36484375 0.1875 0.3796875
1 0.61953125 0.3546875 0.178125 0.3765625
6 0.7234375 0.33984375 0.1578125 0.371875
2 0.83515625 0.33046875 0.1765625 0.3859375
63 0.53046875 0.73828125 0.328125 0.257812511 0.190625 0.41953125 0.1875 0.371875
40 0.32421875 0.40234375 0.203125 0.3765625
2 0.51640625 0.36484375 0.1875 0.3796875
1 0.61953125 0.3546875 0.178125 0.3765625
6 0.7234375 0.33984375 0.1578125 0.371875
2 0.83515625 0.33046875 0.1765625 0.3859375
63 0.53046875 0.73828125 0.328125 0.257812511 0.190625 0.41953125 0.1875 0.371875
40 0.32421875 0.40234375 0.203125 0.3765625
2 0.51640625 0.36484375 0.1875 0.3796875
1 0.61953125 0.3546875 0.178125 0.3765625
6 0.7234375 0.33984375 0.1578125 0.371875
2 0.83515625 0.33046875 0.1765625 0.3859375
63 0.53046875 0.73828125 0.328125 0.2578125