14 0.14765625 0.40625 0.209375 0.3296875
33 0.290625 0.39296875 0.2171875 0.325
2 0.49453125 0.37109375 0.2109375 0.3296875
1 0.628125 0.36953125 0.1484375 0.321875
6 0.73515625 0.3546875 0.1609375 0.334375
8 0.86328125 0.34140625 0.1640625 0.325
63 0.54921875 0.67734375 0.2953125 0.232812514 0.14765625 0.40625 0.209375 0.3296875
33 0.290625 0.39296875 0.2171875 0.325
2 0.49453125 0.37109375 0.2109375 0.3296875
1 0.628125 0.36953125 0.1484375 0.321875
6 0.73515625 0.3546875 0.1609375 0.334375
8 0.86328125 0.34140625 0.1640625 0.325
63 0.54921875 0.67734375 0.2953125 0.232812514 0.14765625 0.40625 0.209375 0.3296875
33 0.290625 0.39296875 0.2171875 0.325
2 0.49453125 0.37109375 0.2109375 0.3296875
1 0.628125 0.36953125 0.1484375 0.321875
6 0.73515625 0.3546875 0.1609375 0.334375
8 0.86328125 0.34140625 0.1640625 0.325
63 0.54921875 0.67734375 0.2953125 0.2328125