14 0.1546875 0.38203125 0.1875 0.31796875
33 0.2984375 0.37890625 0.19609375 0.3125
2 0.50390625 0.37109375 0.1890625 0.31796875
1 0.63671875 0.37890625 0.1265625 0.3140625
6 0.74453125 0.37109375 0.1390625 0.325
8 0.8734375 0.3671875 0.1421875 0.31640625
63 0.53671875 0.68046875 0.28125 0.2132812514 0.1546875 0.38203125 0.1875 0.31796875
33 0.2984375 0.37890625 0.19609375 0.3125
2 0.50390625 0.37109375 0.1890625 0.31796875
1 0.63671875 0.37890625 0.1265625 0.3140625
6 0.74453125 0.37109375 0.1390625 0.325
8 0.8734375 0.3671875 0.1421875 0.31640625
63 0.53671875 0.68046875 0.28125 0.2132812514 0.1546875 0.38203125 0.1875 0.31796875
33 0.2984375 0.37890625 0.19609375 0.3125
2 0.50390625 0.37109375 0.1890625 0.31796875
1 0.63671875 0.37890625 0.1265625 0.3140625
6 0.74453125 0.37109375 0.1390625 0.325
8 0.8734375 0.3671875 0.1421875 0.31640625
63 0.53671875 0.68046875 0.28125 0.21328125