39 0.23984375 0.41328125 0.2625 0.4828125
2 0.440625 0.37890625 0.21875 0.4671875
1 0.5484375 0.3703125 0.175 0.4359375
6 0.67421875 0.34296875 0.190625 0.43125
7 0.7875 0.3296875 0.1828125 0.4453125
54 0.56171875 0.74296875 0.7375 0.27812539 0.23984375 0.41328125 0.2625 0.4828125
2 0.440625 0.37890625 0.21875 0.4671875
1 0.5484375 0.3703125 0.175 0.4359375
6 0.67421875 0.34296875 0.190625 0.43125
7 0.7875 0.3296875 0.1828125 0.4453125
54 0.56171875 0.74296875 0.7375 0.27812539 0.23984375 0.41328125 0.2625 0.4828125
2 0.440625 0.37890625 0.21875 0.4671875
1 0.5484375 0.3703125 0.175 0.4359375
6 0.67421875 0.34296875 0.190625 0.43125
7 0.7875 0.3296875 0.1828125 0.4453125
54 0.56171875 0.74296875 0.7375 0.278125