11 0.2046875 0.37734375 0.1390625 0.35625
40 0.33984375 0.37890625 0.1546875 0.3578125
2 0.53515625 0.36875 0.1375 0.36484375
1 0.63828125 0.37265625 0.12890625 0.3625
6 0.74375 0.37265625 0.109375 0.359375
2 0.85546875 0.37890625 0.1265625 0.371875
63 0.496875 0.73984375 0.30078125 0.2187511 0.2046875 0.37734375 0.1390625 0.35625
40 0.33984375 0.37890625 0.1546875 0.3578125
2 0.53515625 0.36875 0.1375 0.36484375
1 0.63828125 0.37265625 0.12890625 0.3625
6 0.74375 0.37265625 0.109375 0.359375
2 0.85546875 0.37890625 0.1265625 0.371875
63 0.496875 0.73984375 0.30078125 0.2187511 0.2046875 0.37734375 0.1390625 0.35625
40 0.33984375 0.37890625 0.1546875 0.3578125
2 0.53515625 0.36875 0.1375 0.36484375
1 0.63828125 0.37265625 0.12890625 0.3625
6 0.74375 0.37265625 0.109375 0.359375
2 0.85546875 0.37890625 0.1265625 0.371875
63 0.496875 0.73984375 0.30078125 0.21875