14 0.140625 0.4375 0.234375 0.34375
33 0.28203125 0.41171875 0.2421875 0.3390625
2 0.48359375 0.371875 0.2359375 0.34375
1 0.61640625 0.359375 0.1734375 0.3296875
6 0.72109375 0.334375 0.1875 0.3421875
8 0.8484375 0.31015625 0.190625 0.334375
63 0.56484375 0.67265625 0.3109375 0.254687514 0.140625 0.4375 0.234375 0.34375
33 0.28203125 0.41171875 0.2421875 0.3390625
2 0.48359375 0.371875 0.2359375 0.34375
1 0.61640625 0.359375 0.1734375 0.3296875
6 0.72109375 0.334375 0.1875 0.3421875
8 0.8484375 0.31015625 0.190625 0.334375
63 0.56484375 0.67265625 0.3109375 0.254687514 0.140625 0.4375 0.234375 0.34375
33 0.28203125 0.41171875 0.2421875 0.3390625
2 0.48359375 0.371875 0.2359375 0.34375
1 0.61640625 0.359375 0.1734375 0.3296875
6 0.72109375 0.334375 0.1875 0.3421875
8 0.8484375 0.31015625 0.190625 0.334375
63 0.56484375 0.67265625 0.3109375 0.2546875