39 0.2453125 0.4 0.2390625 0.4765625
2 0.446875 0.37578125 0.196875 0.4609375
1 0.55546875 0.37265625 0.1546875 0.4328125
6 0.68203125 0.35234375 0.16875 0.4265625
7 0.79609375 0.34453125 0.1609375 0.440625
54 0.54921875 0.74609375 0.73125 0.242187539 0.2453125 0.4 0.2390625 0.4765625
2 0.446875 0.37578125 0.196875 0.4609375
1 0.55546875 0.37265625 0.1546875 0.4328125
6 0.68203125 0.35234375 0.16875 0.4265625
7 0.79609375 0.34453125 0.1609375 0.440625
54 0.54921875 0.74609375 0.73125 0.242187539 0.2453125 0.4 0.2390625 0.4765625
2 0.446875 0.37578125 0.196875 0.4609375
1 0.55546875 0.37265625 0.1546875 0.4328125
6 0.68203125 0.35234375 0.16875 0.4265625
7 0.79609375 0.34453125 0.1609375 0.440625
54 0.54921875 0.74609375 0.73125 0.2421875