10 0.2203125 0.36796875 0.15078125 0.40625
42 0.36171875 0.37734375 0.140625 0.421875
2 0.54140625 0.3859375 0.1421875 0.4078125
1 0.646875 0.371875 0.10078125 0.40078125
6 0.75078125 0.37109375 0.11796875 0.38515625
3 0.85625 0.3765625 0.11640625 0.39765625
98 0.490625 0.78046875 0.26015625 0.282812510 0.2203125 0.36796875 0.15078125 0.40625
42 0.36171875 0.37734375 0.140625 0.421875
2 0.54140625 0.3859375 0.1421875 0.4078125
1 0.646875 0.371875 0.10078125 0.40078125
6 0.75078125 0.37109375 0.11796875 0.38515625
3 0.85625 0.3765625 0.11640625 0.39765625
98 0.490625 0.78046875 0.26015625 0.282812510 0.2203125 0.36796875 0.15078125 0.40625
42 0.36171875 0.37734375 0.140625 0.421875
2 0.54140625 0.3859375 0.1421875 0.4078125
1 0.646875 0.371875 0.10078125 0.40078125
6 0.75078125 0.37109375 0.11796875 0.38515625
3 0.85625 0.3765625 0.11640625 0.39765625
98 0.490625 0.78046875 0.26015625 0.2828125