39 0.2546875 0.378125 0.2 0.46015625
2 0.4578125 0.371875 0.1578125 0.44921875
1 0.56640625 0.378125 0.11796875 0.4234375
6 0.69453125 0.36875 0.13359375 0.41640625
7 0.80859375 0.37109375 0.1234375 0.43203125
54 0.52734375 0.74921875 0.71875 0.1804687539 0.2546875 0.378125 0.2 0.46015625
2 0.4578125 0.371875 0.1578125 0.44921875
1 0.56640625 0.378125 0.11796875 0.4234375
6 0.69453125 0.36875 0.13359375 0.41640625
7 0.80859375 0.37109375 0.1234375 0.43203125
54 0.52734375 0.74921875 0.71875 0.1804687539 0.2546875 0.378125 0.2 0.46015625
2 0.4578125 0.371875 0.1578125 0.44921875
1 0.56640625 0.378125 0.11796875 0.4234375
6 0.69453125 0.36875 0.13359375 0.41640625
7 0.80859375 0.37109375 0.1234375 0.43203125
54 0.52734375 0.74921875 0.71875 0.18046875