39 0.26640625 0.35703125 0.2390625 0.4765625
2 0.46875 0.36875 0.196875 0.4609375
1 0.5765625 0.384375 0.1546875 0.4328125
6 0.70546875 0.3859375 0.16875 0.4265625
7 0.81875 0.3984375 0.1609375 0.440625
54 0.50546875 0.75078125 0.73125 0.242187539 0.26640625 0.35703125 0.2390625 0.4765625
2 0.46875 0.36875 0.196875 0.4609375
1 0.5765625 0.384375 0.1546875 0.4328125
6 0.70546875 0.3859375 0.16875 0.4265625
7 0.81875 0.3984375 0.1609375 0.440625
54 0.50546875 0.75078125 0.73125 0.242187539 0.26640625 0.35703125 0.2390625 0.4765625
2 0.46875 0.36875 0.196875 0.4609375
1 0.5765625 0.384375 0.1546875 0.4328125
6 0.70546875 0.3859375 0.16875 0.4265625
7 0.81875 0.3984375 0.1609375 0.440625
54 0.50546875 0.75078125 0.73125 0.2421875