25 0.2015625 0.3515625 0.2125 0.4109375
43 0.346875 0.37265625 0.1859375 0.4078125
2 0.53046875 0.396875 0.19375 0.4
1 0.63515625 0.4046875 0.13125 0.4
7 0.7515625 0.43359375 0.159375 0.4078125
7 0.8546875 0.44296875 0.159375 0.3953125
54 0.434375 0.7875 0.7015625 0.25937525 0.2015625 0.3515625 0.2125 0.4109375
43 0.346875 0.37265625 0.1859375 0.4078125
2 0.53046875 0.396875 0.19375 0.4
1 0.63515625 0.4046875 0.13125 0.4
7 0.7515625 0.43359375 0.159375 0.4078125
7 0.8546875 0.44296875 0.159375 0.3953125
54 0.434375 0.7875 0.7015625 0.25937525 0.2015625 0.3515625 0.2125 0.4109375
43 0.346875 0.37265625 0.1859375 0.4078125
2 0.53046875 0.396875 0.19375 0.4
1 0.63515625 0.4046875 0.13125 0.4
7 0.7515625 0.43359375 0.159375 0.4078125
7 0.8546875 0.44296875 0.159375 0.3953125
54 0.434375 0.7875 0.7015625 0.259375