10 0.20234375 0.459375 0.1890625 0.403125
15 0.3484375 0.47109375 0.178125 0.409375
3 0.521875 0.47421875 0.1859375 0.390625
0 0.65703125 0.4859375 0.1703125 0.390625
1 0.77578125 0.49765625 0.1359375 0.403125
2 0.88984375 0.5078125 0.18125 0.396875
80 0.5015625 0.83359375 0.5296875 0.270312510 0.20234375 0.459375 0.1890625 0.403125
15 0.3484375 0.47109375 0.178125 0.409375
3 0.521875 0.47421875 0.1859375 0.390625
0 0.65703125 0.4859375 0.1703125 0.390625
1 0.77578125 0.49765625 0.1359375 0.403125
2 0.88984375 0.5078125 0.18125 0.396875
80 0.5015625 0.83359375 0.5296875 0.270312510 0.20234375 0.459375 0.1890625 0.403125
15 0.3484375 0.47109375 0.178125 0.409375
3 0.521875 0.47421875 0.1859375 0.390625
0 0.65703125 0.4859375 0.1703125 0.390625
1 0.77578125 0.49765625 0.1359375 0.403125
2 0.88984375 0.5078125 0.18125 0.396875
80 0.5015625 0.83359375 0.5296875 0.2703125