33 0.27890625 0.40546875 0.18359375 0.38515625
2 0.46484375 0.41875 0.14921875 0.3921875
1 0.57890625 0.4296875 0.08125 0.39921875
7 0.68515625 0.43046875 0.1375 0.38671875
9 0.803125 0.4265625 0.140625 0.39375
54 0.46875 0.76875 0.6734375 0.1562533 0.27890625 0.40546875 0.18359375 0.38515625
2 0.46484375 0.41875 0.14921875 0.3921875
1 0.57890625 0.4296875 0.08125 0.39921875
7 0.68515625 0.43046875 0.1375 0.38671875
9 0.803125 0.4265625 0.140625 0.39375
54 0.46875 0.76875 0.6734375 0.1562533 0.27890625 0.40546875 0.18359375 0.38515625
2 0.46484375 0.41875 0.14921875 0.3921875
1 0.57890625 0.4296875 0.08125 0.39921875
7 0.68515625 0.43046875 0.1375 0.38671875
9 0.803125 0.4265625 0.140625 0.39375
54 0.46875 0.76875 0.6734375 0.15625