10 0.2015625 0.4640625 0.1828125 0.4
15 0.3484375 0.4734375 0.171875 0.40625
3 0.52109375 0.47421875 0.1796875 0.3875
0 0.65703125 0.48359375 0.1640625 0.3890625
1 0.77578125 0.49296875 0.1296875 0.4015625
2 0.88984375 0.50078125 0.1734375 0.39375
80 0.50703125 0.83359375 0.5265625 0.260937510 0.2015625 0.4640625 0.1828125 0.4
15 0.3484375 0.4734375 0.171875 0.40625
3 0.52109375 0.47421875 0.1796875 0.3875
0 0.65703125 0.48359375 0.1640625 0.3890625
1 0.77578125 0.49296875 0.1296875 0.4015625
2 0.88984375 0.50078125 0.1734375 0.39375
80 0.50703125 0.83359375 0.5265625 0.260937510 0.2015625 0.4640625 0.1828125 0.4
15 0.3484375 0.4734375 0.171875 0.40625
3 0.52109375 0.47421875 0.1796875 0.3875
0 0.65703125 0.48359375 0.1640625 0.3890625
1 0.77578125 0.49296875 0.1296875 0.4015625
2 0.88984375 0.50078125 0.1734375 0.39375
80 0.50703125 0.83359375 0.5265625 0.2609375