33 0.2671875 0.44140625 0.2421875 0.409375
2 0.45234375 0.425 0.209375 0.4109375
1 0.5671875 0.41796875 0.1421875 0.40625
7 0.671875 0.40234375 0.196875 0.403125
9 0.78828125 0.3796875 0.2 0.4109375
54 0.5109375 0.7703125 0.6890625 0.25937533 0.2671875 0.44140625 0.2421875 0.409375
2 0.45234375 0.425 0.209375 0.4109375
1 0.5671875 0.41796875 0.1421875 0.40625
7 0.671875 0.40234375 0.196875 0.403125
9 0.78828125 0.3796875 0.2 0.4109375
54 0.5109375 0.7703125 0.6890625 0.25937533 0.2671875 0.44140625 0.2421875 0.409375
2 0.45234375 0.425 0.209375 0.4109375
1 0.5671875 0.41796875 0.1421875 0.40625
7 0.671875 0.40234375 0.196875 0.403125
9 0.78828125 0.3796875 0.2 0.4109375
54 0.5109375 0.7703125 0.6890625 0.259375