25 0.1875 0.38359375 0.1734375 0.396875
43 0.334375 0.38984375 0.1453125 0.3984375
2 0.51953125 0.39453125 0.15625 0.3890625
1 0.62421875 0.390625 0.0921875 0.3953125
7 0.74296875 0.4078125 0.11875 0.4015625
7 0.84609375 0.40625 0.1203125 0.3875
54 0.46484375 0.79296875 0.690625 0.189062525 0.1875 0.38359375 0.1734375 0.396875
43 0.334375 0.38984375 0.1453125 0.3984375
2 0.51953125 0.39453125 0.15625 0.3890625
1 0.62421875 0.390625 0.0921875 0.3953125
7 0.74296875 0.4078125 0.11875 0.4015625
7 0.84609375 0.40625 0.1203125 0.3875
54 0.46484375 0.79296875 0.690625 0.189062525 0.1875 0.38359375 0.1734375 0.396875
43 0.334375 0.38984375 0.1453125 0.3984375
2 0.51953125 0.39453125 0.15625 0.3890625
1 0.62421875 0.390625 0.0921875 0.3953125
7 0.74296875 0.4078125 0.11875 0.4015625
7 0.84609375 0.40625 0.1203125 0.3875
54 0.46484375 0.79296875 0.690625 0.1890625