33 0.29609375 0.371875 0.2421875 0.409375
2 0.478125 0.4140625 0.209375 0.4109375
1 0.5890625 0.44296875 0.1421875 0.40625
7 0.69375 0.46015625 0.196875 0.403125
9 0.8109375 0.475 0.2 0.4109375
54 0.42734375 0.7609375 0.6890625 0.25937533 0.29609375 0.371875 0.2421875 0.409375
2 0.478125 0.4140625 0.209375 0.4109375
1 0.5890625 0.44296875 0.1421875 0.40625
7 0.69375 0.46015625 0.196875 0.403125
9 0.8109375 0.475 0.2 0.4109375
54 0.42734375 0.7609375 0.6890625 0.25937533 0.29609375 0.371875 0.2421875 0.409375
2 0.478125 0.4140625 0.209375 0.4109375
1 0.5890625 0.44296875 0.1421875 0.40625
7 0.69375 0.46015625 0.196875 0.403125
9 0.8109375 0.475 0.2 0.4109375
54 0.42734375 0.7609375 0.6890625 0.259375