10 0.2 0.48515625 0.15625 0.390625
15 0.346875 0.484375 0.14453125 0.39765625
3 0.51953125 0.47265625 0.153125 0.378125
0 0.65546875 0.47265625 0.1375 0.38046875
1 0.77421875 0.4734375 0.10234375 0.39609375
2 0.8890625 0.4734375 0.14765625 0.38515625
80 0.53046875 0.83203125 0.5125 0.2257812510 0.2 0.48515625 0.15625 0.390625
15 0.346875 0.484375 0.14453125 0.39765625
3 0.51953125 0.47265625 0.153125 0.378125
0 0.65546875 0.47265625 0.1375 0.38046875
1 0.77421875 0.4734375 0.10234375 0.39609375
2 0.8890625 0.4734375 0.14765625 0.38515625
80 0.53046875 0.83203125 0.5125 0.2257812510 0.2 0.48515625 0.15625 0.390625
15 0.346875 0.484375 0.14453125 0.39765625
3 0.51953125 0.47265625 0.153125 0.378125
0 0.65546875 0.47265625 0.1375 0.38046875
1 0.77421875 0.4734375 0.10234375 0.39609375
2 0.8890625 0.4734375 0.14765625 0.38515625
80 0.53046875 0.83203125 0.5125 0.22578125