33 0.27421875 0.4171875 0.203125 0.39375
2 0.4609375 0.4203125 0.1703125 0.4
1 0.575 0.42578125 0.1015625 0.403125
7 0.68125 0.42109375 0.1578125 0.39375
9 0.79921875 0.4109375 0.1609375 0.4
54 0.4828125 0.7703125 0.68125 0.19062533 0.27421875 0.4171875 0.203125 0.39375
2 0.4609375 0.4203125 0.1703125 0.4
1 0.575 0.42578125 0.1015625 0.403125
7 0.68125 0.42109375 0.1578125 0.39375
9 0.79921875 0.4109375 0.1609375 0.4
54 0.4828125 0.7703125 0.68125 0.19062533 0.27421875 0.4171875 0.203125 0.39375
2 0.4609375 0.4203125 0.1703125 0.4
1 0.575 0.42578125 0.1015625 0.403125
7 0.68125 0.42109375 0.1578125 0.39375
9 0.79921875 0.4109375 0.1609375 0.4
54 0.4828125 0.7703125 0.68125 0.190625