34 0.14453125 0.38515625 0.184375 0.4125
14 0.3078125 0.4046875 0.203125 0.403125
2 0.4859375 0.41875 0.18125 0.4125
1 0.61328125 0.4171875 0.10625 0.41875
7 0.71953125 0.421875 0.1515625 0.4125
3 0.85 0.41875 0.1359375 0.396875
54 0.50390625 0.78203125 0.6859375 0.192187534 0.14453125 0.38515625 0.184375 0.4125
14 0.3078125 0.4046875 0.203125 0.403125
2 0.4859375 0.41875 0.18125 0.4125
1 0.61328125 0.4171875 0.10625 0.41875
7 0.71953125 0.421875 0.1515625 0.4125
3 0.85 0.41875 0.1359375 0.396875
54 0.50390625 0.78203125 0.6859375 0.192187534 0.14453125 0.38515625 0.184375 0.4125
14 0.3078125 0.4046875 0.203125 0.403125
2 0.4859375 0.41875 0.18125 0.4125
1 0.61328125 0.4171875 0.10625 0.41875
7 0.71953125 0.421875 0.1515625 0.4125
3 0.85 0.41875 0.1359375 0.396875
54 0.50390625 0.78203125 0.6859375 0.1921875