34 0.1359375 0.41640625 0.21875 0.425
14 0.3 0.421875 0.2375 0.4171875
2 0.47890625 0.4203125 0.215625 0.425
1 0.60546875 0.4078125 0.1421875 0.425
7 0.7125 0.403125 0.1859375 0.4234375
3 0.8421875 0.38828125 0.16875 0.40625
54 0.52890625 0.78046875 0.6984375 0.251562534 0.1359375 0.41640625 0.21875 0.425
14 0.3 0.421875 0.2375 0.4171875
2 0.47890625 0.4203125 0.215625 0.425
1 0.60546875 0.4078125 0.1421875 0.425
7 0.7125 0.403125 0.1859375 0.4234375
3 0.8421875 0.38828125 0.16875 0.40625
54 0.52890625 0.78046875 0.6984375 0.251562534 0.1359375 0.41640625 0.21875 0.425
14 0.3 0.421875 0.2375 0.4171875
2 0.47890625 0.4203125 0.215625 0.425
1 0.60546875 0.4078125 0.1421875 0.425
7 0.7125 0.403125 0.1859375 0.4234375
3 0.8421875 0.38828125 0.16875 0.40625
54 0.52890625 0.78046875 0.6984375 0.2515625