25 0.20390625 0.34609375 0.2203125 0.4125
43 0.34921875 0.3703125 0.1921875 0.409375
2 0.53203125 0.39765625 0.2 0.4015625
1 0.63671875 0.40703125 0.1390625 0.4
7 0.75234375 0.43828125 0.165625 0.409375
7 0.85546875 0.44921875 0.165625 0.3953125
54 0.4296875 0.7859375 0.703125 0.270312525 0.20390625 0.34609375 0.2203125 0.4125
43 0.34921875 0.3703125 0.1921875 0.409375
2 0.53203125 0.39765625 0.2 0.4015625
1 0.63671875 0.40703125 0.1390625 0.4
7 0.75234375 0.43828125 0.165625 0.409375
7 0.85546875 0.44921875 0.165625 0.3953125
54 0.4296875 0.7859375 0.703125 0.270312525 0.20390625 0.34609375 0.2203125 0.4125
43 0.34921875 0.3703125 0.1921875 0.409375
2 0.53203125 0.39765625 0.2 0.4015625
1 0.63671875 0.40703125 0.1390625 0.4
7 0.75234375 0.43828125 0.165625 0.409375
7 0.85546875 0.44921875 0.165625 0.3953125
54 0.4296875 0.7859375 0.703125 0.2703125