34 0.146875 0.37890625 0.17734375 0.409375
14 0.309375 0.4015625 0.19609375 0.39921875
2 0.4875 0.41875 0.1734375 0.409375
1 0.61484375 0.41953125 0.09921875 0.41640625
7 0.72109375 0.42578125 0.14375 0.41015625
3 0.8515625 0.425 0.12890625 0.39453125
54 0.49921875 0.78203125 0.68359375 0.1804687534 0.146875 0.37890625 0.17734375 0.409375
14 0.309375 0.4015625 0.19609375 0.39921875
2 0.4875 0.41875 0.1734375 0.409375
1 0.61484375 0.41953125 0.09921875 0.41640625
7 0.72109375 0.42578125 0.14375 0.41015625
3 0.8515625 0.425 0.12890625 0.39453125
54 0.49921875 0.78203125 0.68359375 0.1804687534 0.146875 0.37890625 0.17734375 0.409375
14 0.309375 0.4015625 0.19609375 0.39921875
2 0.4875 0.41875 0.1734375 0.409375
1 0.61484375 0.41953125 0.09921875 0.41640625
7 0.72109375 0.42578125 0.14375 0.41015625
3 0.8515625 0.425 0.12890625 0.39453125
54 0.49921875 0.78203125 0.68359375 0.18046875