34 0.1390625 0.40390625 0.2046875 0.4203125
14 0.303125 0.41484375 0.2234375 0.4125
2 0.48203125 0.41953125 0.2015625 0.4203125
1 0.60859375 0.41171875 0.128125 0.421875
7 0.715625 0.41015625 0.171875 0.41875
3 0.8453125 0.40078125 0.15625 0.403125
54 0.51875 0.78125 0.69375 0.22812534 0.1390625 0.40390625 0.2046875 0.4203125
14 0.303125 0.41484375 0.2234375 0.4125
2 0.48203125 0.41953125 0.2015625 0.4203125
1 0.60859375 0.41171875 0.128125 0.421875
7 0.715625 0.41015625 0.171875 0.41875
3 0.8453125 0.40078125 0.15625 0.403125
54 0.51875 0.78125 0.69375 0.22812534 0.1390625 0.40390625 0.2046875 0.4203125
14 0.303125 0.41484375 0.2234375 0.4125
2 0.48203125 0.41953125 0.2015625 0.4203125
1 0.60859375 0.41171875 0.128125 0.421875
7 0.715625 0.41015625 0.171875 0.41875
3 0.8453125 0.40078125 0.15625 0.403125
54 0.51875 0.78125 0.69375 0.228125