10 0.2015625 0.53203125 0.215625 0.4109375
15 0.34609375 0.50859375 0.2046875 0.415625
3 0.51484375 0.4703125 0.2109375 0.396875
0 0.64921875 0.4484375 0.1953125 0.396875
1 0.76640625 0.43125 0.1625 0.4078125
2 0.88046875 0.41328125 0.20625 0.403125
80 0.58203125 0.8234375 0.5421875 0.30312510 0.2015625 0.53203125 0.215625 0.4109375
15 0.34609375 0.50859375 0.2046875 0.415625
3 0.51484375 0.4703125 0.2109375 0.396875
0 0.64921875 0.4484375 0.1953125 0.396875
1 0.76640625 0.43125 0.1625 0.4078125
2 0.88046875 0.41328125 0.20625 0.403125
80 0.58203125 0.8234375 0.5421875 0.30312510 0.2015625 0.53203125 0.215625 0.4109375
15 0.34609375 0.50859375 0.2046875 0.415625
3 0.51484375 0.4703125 0.2109375 0.396875
0 0.64921875 0.4484375 0.1953125 0.396875
1 0.76640625 0.43125 0.1625 0.4078125
2 0.88046875 0.41328125 0.20625 0.403125
80 0.58203125 0.8234375 0.5421875 0.303125