10 0.175 0.38203125 0.16484375 0.43203125
11 0.32734375 0.38203125 0.16328125 0.4203125
2 0.51640625 0.39140625 0.14609375 0.4390625
1 0.63125 0.3890625 0.10390625 0.4375
8 0.7453125 0.38359375 0.11484375 0.4203125
3 0.87734375 0.390625 0.1265625 0.434375
90 0.52421875 0.74140625 0.253125 0.24687510 0.175 0.38203125 0.16484375 0.43203125
11 0.32734375 0.38203125 0.16328125 0.4203125
2 0.51640625 0.39140625 0.14609375 0.4390625
1 0.63125 0.3890625 0.10390625 0.4375
8 0.7453125 0.38359375 0.11484375 0.4203125
3 0.87734375 0.390625 0.1265625 0.434375
90 0.52421875 0.74140625 0.253125 0.24687510 0.175 0.38203125 0.16484375 0.43203125
11 0.32734375 0.38203125 0.16328125 0.4203125
2 0.51640625 0.39140625 0.14609375 0.4390625
1 0.63125 0.3890625 0.10390625 0.4375
8 0.7453125 0.38359375 0.11484375 0.4203125
3 0.87734375 0.390625 0.1265625 0.434375
90 0.52421875 0.74140625 0.253125 0.246875