10 0.18671875 0.35390625 0.2015625 0.4453125
11 0.33828125 0.3671875 0.2 0.4328125
2 0.52578125 0.39296875 0.184375 0.45
1 0.640625 0.40078125 0.1421875 0.4453125
8 0.7546875 0.40546875 0.1515625 0.428125
3 0.88515625 0.42421875 0.1640625 0.44375
90 0.503125 0.74296875 0.2734375 0.2687510 0.18671875 0.35390625 0.2015625 0.4453125
11 0.33828125 0.3671875 0.2 0.4328125
2 0.52578125 0.39296875 0.184375 0.45
1 0.640625 0.40078125 0.1421875 0.4453125
8 0.7546875 0.40546875 0.1515625 0.428125
3 0.88515625 0.42421875 0.1640625 0.44375
90 0.503125 0.74296875 0.2734375 0.2687510 0.18671875 0.35390625 0.2015625 0.4453125
11 0.33828125 0.3671875 0.2 0.4328125
2 0.52578125 0.39296875 0.184375 0.45
1 0.640625 0.40078125 0.1421875 0.4453125
8 0.7546875 0.40546875 0.1515625 0.428125
3 0.88515625 0.42421875 0.1640625 0.44375
90 0.503125 0.74296875 0.2734375 0.26875