21 0.15390625 0.403125 0.1796875 0.4796875
45 0.3203125 0.38515625 0.1953125 0.4484375
2 0.56796875 0.38125 0.1875 0.4515625
1 0.70078125 0.38515625 0.1203125 0.4484375
9 0.83046875 0.38203125 0.15 0.43125
54 0.5140625 0.77578125 0.678125 0.176562521 0.15390625 0.403125 0.1796875 0.4796875
45 0.3203125 0.38515625 0.1953125 0.4484375
2 0.56796875 0.38125 0.1875 0.4515625
1 0.70078125 0.38515625 0.1203125 0.4484375
9 0.83046875 0.38203125 0.15 0.43125
54 0.5140625 0.77578125 0.678125 0.176562521 0.15390625 0.403125 0.1796875 0.4796875
45 0.3203125 0.38515625 0.1953125 0.4484375
2 0.56796875 0.38125 0.1875 0.4515625
1 0.70078125 0.38515625 0.1203125 0.4484375
9 0.83046875 0.38203125 0.15 0.43125
54 0.5140625 0.77578125 0.678125 0.1765625