21 0.15234375 0.409375 0.171875 0.478125
45 0.31796875 0.38828125 0.1875 0.44375
2 0.565625 0.38046875 0.178125 0.45
1 0.6984375 0.38203125 0.1125 0.446875
9 0.828125 0.3765625 0.1421875 0.428125
54 0.51875 0.77578125 0.675 0.16562521 0.15234375 0.409375 0.171875 0.478125
45 0.31796875 0.38828125 0.1875 0.44375
2 0.565625 0.38046875 0.178125 0.45
1 0.6984375 0.38203125 0.1125 0.446875
9 0.828125 0.3765625 0.1421875 0.428125
54 0.51875 0.77578125 0.675 0.16562521 0.15234375 0.409375 0.171875 0.478125
45 0.31796875 0.38828125 0.1875 0.44375
2 0.565625 0.38046875 0.178125 0.45
1 0.6984375 0.38203125 0.1125 0.446875
9 0.828125 0.3765625 0.1421875 0.428125
54 0.51875 0.77578125 0.675 0.165625