21 0.1734375 0.35 0.2515625 0.5
45 0.33984375 0.35859375 0.2625 0.4703125
2 0.58515625 0.39375 0.2546875 0.4734375
1 0.715625 0.41796875 0.1875 0.459375
9 0.84453125 0.43515625 0.2140625 0.446875
54 0.4703125 0.775 0.69375 0.279687521 0.1734375 0.35 0.2515625 0.5
45 0.33984375 0.35859375 0.2625 0.4703125
2 0.58515625 0.39375 0.2546875 0.4734375
1 0.715625 0.41796875 0.1875 0.459375
9 0.84453125 0.43515625 0.2140625 0.446875
54 0.4703125 0.775 0.69375 0.279687521 0.1734375 0.35 0.2515625 0.5
45 0.33984375 0.35859375 0.2625 0.4703125
2 0.58515625 0.39375 0.2546875 0.4734375
1 0.715625 0.41796875 0.1875 0.459375
9 0.84453125 0.43515625 0.2140625 0.446875
54 0.4703125 0.775 0.69375 0.2796875