14 0.37734375 0.28359375 0.1609375 0.2328125
42 0.54140625 0.309375 0.1921875 0.2546875
39 0.71953125 0.33515625 0.2078125 0.2453125
63 0.51953125 0.53984375 0.334375 0.24375
2 0.40234375 0.7390625 0.1671875 0.2265625
1 0.57421875 0.7625 0.1765625 0.22812514 0.37734375 0.28359375 0.1609375 0.2328125
42 0.54140625 0.309375 0.1921875 0.2546875
39 0.71953125 0.33515625 0.2078125 0.2453125
63 0.51953125 0.53984375 0.334375 0.24375
2 0.40234375 0.7390625 0.1671875 0.2265625
1 0.57421875 0.7625 0.1765625 0.22812514 0.37734375 0.28359375 0.1609375 0.2328125
42 0.54140625 0.309375 0.1921875 0.2546875
39 0.71953125 0.33515625 0.2078125 0.2453125
63 0.51953125 0.53984375 0.334375 0.24375
2 0.40234375 0.7390625 0.1671875 0.2265625
1 0.57421875 0.7625 0.1765625 0.228125