14 0.35234375 0.3 0.1359375 0.2203125
42 0.51796875 0.30625 0.165625 0.2375
39 0.6984375 0.31015625 0.1828125 0.2265625
63 0.52421875 0.53671875 0.3140625 0.2078125
2 0.43203125 0.74921875 0.14375 0.2109375
1 0.60546875 0.7515625 0.153125 0.214062514 0.35234375 0.3 0.1359375 0.2203125
42 0.51796875 0.30625 0.165625 0.2375
39 0.6984375 0.31015625 0.1828125 0.2265625
63 0.52421875 0.53671875 0.3140625 0.2078125
2 0.43203125 0.74921875 0.14375 0.2109375
1 0.60546875 0.7515625 0.153125 0.214062514 0.35234375 0.3 0.1359375 0.2203125
42 0.51796875 0.30625 0.165625 0.2375
39 0.6984375 0.31015625 0.1828125 0.2265625
63 0.52421875 0.53671875 0.3140625 0.2078125
2 0.43203125 0.74921875 0.14375 0.2109375
1 0.60546875 0.7515625 0.153125 0.2140625