21 0.1859375 0.4375 0.1703125 0.396875
11 0.328125 0.4171875 0.1890625 0.3859375
2 0.5859375 0.39296875 0.1859375 0.3671875
1 0.70625 0.3890625 0.14375 0.3640625
120 0.49140625 0.73203125 0.21875 0.239062521 0.1859375 0.4375 0.1703125 0.396875
11 0.328125 0.4171875 0.1890625 0.3859375
2 0.5859375 0.39296875 0.1859375 0.3671875
1 0.70625 0.3890625 0.14375 0.3640625
120 0.49140625 0.73203125 0.21875 0.239062521 0.1859375 0.4375 0.1703125 0.396875
11 0.328125 0.4171875 0.1890625 0.3859375
2 0.5859375 0.39296875 0.1859375 0.3671875
1 0.70625 0.3890625 0.14375 0.3640625
120 0.49140625 0.73203125 0.21875 0.2390625