21 0.19296875 0.41015625 0.13671875 0.38671875
11 0.3359375 0.40234375 0.1578125 0.3734375
2 0.5953125 0.40078125 0.15625 0.35546875
1 0.71484375 0.4078125 0.11328125 0.35546875
120 0.47109375 0.73046875 0.2 0.2226562521 0.19296875 0.41015625 0.13671875 0.38671875
11 0.3359375 0.40234375 0.1578125 0.3734375
2 0.5953125 0.40078125 0.15625 0.35546875
1 0.71484375 0.4078125 0.11328125 0.35546875
120 0.47109375 0.73046875 0.2 0.2226562521 0.19296875 0.41015625 0.13671875 0.38671875
11 0.3359375 0.40234375 0.1578125 0.3734375
2 0.5953125 0.40078125 0.15625 0.35546875
1 0.71484375 0.4078125 0.11328125 0.35546875
120 0.47109375 0.73046875 0.2 0.22265625