14 0.31640625 0.33203125 0.1609375 0.2328125
42 0.48046875 0.30625 0.1921875 0.2546875
39 0.65859375 0.27578125 0.2078125 0.2453125
63 0.53125 0.53125 0.334375 0.24375
2 0.48046875 0.7578125 0.1671875 0.2265625
1 0.6515625 0.7265625 0.1765625 0.22812514 0.31640625 0.33203125 0.1609375 0.2328125
42 0.48046875 0.30625 0.1921875 0.2546875
39 0.65859375 0.27578125 0.2078125 0.2453125
63 0.53125 0.53125 0.334375 0.24375
2 0.48046875 0.7578125 0.1671875 0.2265625
1 0.6515625 0.7265625 0.1765625 0.22812514 0.31640625 0.33203125 0.1609375 0.2328125
42 0.48046875 0.30625 0.1921875 0.2546875
39 0.65859375 0.27578125 0.2078125 0.2453125
63 0.53125 0.53125 0.334375 0.24375
2 0.48046875 0.7578125 0.1671875 0.2265625
1 0.6515625 0.7265625 0.1765625 0.228125