31 0.18515625 0.35234375 0.1453125 0.378125
42 0.33515625 0.35390625 0.159375 0.3640625
2 0.66171875 0.35234375 0.146875 0.3703125
1 0.778125 0.35 0.1046875 0.3875
54 0.53984375 0.7125 0.671875 0.1562531 0.18515625 0.35234375 0.1453125 0.378125
42 0.33515625 0.35390625 0.159375 0.3640625
2 0.66171875 0.35234375 0.146875 0.3703125
1 0.778125 0.35 0.1046875 0.3875
54 0.53984375 0.7125 0.671875 0.1562531 0.18515625 0.35234375 0.1453125 0.378125
42 0.33515625 0.35390625 0.159375 0.3640625
2 0.66171875 0.35234375 0.146875 0.3703125
1 0.778125 0.35 0.1046875 0.3875
54 0.53984375 0.7125 0.671875 0.15625