31 0.1796875 0.36328125 0.1578125 0.38125
42 0.3296875 0.359375 0.1703125 0.36875
2 0.65625 0.346875 0.159375 0.375
1 0.77265625 0.33984375 0.1171875 0.3890625
54 0.546875 0.7109375 0.675 0.179687531 0.1796875 0.36328125 0.1578125 0.38125
42 0.3296875 0.359375 0.1703125 0.36875
2 0.65625 0.346875 0.159375 0.375
1 0.77265625 0.33984375 0.1171875 0.3890625
54 0.546875 0.7109375 0.675 0.179687531 0.1796875 0.36328125 0.1578125 0.38125
42 0.3296875 0.359375 0.1703125 0.36875
2 0.65625 0.346875 0.159375 0.375
1 0.77265625 0.33984375 0.1171875 0.3890625
54 0.546875 0.7109375 0.675 0.1796875