21 0.2 0.3890625 0.1640625 0.3953125
11 0.34296875 0.39140625 0.1828125 0.3828125
2 0.60234375 0.4078125 0.18125 0.365625
1 0.72109375 0.42265625 0.1375 0.3625
120 0.45546875 0.728125 0.215625 0.235937521 0.2 0.3890625 0.1640625 0.3953125
11 0.34296875 0.39140625 0.1828125 0.3828125
2 0.60234375 0.4078125 0.18125 0.365625
1 0.72109375 0.42265625 0.1375 0.3625
120 0.45546875 0.728125 0.215625 0.235937521 0.2 0.3890625 0.1640625 0.3953125
11 0.34296875 0.39140625 0.1828125 0.3828125
2 0.60234375 0.4078125 0.18125 0.365625
1 0.72109375 0.42265625 0.1375 0.3625
120 0.45546875 0.728125 0.215625 0.2359375