19 0.209375 0.365625 0.2078125 0.371875
46 0.359375 0.37421875 0.203125 0.36875
2 0.51875 0.4 0.18125 0.359375
2 0.628125 0.41875 0.1703125 0.3546875
0 0.740625 0.428125 0.1484375 0.3421875
4 0.84140625 0.4421875 0.165625 0.353125
54 0.4359375 0.7328125 0.646875 0.264062519 0.209375 0.365625 0.2078125 0.371875
46 0.359375 0.37421875 0.203125 0.36875
2 0.51875 0.4 0.18125 0.359375
2 0.628125 0.41875 0.1703125 0.3546875
0 0.740625 0.428125 0.1484375 0.3421875
4 0.84140625 0.4421875 0.165625 0.353125
54 0.4359375 0.7328125 0.646875 0.264062519 0.209375 0.365625 0.2078125 0.371875
46 0.359375 0.37421875 0.203125 0.36875
2 0.51875 0.4 0.18125 0.359375
2 0.628125 0.41875 0.1703125 0.3546875
0 0.740625 0.428125 0.1484375 0.3421875
4 0.84140625 0.4421875 0.165625 0.353125
54 0.4359375 0.7328125 0.646875 0.2640625