19 0.18671875 0.434375 0.203125 0.36875
46 0.33515625 0.40859375 0.1984375 0.3671875
2 0.4953125 0.3984375 0.1765625 0.3578125
2 0.60625 0.3921875 0.1640625 0.353125
0 0.71796875 0.37578125 0.14375 0.3421875
4 0.81953125 0.36640625 0.159375 0.3515625
54 0.48984375 0.74140625 0.6453125 0.25312519 0.18671875 0.434375 0.203125 0.36875
46 0.33515625 0.40859375 0.1984375 0.3671875
2 0.4953125 0.3984375 0.1765625 0.3578125
2 0.60625 0.3921875 0.1640625 0.353125
0 0.71796875 0.37578125 0.14375 0.3421875
4 0.81953125 0.36640625 0.159375 0.3515625
54 0.48984375 0.74140625 0.6453125 0.25312519 0.18671875 0.434375 0.203125 0.36875
46 0.33515625 0.40859375 0.1984375 0.3671875
2 0.4953125 0.3984375 0.1765625 0.3578125
2 0.60625 0.3921875 0.1640625 0.353125
0 0.71796875 0.37578125 0.14375 0.3421875
4 0.81953125 0.36640625 0.159375 0.3515625
54 0.48984375 0.74140625 0.6453125 0.253125