19 0.1953125 0.40234375 0.16640625 0.35390625
46 0.3453125 0.3921875 0.16171875 0.35234375
2 0.50625 0.3984375 0.140625 0.3453125
2 0.6171875 0.40390625 0.12890625 0.3421875
0 0.7296875 0.39921875 0.109375 0.33203125
4 0.83203125 0.40078125 0.125 0.340625
54 0.46484375 0.7390625 0.62890625 0.189062519 0.1953125 0.40234375 0.16640625 0.35390625
46 0.3453125 0.3921875 0.16171875 0.35234375
2 0.50625 0.3984375 0.140625 0.3453125
2 0.6171875 0.40390625 0.12890625 0.3421875
0 0.7296875 0.39921875 0.109375 0.33203125
4 0.83203125 0.40078125 0.125 0.340625
54 0.46484375 0.7390625 0.62890625 0.189062519 0.1953125 0.40234375 0.16640625 0.35390625
46 0.3453125 0.3921875 0.16171875 0.35234375
2 0.50625 0.3984375 0.140625 0.3453125
2 0.6171875 0.40390625 0.12890625 0.3421875
0 0.7296875 0.39921875 0.109375 0.33203125
4 0.83203125 0.40078125 0.125 0.340625
54 0.46484375 0.7390625 0.62890625 0.1890625