19 0.190625 0.41875 0.184375 0.3625
46 0.33984375 0.40078125 0.1796875 0.3609375
2 0.50078125 0.3984375 0.1578125 0.3515625
2 0.61171875 0.39765625 0.146875 0.3484375
0 0.72421875 0.3875 0.1265625 0.3375
4 0.8265625 0.38359375 0.1421875 0.346875
54 0.47734375 0.740625 0.6375 0.22187519 0.190625 0.41875 0.184375 0.3625
46 0.33984375 0.40078125 0.1796875 0.3609375
2 0.50078125 0.3984375 0.1578125 0.3515625
2 0.61171875 0.39765625 0.146875 0.3484375
0 0.72421875 0.3875 0.1265625 0.3375
4 0.8265625 0.38359375 0.1421875 0.346875
54 0.47734375 0.740625 0.6375 0.22187519 0.190625 0.41875 0.184375 0.3625
46 0.33984375 0.40078125 0.1796875 0.3609375
2 0.50078125 0.3984375 0.1578125 0.3515625
2 0.61171875 0.39765625 0.146875 0.3484375
0 0.72421875 0.3875 0.1265625 0.3375
4 0.8265625 0.38359375 0.1421875 0.346875
54 0.47734375 0.740625 0.6375 0.221875