33 0.15078125 0.36484375 0.1890625 0.4234375
40 0.3078125 0.36640625 0.1953125 0.43125
2 0.496875 0.37734375 0.1734375 0.4296875
2 0.634375 0.390625 0.159375 0.4390625
1 0.759375 0.4 0.1453125 0.4296875
4 0.87578125 0.409375 0.1609375 0.4484375
60 0.49375 0.753125 0.35625 0.262533 0.15078125 0.36484375 0.1890625 0.4234375
40 0.3078125 0.36640625 0.1953125 0.43125
2 0.496875 0.37734375 0.1734375 0.4296875
2 0.634375 0.390625 0.159375 0.4390625
1 0.759375 0.4 0.1453125 0.4296875
4 0.87578125 0.409375 0.1609375 0.4484375
60 0.49375 0.753125 0.35625 0.262533 0.15078125 0.36484375 0.1890625 0.4234375
40 0.3078125 0.36640625 0.1953125 0.43125
2 0.496875 0.37734375 0.1734375 0.4296875
2 0.634375 0.390625 0.159375 0.4390625
1 0.759375 0.4 0.1453125 0.4296875
4 0.87578125 0.409375 0.1609375 0.4484375
60 0.49375 0.753125 0.35625 0.2625