14 0.21953125 0.41328125 0.1234375 0.35625
32 0.3609375 0.41484375 0.1625 0.353125
2 0.54296875 0.4125 0.11875 0.359375
2 0.6484375 0.4078125 0.103125 0.3609375
1 0.75078125 0.41015625 0.0875 0.36875
8 0.85078125 0.41015625 0.1109375 0.3734375
63 0.5015625 0.775 0.2640625 0.2312514 0.21953125 0.41328125 0.1234375 0.35625
32 0.3609375 0.41484375 0.1625 0.353125
2 0.54296875 0.4125 0.11875 0.359375
2 0.6484375 0.4078125 0.103125 0.3609375
1 0.75078125 0.41015625 0.0875 0.36875
8 0.85078125 0.41015625 0.1109375 0.3734375
63 0.5015625 0.775 0.2640625 0.2312514 0.21953125 0.41328125 0.1234375 0.35625
32 0.3609375 0.41484375 0.1625 0.353125
2 0.54296875 0.4125 0.11875 0.359375
2 0.6484375 0.4078125 0.103125 0.3609375
1 0.75078125 0.41015625 0.0875 0.36875
8 0.85078125 0.41015625 0.1109375 0.3734375
63 0.5015625 0.775 0.2640625 0.23125