14 0.2265625 0.39375 0.1484375 0.3625
32 0.3671875 0.40546875 0.1859375 0.3625
2 0.54921875 0.415625 0.1421875 0.3671875
2 0.6546875 0.41875 0.128125 0.3671875
1 0.75625 0.428125 0.1125 0.3734375
8 0.85625 0.43515625 0.1359375 0.3796875
63 0.48203125 0.77421875 0.2796875 0.248437514 0.2265625 0.39375 0.1484375 0.3625
32 0.3671875 0.40546875 0.1859375 0.3625
2 0.54921875 0.415625 0.1421875 0.3671875
2 0.6546875 0.41875 0.128125 0.3671875
1 0.75625 0.428125 0.1125 0.3734375
8 0.85625 0.43515625 0.1359375 0.3796875
63 0.48203125 0.77421875 0.2796875 0.248437514 0.2265625 0.39375 0.1484375 0.3625
32 0.3671875 0.40546875 0.1859375 0.3625
2 0.54921875 0.415625 0.1421875 0.3671875
2 0.6546875 0.41875 0.128125 0.3671875
1 0.75625 0.428125 0.1125 0.3734375
8 0.85625 0.43515625 0.1359375 0.3796875
63 0.48203125 0.77421875 0.2796875 0.2484375