14 0.21171875 0.44296875 0.159375 0.3671875
32 0.353125 0.4296875 0.1984375 0.3671875
2 0.53359375 0.40859375 0.1546875 0.3703125
2 0.63828125 0.39296875 0.140625 0.3703125
1 0.73984375 0.384375 0.125 0.375
8 0.83984375 0.37421875 0.15 0.3828125
63 0.53046875 0.7734375 0.2875 0.257812514 0.21171875 0.44296875 0.159375 0.3671875
32 0.353125 0.4296875 0.1984375 0.3671875
2 0.53359375 0.40859375 0.1546875 0.3703125
2 0.63828125 0.39296875 0.140625 0.3703125
1 0.73984375 0.384375 0.125 0.375
8 0.83984375 0.37421875 0.15 0.3828125
63 0.53046875 0.7734375 0.2875 0.257812514 0.21171875 0.44296875 0.159375 0.3671875
32 0.353125 0.4296875 0.1984375 0.3671875
2 0.53359375 0.40859375 0.1546875 0.3703125
2 0.63828125 0.39296875 0.140625 0.3703125
1 0.73984375 0.384375 0.125 0.375
8 0.83984375 0.37421875 0.15 0.3828125
63 0.53046875 0.7734375 0.2875 0.2578125