33 0.14453125 0.38359375 0.16796875 0.41484375
40 0.30078125 0.3765625 0.1734375 0.4234375
2 0.490625 0.37734375 0.15234375 0.421875
2 0.628125 0.38359375 0.13671875 0.43203125
1 0.75390625 0.38671875 0.1234375 0.4234375
4 0.8703125 0.38984375 0.1375 0.44140625
60 0.50703125 0.753125 0.34375 0.2445312533 0.14453125 0.38359375 0.16796875 0.41484375
40 0.30078125 0.3765625 0.1734375 0.4234375
2 0.490625 0.37734375 0.15234375 0.421875
2 0.628125 0.38359375 0.13671875 0.43203125
1 0.75390625 0.38671875 0.1234375 0.4234375
4 0.8703125 0.38984375 0.1375 0.44140625
60 0.50703125 0.753125 0.34375 0.2445312533 0.14453125 0.38359375 0.16796875 0.41484375
40 0.30078125 0.3765625 0.1734375 0.4234375
2 0.490625 0.37734375 0.15234375 0.421875
2 0.628125 0.38359375 0.13671875 0.43203125
1 0.75390625 0.38671875 0.1234375 0.4234375
4 0.8703125 0.38984375 0.1375 0.44140625
60 0.50703125 0.753125 0.34375 0.24453125