33 0.1671875 0.3296875 0.23125 0.4359375
40 0.32265625 0.346875 0.2375 0.4453125
2 0.51015625 0.37734375 0.2171875 0.440625
2 0.64453125 0.4046875 0.203125 0.4484375
1 0.76875 0.428125 0.1875 0.4375
4 0.8828125 0.44921875 0.2046875 0.4578125
60 0.4671875 0.75078125 0.378125 0.295312533 0.1671875 0.3296875 0.23125 0.4359375
40 0.32265625 0.346875 0.2375 0.4453125
2 0.51015625 0.37734375 0.2171875 0.440625
2 0.64453125 0.4046875 0.203125 0.4484375
1 0.76875 0.428125 0.1875 0.4375
4 0.8828125 0.44921875 0.2046875 0.4578125
60 0.4671875 0.75078125 0.378125 0.295312533 0.1671875 0.3296875 0.23125 0.4359375
40 0.32265625 0.346875 0.2375 0.4453125
2 0.51015625 0.37734375 0.2171875 0.440625
2 0.64453125 0.4046875 0.203125 0.4484375
1 0.76875 0.428125 0.1875 0.4375
4 0.8828125 0.44921875 0.2046875 0.4578125
60 0.4671875 0.75078125 0.378125 0.2953125