35 0.2265625 0.3625 0.2265625 0.3125
41 0.39921875 0.38359375 0.2 0.3015625
2 0.6 0.425 0.1828125 0.309375
2 0.70703125 0.440625 0.175 0.3
2 0.82109375 0.45859375 0.165625 0.2984375
2 0.91953125 0.47265625 0.1609375 0.2828125
63 0.46875 0.70390625 0.3234375 0.239062535 0.2265625 0.3625 0.2265625 0.3125
41 0.39921875 0.38359375 0.2 0.3015625
2 0.6 0.425 0.1828125 0.309375
2 0.70703125 0.440625 0.175 0.3
2 0.82109375 0.45859375 0.165625 0.2984375
2 0.91953125 0.47265625 0.1609375 0.2828125
63 0.46875 0.70390625 0.3234375 0.239062535 0.2265625 0.3625 0.2265625 0.3125
41 0.39921875 0.38359375 0.2 0.3015625
2 0.6 0.425 0.1828125 0.309375
2 0.70703125 0.440625 0.175 0.3
2 0.82109375 0.45859375 0.165625 0.2984375
2 0.91953125 0.47265625 0.1609375 0.2828125
63 0.46875 0.70390625 0.3234375 0.2390625