23 0.17734375 0.3703125 0.165625 0.4140625
42 0.3375 0.3640625 0.18125 0.3890625
2 0.57421875 0.3546875 0.1484375 0.371875
2 0.70234375 0.3515625 0.1265625 0.3953125
2 0.81328125 0.36015625 0.109375 0.3921875
54 0.50625 0.73828125 0.7015625 0.242187523 0.17734375 0.3703125 0.165625 0.4140625
42 0.3375 0.3640625 0.18125 0.3890625
2 0.57421875 0.3546875 0.1484375 0.371875
2 0.70234375 0.3515625 0.1265625 0.3953125
2 0.81328125 0.36015625 0.109375 0.3921875
54 0.50625 0.73828125 0.7015625 0.242187523 0.17734375 0.3703125 0.165625 0.4140625
42 0.3375 0.3640625 0.18125 0.3890625
2 0.57421875 0.3546875 0.1484375 0.371875
2 0.70234375 0.3515625 0.1265625 0.3953125
2 0.81328125 0.36015625 0.109375 0.3921875
54 0.50625 0.73828125 0.7015625 0.2421875