11 0.2078125 0.31796875 0.1828125 0.2875
14 0.375 0.33203125 0.1578125 0.303125
2 0.5484375 0.33125 0.15 0.2828125
2 0.68359375 0.3453125 0.159375 0.284375
2 0.79921875 0.35390625 0.1578125 0.2890625
2 0.92421875 0.3625 0.1515625 0.284375
63 0.5171875 0.60234375 0.2921875 0.18437511 0.2078125 0.31796875 0.1828125 0.2875
14 0.375 0.33203125 0.1578125 0.303125
2 0.5484375 0.33125 0.15 0.2828125
2 0.68359375 0.3453125 0.159375 0.284375
2 0.79921875 0.35390625 0.1578125 0.2890625
2 0.92421875 0.3625 0.1515625 0.284375
63 0.5171875 0.60234375 0.2921875 0.18437511 0.2078125 0.31796875 0.1828125 0.2875
14 0.375 0.33203125 0.1578125 0.303125
2 0.5484375 0.33125 0.15 0.2828125
2 0.68359375 0.3453125 0.159375 0.284375
2 0.79921875 0.35390625 0.1578125 0.2890625
2 0.92421875 0.3625 0.1515625 0.284375
63 0.5171875 0.60234375 0.2921875 0.184375