50 0.18515625 0.471875 0.2234375 0.3765625
16 0.3328125 0.44921875 0.203125 0.359375
2 0.5140625 0.421875 0.203125 0.3671875
2 0.634375 0.39609375 0.1796875 0.35
2 0.753125 0.37734375 0.1953125 0.3328125
7 0.8640625 0.34765625 0.1859375 0.3578125
54 0.5609375 0.73359375 0.66875 0.26562550 0.18515625 0.471875 0.2234375 0.3765625
16 0.3328125 0.44921875 0.203125 0.359375
2 0.5140625 0.421875 0.203125 0.3671875
2 0.634375 0.39609375 0.1796875 0.35
2 0.753125 0.37734375 0.1953125 0.3328125
7 0.8640625 0.34765625 0.1859375 0.3578125
54 0.5609375 0.73359375 0.66875 0.26562550 0.18515625 0.471875 0.2234375 0.3765625
16 0.3328125 0.44921875 0.203125 0.359375
2 0.5140625 0.421875 0.203125 0.3671875
2 0.634375 0.39609375 0.1796875 0.35
2 0.753125 0.37734375 0.1953125 0.3328125
7 0.8640625 0.34765625 0.1859375 0.3578125
54 0.5609375 0.73359375 0.66875 0.265625