35 0.21171875 0.396875 0.19296875 0.29140625
41 0.3859375 0.396875 0.16640625 0.2828125
2 0.58984375 0.41328125 0.14765625 0.29296875
2 0.6984375 0.415625 0.140625 0.28515625
2 0.81328125 0.41953125 0.13203125 0.28515625
2 0.92421875 0.4203125 0.1515625 0.265625
63 0.49375 0.70625 0.3 0.204687535 0.21171875 0.396875 0.19296875 0.29140625
41 0.3859375 0.396875 0.16640625 0.2828125
2 0.58984375 0.41328125 0.14765625 0.29296875
2 0.6984375 0.415625 0.140625 0.28515625
2 0.81328125 0.41953125 0.13203125 0.28515625
2 0.92421875 0.4203125 0.1515625 0.265625
63 0.49375 0.70625 0.3 0.204687535 0.21171875 0.396875 0.19296875 0.29140625
41 0.3859375 0.396875 0.16640625 0.2828125
2 0.58984375 0.41328125 0.14765625 0.29296875
2 0.6984375 0.415625 0.140625 0.28515625
2 0.81328125 0.41953125 0.13203125 0.28515625
2 0.92421875 0.4203125 0.1515625 0.265625
63 0.49375 0.70625 0.3 0.2046875