46 0.16015625 0.34765625 0.16796875 0.45625
41 0.32265625 0.36171875 0.16171875 0.45625
2 0.496875 0.37265625 0.15078125 0.4359375
2 0.62109375 0.37109375 0.1265625 0.41171875
2 0.74609375 0.3828125 0.11484375 0.45859375
8 0.86640625 0.37890625 0.13359375 0.434375
54 0.49921875 0.7875 0.66640625 0.246 0.16015625 0.34765625 0.16796875 0.45625
41 0.32265625 0.36171875 0.16171875 0.45625
2 0.496875 0.37265625 0.15078125 0.4359375
2 0.62109375 0.37109375 0.1265625 0.41171875
2 0.74609375 0.3828125 0.11484375 0.45859375
8 0.86640625 0.37890625 0.13359375 0.434375
54 0.49921875 0.7875 0.66640625 0.246 0.16015625 0.34765625 0.16796875 0.45625
41 0.32265625 0.36171875 0.16171875 0.45625
2 0.496875 0.37265625 0.15078125 0.4359375
2 0.62109375 0.37109375 0.1265625 0.41171875
2 0.74609375 0.3828125 0.11484375 0.45859375
8 0.86640625 0.37890625 0.13359375 0.434375
54 0.49921875 0.7875 0.66640625 0.2