43 0.2203125 0.328125 0.1828125 0.3578125
49 0.35859375 0.33828125 0.1859375 0.36875
2 0.6125 0.3671875 0.1734375 0.36875
2 0.72578125 0.3765625 0.15 0.35625
2 0.84765625 0.403125 0.1796875 0.3953125
54 0.475 0.7203125 0.715625 0.2937543 0.2203125 0.328125 0.1828125 0.3578125
49 0.35859375 0.33828125 0.1859375 0.36875
2 0.6125 0.3671875 0.1734375 0.36875
2 0.72578125 0.3765625 0.15 0.35625
2 0.84765625 0.403125 0.1796875 0.3953125
54 0.475 0.7203125 0.715625 0.2937543 0.2203125 0.328125 0.1828125 0.3578125
49 0.35859375 0.33828125 0.1859375 0.36875
2 0.6125 0.3671875 0.1734375 0.36875
2 0.72578125 0.3765625 0.15 0.35625
2 0.84765625 0.403125 0.1796875 0.3953125
54 0.475 0.7203125 0.715625 0.29375