50 0.19453125 0.41796875 0.16484375 0.35390625
16 0.34453125 0.42109375 0.14609375 0.33984375
2 0.52734375 0.42578125 0.14453125 0.34765625
2 0.65 0.42109375 0.1234375 0.33359375
2 0.7703125 0.4234375 0.14375 0.3125
7 0.88515625 0.41328125 0.128125 0.340625
54 0.51953125 0.740625 0.65234375 0.154687550 0.19453125 0.41796875 0.16484375 0.35390625
16 0.34453125 0.42109375 0.14609375 0.33984375
2 0.52734375 0.42578125 0.14453125 0.34765625
2 0.65 0.42109375 0.1234375 0.33359375
2 0.7703125 0.4234375 0.14375 0.3125
7 0.88515625 0.41328125 0.128125 0.340625
54 0.51953125 0.740625 0.65234375 0.154687550 0.19453125 0.41796875 0.16484375 0.35390625
16 0.34453125 0.42109375 0.14609375 0.33984375
2 0.52734375 0.42578125 0.14453125 0.34765625
2 0.65 0.42109375 0.1234375 0.33359375
2 0.7703125 0.4234375 0.14375 0.3125
7 0.88515625 0.41328125 0.128125 0.340625
54 0.51953125 0.740625 0.65234375 0.1546875