50 0.21328125 0.36640625 0.2234375 0.3765625
16 0.3609375 0.3953125 0.203125 0.359375
2 0.53984375 0.43203125 0.203125 0.3671875
2 0.66171875 0.4484375 0.1796875 0.35
2 0.7796875 0.471875 0.1953125 0.3328125
7 0.89453125 0.48125 0.1859375 0.3578125
54 0.47734375 0.740625 0.66875 0.26562550 0.21328125 0.36640625 0.2234375 0.3765625
16 0.3609375 0.3953125 0.203125 0.359375
2 0.53984375 0.43203125 0.203125 0.3671875
2 0.66171875 0.4484375 0.1796875 0.35
2 0.7796875 0.471875 0.1953125 0.3328125
7 0.89453125 0.48125 0.1859375 0.3578125
54 0.47734375 0.740625 0.66875 0.26562550 0.21328125 0.36640625 0.2234375 0.3765625
16 0.3609375 0.3953125 0.203125 0.359375
2 0.53984375 0.43203125 0.203125 0.3671875
2 0.66171875 0.4484375 0.1796875 0.35
2 0.7796875 0.471875 0.1953125 0.3328125
7 0.89453125 0.48125 0.1859375 0.3578125
54 0.47734375 0.740625 0.66875 0.265625