43 0.21171875 0.34296875 0.165625 0.353125
49 0.35 0.34609375 0.16875 0.3625
2 0.60546875 0.36171875 0.1546875 0.3640625
2 0.71953125 0.36484375 0.1328125 0.3515625
2 0.8421875 0.38515625 0.159375 0.390625
54 0.48671875 0.721875 0.7078125 0.257812543 0.21171875 0.34296875 0.165625 0.353125
49 0.35 0.34609375 0.16875 0.3625
2 0.60546875 0.36171875 0.1546875 0.3640625
2 0.71953125 0.36484375 0.1328125 0.3515625
2 0.8421875 0.38515625 0.159375 0.390625
54 0.48671875 0.721875 0.7078125 0.257812543 0.21171875 0.34296875 0.165625 0.353125
49 0.35 0.34609375 0.16875 0.3625
2 0.60546875 0.36171875 0.1546875 0.3640625
2 0.71953125 0.36484375 0.1328125 0.3515625
2 0.8421875 0.38515625 0.159375 0.390625
54 0.48671875 0.721875 0.7078125 0.2578125