10 0.19296875 0.3203125 0.14453125 0.35390625
36 0.34140625 0.33046875 0.1578125 0.35078125
2 0.53125 0.325 0.121875 0.3609375
2 0.64296875 0.3390625 0.12109375 0.38515625
2 0.7515625 0.33515625 0.11328125 0.3609375
3 0.87421875 0.35390625 0.1234375 0.36328125
98 0.48515625 0.6953125 0.30546875 0.2570312510 0.19296875 0.3203125 0.14453125 0.35390625
36 0.34140625 0.33046875 0.1578125 0.35078125
2 0.53125 0.325 0.121875 0.3609375
2 0.64296875 0.3390625 0.12109375 0.38515625
2 0.7515625 0.33515625 0.11328125 0.3609375
3 0.87421875 0.35390625 0.1234375 0.36328125
98 0.48515625 0.6953125 0.30546875 0.2570312510 0.19296875 0.3203125 0.14453125 0.35390625
36 0.34140625 0.33046875 0.1578125 0.35078125
2 0.53125 0.325 0.121875 0.3609375
2 0.64296875 0.3390625 0.12109375 0.38515625
2 0.7515625 0.33515625 0.11328125 0.3609375
3 0.87421875 0.35390625 0.1234375 0.36328125
98 0.48515625 0.6953125 0.30546875 0.25703125