11 0.1546875 0.36015625 0.1640625 0.3671875
31 0.3109375 0.3671875 0.171875 0.3859375
2 0.5 0.36171875 0.15625 0.3703125
2 0.62421875 0.3640625 0.13125 0.3828125
2 0.73359375 0.3625 0.134375 0.3765625
4 0.8484375 0.353125 0.134375 0.375
80 0.4921875 0.734375 0.5484375 0.2562511 0.1546875 0.36015625 0.1640625 0.3671875
31 0.3109375 0.3671875 0.171875 0.3859375
2 0.5 0.36171875 0.15625 0.3703125
2 0.62421875 0.3640625 0.13125 0.3828125
2 0.73359375 0.3625 0.134375 0.3765625
4 0.8484375 0.353125 0.134375 0.375
80 0.4921875 0.734375 0.5484375 0.2562511 0.1546875 0.36015625 0.1640625 0.3671875
31 0.3109375 0.3671875 0.171875 0.3859375
2 0.5 0.36171875 0.15625 0.3703125
2 0.62421875 0.3640625 0.13125 0.3828125
2 0.73359375 0.3625 0.134375 0.3765625
4 0.8484375 0.353125 0.134375 0.375
80 0.4921875 0.734375 0.5484375 0.25625