11 0.1875 0.3546875 0.196875 0.2953125
14 0.35546875 0.3484375 0.1734375 0.3109375
2 0.52734375 0.3265625 0.1640625 0.2890625
2 0.66328125 0.32421875 0.1734375 0.2921875
2 0.77890625 0.31875 0.171875 0.296875
2 0.909375 0.3109375 0.175 0.2921875
63 0.5296875 0.59921875 0.3015625 0.211 0.1875 0.3546875 0.196875 0.2953125
14 0.35546875 0.3484375 0.1734375 0.3109375
2 0.52734375 0.3265625 0.1640625 0.2890625
2 0.66328125 0.32421875 0.1734375 0.2921875
2 0.77890625 0.31875 0.171875 0.296875
2 0.909375 0.3109375 0.175 0.2921875
63 0.5296875 0.59921875 0.3015625 0.211 0.1875 0.3546875 0.196875 0.2953125
14 0.35546875 0.3484375 0.1734375 0.3109375
2 0.52734375 0.3265625 0.1640625 0.2890625
2 0.66328125 0.32421875 0.1734375 0.2921875
2 0.77890625 0.31875 0.171875 0.296875
2 0.909375 0.3109375 0.175 0.2921875
63 0.5296875 0.59921875 0.3015625 0.2