35 0.22890625 0.3578125 0.23125 0.315625
41 0.4015625 0.38203125 0.2046875 0.303125
2 0.60078125 0.4265625 0.1875 0.3109375
2 0.70859375 0.44375 0.1796875 0.3015625
2 0.82109375 0.4640625 0.1703125 0.3
2 0.91875 0.4796875 0.1625 0.284375
63 0.46484375 0.703125 0.325 0.2437535 0.22890625 0.3578125 0.23125 0.315625
41 0.4015625 0.38203125 0.2046875 0.303125
2 0.60078125 0.4265625 0.1875 0.3109375
2 0.70859375 0.44375 0.1796875 0.3015625
2 0.82109375 0.4640625 0.1703125 0.3
2 0.91875 0.4796875 0.1625 0.284375
63 0.46484375 0.703125 0.325 0.2437535 0.22890625 0.3578125 0.23125 0.315625
41 0.4015625 0.38203125 0.2046875 0.303125
2 0.60078125 0.4265625 0.1875 0.3109375
2 0.70859375 0.44375 0.1796875 0.3015625
2 0.82109375 0.4640625 0.1703125 0.3
2 0.91875 0.4796875 0.1625 0.284375
63 0.46484375 0.703125 0.325 0.24375