23 0.1796875 0.36484375 0.1578125 0.41171875
42 0.33984375 0.3609375 0.175 0.38671875
2 0.5765625 0.35625 0.1421875 0.36953125
2 0.7046875 0.35546875 0.11953125 0.39375
2 0.815625 0.365625 0.10234375 0.390625
54 0.50234375 0.73828125 0.69765625 0.2304687523 0.1796875 0.36484375 0.1578125 0.41171875
42 0.33984375 0.3609375 0.175 0.38671875
2 0.5765625 0.35625 0.1421875 0.36953125
2 0.7046875 0.35546875 0.11953125 0.39375
2 0.815625 0.365625 0.10234375 0.390625
54 0.50234375 0.73828125 0.69765625 0.2304687523 0.1796875 0.36484375 0.1578125 0.41171875
42 0.33984375 0.3609375 0.175 0.38671875
2 0.5765625 0.35625 0.1421875 0.36953125
2 0.7046875 0.35546875 0.11953125 0.39375
2 0.815625 0.365625 0.10234375 0.390625
54 0.50234375 0.73828125 0.69765625 0.23046875