23 0.1640625 0.4109375 0.2140625 0.4296875
42 0.321875 0.384375 0.2265625 0.4078125
2 0.55546875 0.346875 0.1921875 0.3859375
2 0.6828125 0.328125 0.1734375 0.40625
2 0.79375 0.32265625 0.15625 0.4015625
54 0.53515625 0.7359375 0.7234375 0.32523 0.1640625 0.4109375 0.2140625 0.4296875
42 0.321875 0.384375 0.2265625 0.4078125
2 0.55546875 0.346875 0.1921875 0.3859375
2 0.6828125 0.328125 0.1734375 0.40625
2 0.79375 0.32265625 0.15625 0.4015625
54 0.53515625 0.7359375 0.7234375 0.32523 0.1640625 0.4109375 0.2140625 0.4296875
42 0.321875 0.384375 0.2265625 0.4078125
2 0.55546875 0.346875 0.1921875 0.3859375
2 0.6828125 0.328125 0.1734375 0.40625
2 0.79375 0.32265625 0.15625 0.4015625
54 0.53515625 0.7359375 0.7234375 0.325