35 0.23125 0.353125 0.2359375 0.31875
41 0.403125 0.38046875 0.209375 0.3046875
2 0.60234375 0.428125 0.1921875 0.3125
2 0.709375 0.44765625 0.1828125 0.303125
2 0.821875 0.46953125 0.175 0.3015625
2 0.91796875 0.48671875 0.1640625 0.2859375
63 0.46171875 0.70234375 0.328125 0.248437535 0.23125 0.353125 0.2359375 0.31875
41 0.403125 0.38046875 0.209375 0.3046875
2 0.60234375 0.428125 0.1921875 0.3125
2 0.709375 0.44765625 0.1828125 0.303125
2 0.821875 0.46953125 0.175 0.3015625
2 0.91796875 0.48671875 0.1640625 0.2859375
63 0.46171875 0.70234375 0.328125 0.248437535 0.23125 0.353125 0.2359375 0.31875
41 0.403125 0.38046875 0.209375 0.3046875
2 0.60234375 0.428125 0.1921875 0.3125
2 0.709375 0.44765625 0.1828125 0.303125
2 0.821875 0.46953125 0.175 0.3015625
2 0.91796875 0.48671875 0.1640625 0.2859375
63 0.46171875 0.70234375 0.328125 0.2484375