43 0.2265625 0.31796875 0.19375 0.3625
49 0.3640625 0.33359375 0.1984375 0.371875
2 0.6171875 0.37109375 0.184375 0.371875
2 0.73046875 0.384375 0.1625 0.3578125
2 0.85078125 0.415625 0.1921875 0.3984375
54 0.46796875 0.71953125 0.71875 0.31562543 0.2265625 0.31796875 0.19375 0.3625
49 0.3640625 0.33359375 0.1984375 0.371875
2 0.6171875 0.37109375 0.184375 0.371875
2 0.73046875 0.384375 0.1625 0.3578125
2 0.85078125 0.415625 0.1921875 0.3984375
54 0.46796875 0.71953125 0.71875 0.31562543 0.2265625 0.31796875 0.19375 0.3625
49 0.3640625 0.33359375 0.1984375 0.371875
2 0.6171875 0.37109375 0.184375 0.371875
2 0.73046875 0.384375 0.1625 0.3578125
2 0.85078125 0.415625 0.1921875 0.3984375
54 0.46796875 0.71953125 0.71875 0.315625