10 0.22109375 0.2796875 0.1921875 0.3703125
36 0.36640625 0.31015625 0.2046875 0.36875
2 0.55546875 0.33125 0.1703125 0.375
2 0.6640625 0.36015625 0.1734375 0.3984375
2 0.771875 0.371875 0.1625 0.3734375
3 0.890625 0.40703125 0.1734375 0.3765625
98 0.4578125 0.69140625 0.3375 0.29687510 0.22109375 0.2796875 0.1921875 0.3703125
36 0.36640625 0.31015625 0.2046875 0.36875
2 0.55546875 0.33125 0.1703125 0.375
2 0.6640625 0.36015625 0.1734375 0.3984375
2 0.771875 0.371875 0.1625 0.3734375
3 0.890625 0.40703125 0.1734375 0.3765625
98 0.4578125 0.69140625 0.3375 0.29687510 0.22109375 0.2796875 0.1921875 0.3703125
36 0.36640625 0.31015625 0.2046875 0.36875
2 0.55546875 0.33125 0.1703125 0.375
2 0.6640625 0.36015625 0.1734375 0.3984375
2 0.771875 0.371875 0.1625 0.3734375
3 0.890625 0.40703125 0.1734375 0.3765625
98 0.4578125 0.69140625 0.3375 0.296875