10 0.2609375 0.39296875 0.24375 0.334375
36 0.434375 0.384375 0.2234375 0.3359375
2 0.61328125 0.38046875 0.196875 0.284375
2 0.73203125 0.36328125 0.190625 0.2921875
2 0.85234375 0.3546875 0.1828125 0.265625
2 0.93203125 0.359375 0.1359375 0.284375
98 0.553125 0.6375 0.2296875 0.189062510 0.2609375 0.39296875 0.24375 0.334375
36 0.434375 0.384375 0.2234375 0.3359375
2 0.61328125 0.38046875 0.196875 0.284375
2 0.73203125 0.36328125 0.190625 0.2921875
2 0.85234375 0.3546875 0.1828125 0.265625
2 0.93203125 0.359375 0.1359375 0.284375
98 0.553125 0.6375 0.2296875 0.189062510 0.2609375 0.39296875 0.24375 0.334375
36 0.434375 0.384375 0.2234375 0.3359375
2 0.61328125 0.38046875 0.196875 0.284375
2 0.73203125 0.36328125 0.190625 0.2921875
2 0.85234375 0.3546875 0.1828125 0.265625
2 0.93203125 0.359375 0.1359375 0.284375
98 0.553125 0.6375 0.2296875 0.1890625