50 0.20859375 0.3765625 0.2125 0.3734375
16 0.35703125 0.4 0.1921875 0.35625
2 0.5375 0.43046875 0.1921875 0.3640625
2 0.659375 0.44296875 0.16875 0.346875
2 0.778125 0.46171875 0.1859375 0.3296875
7 0.89375 0.46796875 0.175 0.3546875
54 0.4859375 0.740625 0.6671875 0.2437550 0.20859375 0.3765625 0.2125 0.3734375
16 0.35703125 0.4 0.1921875 0.35625
2 0.5375 0.43046875 0.1921875 0.3640625
2 0.659375 0.44296875 0.16875 0.346875
2 0.778125 0.46171875 0.1859375 0.3296875
7 0.89375 0.46796875 0.175 0.3546875
54 0.4859375 0.740625 0.6671875 0.2437550 0.20859375 0.3765625 0.2125 0.3734375
16 0.35703125 0.4 0.1921875 0.35625
2 0.5375 0.43046875 0.1921875 0.3640625
2 0.659375 0.44296875 0.16875 0.346875
2 0.778125 0.46171875 0.1859375 0.3296875
7 0.89375 0.46796875 0.175 0.3546875
54 0.4859375 0.740625 0.6671875 0.24375