10 0.178125 0.34765625 0.175 0.365625
36 0.32734375 0.3453125 0.1875 0.3625
2 0.515625 0.32265625 0.153125 0.3703125
2 0.628125 0.32734375 0.1546875 0.39375
2 0.7359375 0.3140625 0.14375 0.36875
3 0.86015625 0.321875 0.1546875 0.3734375
98 0.50234375 0.69609375 0.3265625 0.282812510 0.178125 0.34765625 0.175 0.365625
36 0.32734375 0.3453125 0.1875 0.3625
2 0.515625 0.32265625 0.153125 0.3703125
2 0.628125 0.32734375 0.1546875 0.39375
2 0.7359375 0.3140625 0.14375 0.36875
3 0.86015625 0.321875 0.1546875 0.3734375
98 0.50234375 0.69609375 0.3265625 0.282812510 0.178125 0.34765625 0.175 0.365625
36 0.32734375 0.3453125 0.1875 0.3625
2 0.515625 0.32265625 0.153125 0.3703125
2 0.628125 0.32734375 0.1546875 0.39375
2 0.7359375 0.3140625 0.14375 0.36875
3 0.86015625 0.321875 0.1546875 0.3734375
98 0.50234375 0.69609375 0.3265625 0.2828125