10 0.19296875 0.3203125 0.14375 0.353125
36 0.34140625 0.33046875 0.1578125 0.35
2 0.53125 0.325 0.121875 0.3609375
2 0.64296875 0.3390625 0.121875 0.384375
2 0.7515625 0.33515625 0.1125 0.3609375
3 0.87421875 0.35390625 0.1234375 0.3625
98 0.48515625 0.6953125 0.30625 0.2562510 0.19296875 0.3203125 0.14375 0.353125
36 0.34140625 0.33046875 0.1578125 0.35
2 0.53125 0.325 0.121875 0.3609375
2 0.64296875 0.3390625 0.121875 0.384375
2 0.7515625 0.33515625 0.1125 0.3609375
3 0.87421875 0.35390625 0.1234375 0.3625
98 0.48515625 0.6953125 0.30625 0.2562510 0.19296875 0.3203125 0.14375 0.353125
36 0.34140625 0.33046875 0.1578125 0.35
2 0.53125 0.325 0.121875 0.3609375
2 0.64296875 0.3390625 0.121875 0.384375
2 0.7515625 0.33515625 0.1125 0.3609375
3 0.87421875 0.35390625 0.1234375 0.3625
98 0.48515625 0.6953125 0.30625 0.25625