46 0.16875 0.33046875 0.1921875 0.4640625
41 0.33046875 0.35234375 0.1859375 0.4640625
2 0.50390625 0.37265625 0.1734375 0.44375
2 0.62734375 0.37734375 0.1484375 0.4171875
2 0.7515625 0.39609375 0.1390625 0.4640625
8 0.871875 0.3984375 0.15625 0.440625
54 0.484375 0.78671875 0.6765625 0.23437546 0.16875 0.33046875 0.1921875 0.4640625
41 0.33046875 0.35234375 0.1859375 0.4640625
2 0.50390625 0.37265625 0.1734375 0.44375
2 0.62734375 0.37734375 0.1484375 0.4171875
2 0.7515625 0.39609375 0.1390625 0.4640625
8 0.871875 0.3984375 0.15625 0.440625
54 0.484375 0.78671875 0.6765625 0.23437546 0.16875 0.33046875 0.1921875 0.4640625
41 0.33046875 0.35234375 0.1859375 0.4640625
2 0.50390625 0.37265625 0.1734375 0.44375
2 0.62734375 0.37734375 0.1484375 0.4171875
2 0.7515625 0.39609375 0.1390625 0.4640625
8 0.871875 0.3984375 0.15625 0.440625
54 0.484375 0.78671875 0.6765625 0.234375