43 0.190625 0.38984375 0.171875 0.3546875
49 0.328125 0.371875 0.175 0.365625
2 0.58203125 0.346875 0.1609375 0.365625
2 0.6953125 0.33203125 0.1390625 0.353125
2 0.8203125 0.3328125 0.165625 0.3921875
54 0.521875 0.72109375 0.7109375 0.270312543 0.190625 0.38984375 0.171875 0.3546875
49 0.328125 0.371875 0.175 0.365625
2 0.58203125 0.346875 0.1609375 0.365625
2 0.6953125 0.33203125 0.1390625 0.353125
2 0.8203125 0.3328125 0.165625 0.3921875
54 0.521875 0.72109375 0.7109375 0.270312543 0.190625 0.38984375 0.171875 0.3546875
49 0.328125 0.371875 0.175 0.365625
2 0.58203125 0.346875 0.1609375 0.365625
2 0.6953125 0.33203125 0.1390625 0.353125
2 0.8203125 0.3328125 0.165625 0.3921875
54 0.521875 0.72109375 0.7109375 0.2703125