46 0.140625 0.40234375 0.2375 0.4765625
41 0.303125 0.39140625 0.23125 0.4765625
2 0.47734375 0.375 0.2171875 0.4546875
2 0.59921875 0.35390625 0.1890625 0.4265625
2 0.725 0.34609375 0.1859375 0.4703125
8 0.84296875 0.3234375 0.2 0.45
54 0.54453125 0.784375 0.6890625 0.301562546 0.140625 0.40234375 0.2375 0.4765625
41 0.303125 0.39140625 0.23125 0.4765625
2 0.47734375 0.375 0.2171875 0.4546875
2 0.59921875 0.35390625 0.1890625 0.4265625
2 0.725 0.34609375 0.1859375 0.4703125
8 0.84296875 0.3234375 0.2 0.45
54 0.54453125 0.784375 0.6890625 0.301562546 0.140625 0.40234375 0.2375 0.4765625
41 0.303125 0.39140625 0.23125 0.4765625
2 0.47734375 0.375 0.2171875 0.4546875
2 0.59921875 0.35390625 0.1890625 0.4265625
2 0.725 0.34609375 0.1859375 0.4703125
8 0.84296875 0.3234375 0.2 0.45
54 0.54453125 0.784375 0.6890625 0.3015625