46 0.1546875 0.359375 0.184375 0.4625
41 0.31796875 0.36796875 0.178125 0.4609375
2 0.4921875 0.37265625 0.165625 0.440625
2 0.61640625 0.3671875 0.140625 0.415625
2 0.7421875 0.37421875 0.13125 0.4625
8 0.86171875 0.36640625 0.1484375 0.4390625
54 0.509375 0.7875 0.6734375 0.223437546 0.1546875 0.359375 0.184375 0.4625
41 0.31796875 0.36796875 0.178125 0.4609375
2 0.4921875 0.37265625 0.165625 0.440625
2 0.61640625 0.3671875 0.140625 0.415625
2 0.7421875 0.37421875 0.13125 0.4625
8 0.86171875 0.36640625 0.1484375 0.4390625
54 0.509375 0.7875 0.6734375 0.223437546 0.1546875 0.359375 0.184375 0.4625
41 0.31796875 0.36796875 0.178125 0.4609375
2 0.4921875 0.37265625 0.165625 0.440625
2 0.61640625 0.3671875 0.140625 0.415625
2 0.7421875 0.37421875 0.13125 0.4625
8 0.86171875 0.36640625 0.1484375 0.4390625
54 0.509375 0.7875 0.6734375 0.2234375