23 0.1625 0.41640625 0.2203125 0.43125
42 0.3203125 0.3875 0.2328125 0.409375
2 0.553125 0.34609375 0.1984375 0.3875
2 0.6796875 0.325 0.1796875 0.4078125
2 0.790625 0.31796875 0.1625 0.4015625
54 0.53984375 0.73515625 0.725 0.337523 0.1625 0.41640625 0.2203125 0.43125
42 0.3203125 0.3875 0.2328125 0.409375
2 0.553125 0.34609375 0.1984375 0.3875
2 0.6796875 0.325 0.1796875 0.4078125
2 0.790625 0.31796875 0.1625 0.4015625
54 0.53984375 0.73515625 0.725 0.337523 0.1625 0.41640625 0.2203125 0.43125
42 0.3203125 0.3875 0.2328125 0.409375
2 0.553125 0.34609375 0.1984375 0.3875
2 0.6796875 0.325 0.1796875 0.4078125
2 0.790625 0.31796875 0.1625 0.4015625
54 0.53984375 0.73515625 0.725 0.3375