43 0.2015625 0.36328125 0.1421875 0.34375
49 0.33984375 0.35703125 0.14453125 0.35390625
2 0.5953125 0.3546875 0.13046875 0.35625
2 0.709375 0.35 0.109375 0.3453125
2 0.83359375 0.36171875 0.13359375 0.38203125
54 0.50234375 0.721875 0.69453125 0.2101562543 0.2015625 0.36328125 0.1421875 0.34375
49 0.33984375 0.35703125 0.14453125 0.35390625
2 0.5953125 0.3546875 0.13046875 0.35625
2 0.709375 0.35 0.109375 0.3453125
2 0.83359375 0.36171875 0.13359375 0.38203125
54 0.50234375 0.721875 0.69453125 0.2101562543 0.2015625 0.36328125 0.1421875 0.34375
49 0.33984375 0.35703125 0.14453125 0.35390625
2 0.5953125 0.3546875 0.13046875 0.35625
2 0.709375 0.35 0.109375 0.3453125
2 0.83359375 0.36171875 0.13359375 0.38203125
54 0.50234375 0.721875 0.69453125 0.21015625