23 0.1796875 0.36484375 0.1578125 0.4125
42 0.33984375 0.3609375 0.175 0.3875
2 0.5765625 0.35625 0.1421875 0.36875
2 0.7046875 0.35546875 0.11875 0.39375
2 0.815625 0.365625 0.103125 0.390625
54 0.50234375 0.73828125 0.696875 0.2312523 0.1796875 0.36484375 0.1578125 0.4125
42 0.33984375 0.3609375 0.175 0.3875
2 0.5765625 0.35625 0.1421875 0.36875
2 0.7046875 0.35546875 0.11875 0.39375
2 0.815625 0.365625 0.103125 0.390625
54 0.50234375 0.73828125 0.696875 0.2312523 0.1796875 0.36484375 0.1578125 0.4125
42 0.33984375 0.3609375 0.175 0.3875
2 0.5765625 0.35625 0.1421875 0.36875
2 0.7046875 0.35546875 0.11875 0.39375
2 0.815625 0.365625 0.103125 0.390625
54 0.50234375 0.73828125 0.696875 0.23125