11 0.16015625 0.3484375 0.15078125 0.3625
31 0.315625 0.3609375 0.159375 0.38046875
2 0.5046875 0.36171875 0.14375 0.36484375
2 0.62890625 0.36875 0.11796875 0.37890625
2 0.73828125 0.37109375 0.121875 0.371875
4 0.853125 0.365625 0.12109375 0.37109375
80 0.484375 0.73359375 0.53984375 0.237511 0.16015625 0.3484375 0.15078125 0.3625
31 0.315625 0.3609375 0.159375 0.38046875
2 0.5046875 0.36171875 0.14375 0.36484375
2 0.62890625 0.36875 0.11796875 0.37890625
2 0.73828125 0.37109375 0.121875 0.371875
4 0.853125 0.365625 0.12109375 0.37109375
80 0.484375 0.73359375 0.53984375 0.237511 0.16015625 0.3484375 0.15078125 0.3625
31 0.315625 0.3609375 0.159375 0.38046875
2 0.5046875 0.36171875 0.14375 0.36484375
2 0.62890625 0.36875 0.11796875 0.37890625
2 0.73828125 0.37109375 0.121875 0.371875
4 0.853125 0.365625 0.12109375 0.37109375
80 0.484375 0.73359375 0.53984375 0.2375