11 0.1390625 0.409375 0.2109375 0.3828125
31 0.29453125 0.3953125 0.2234375 0.403125
2 0.48046875 0.36328125 0.2046875 0.384375
2 0.60390625 0.3484375 0.18125 0.39375
2 0.7125 0.33203125 0.184375 0.3875
4 0.82421875 0.30625 0.184375 0.3859375
80 0.525 0.7328125 0.5734375 0.32812511 0.1390625 0.409375 0.2109375 0.3828125
31 0.29453125 0.3953125 0.2234375 0.403125
2 0.48046875 0.36328125 0.2046875 0.384375
2 0.60390625 0.3484375 0.18125 0.39375
2 0.7125 0.33203125 0.184375 0.3875
4 0.82421875 0.30625 0.184375 0.3859375
80 0.525 0.7328125 0.5734375 0.32812511 0.1390625 0.409375 0.2109375 0.3828125
31 0.29453125 0.3953125 0.2234375 0.403125
2 0.48046875 0.36328125 0.2046875 0.384375
2 0.60390625 0.3484375 0.18125 0.39375
2 0.7125 0.33203125 0.184375 0.3875
4 0.82421875 0.30625 0.184375 0.3859375
80 0.525 0.7328125 0.5734375 0.328125