10 0.2734375 0.36875 0.21171875 0.3140625
36 0.446875 0.378125 0.19140625 0.31796875
2 0.625 0.39296875 0.1703125 0.26875
2 0.7453125 0.38828125 0.16328125 0.27734375
2 0.865625 0.3921875 0.1578125 0.25
2 0.9453125 0.40546875 0.109375 0.27421875
98 0.53828125 0.6421875 0.21328125 0.1679687510 0.2734375 0.36875 0.21171875 0.3140625
36 0.446875 0.378125 0.19140625 0.31796875
2 0.625 0.39296875 0.1703125 0.26875
2 0.7453125 0.38828125 0.16328125 0.27734375
2 0.865625 0.3921875 0.1578125 0.25
2 0.9453125 0.40546875 0.109375 0.27421875
98 0.53828125 0.6421875 0.21328125 0.1679687510 0.2734375 0.36875 0.21171875 0.3140625
36 0.446875 0.378125 0.19140625 0.31796875
2 0.625 0.39296875 0.1703125 0.26875
2 0.7453125 0.38828125 0.16328125 0.27734375
2 0.865625 0.3921875 0.1578125 0.25
2 0.9453125 0.40546875 0.109375 0.27421875
98 0.53828125 0.6421875 0.21328125 0.16796875