11 0.2046875 0.32265625 0.178125 0.284375
14 0.37265625 0.334375 0.153125 0.3015625
2 0.5453125 0.33046875 0.1453125 0.28125
2 0.68125 0.3421875 0.1546875 0.2828125
2 0.79609375 0.34921875 0.153125 0.2875
2 0.92421875 0.35546875 0.1515625 0.2828125
63 0.51953125 0.6015625 0.2890625 0.179687511 0.2046875 0.32265625 0.178125 0.284375
14 0.37265625 0.334375 0.153125 0.3015625
2 0.5453125 0.33046875 0.1453125 0.28125
2 0.68125 0.3421875 0.1546875 0.2828125
2 0.79609375 0.34921875 0.153125 0.2875
2 0.92421875 0.35546875 0.1515625 0.2828125
63 0.51953125 0.6015625 0.2890625 0.179687511 0.2046875 0.32265625 0.178125 0.284375
14 0.37265625 0.334375 0.153125 0.3015625
2 0.5453125 0.33046875 0.1453125 0.28125
2 0.68125 0.3421875 0.1546875 0.2828125
2 0.79609375 0.34921875 0.153125 0.2875
2 0.92421875 0.35546875 0.1515625 0.2828125
63 0.51953125 0.6015625 0.2890625 0.1796875