10 0.28046875 0.35703125 0.228125 0.325
36 0.453125 0.37578125 0.2078125 0.328125
2 0.63046875 0.4 0.184375 0.2765625
2 0.75078125 0.4015625 0.178125 0.2859375
2 0.87109375 0.41171875 0.1703125 0.2578125
2 0.94375 0.42890625 0.1125 0.2796875
98 0.53046875 0.64375 0.221875 0.17812510 0.28046875 0.35703125 0.228125 0.325
36 0.453125 0.37578125 0.2078125 0.328125
2 0.63046875 0.4 0.184375 0.2765625
2 0.75078125 0.4015625 0.178125 0.2859375
2 0.87109375 0.41171875 0.1703125 0.2578125
2 0.94375 0.42890625 0.1125 0.2796875
98 0.53046875 0.64375 0.221875 0.17812510 0.28046875 0.35703125 0.228125 0.325
36 0.453125 0.37578125 0.2078125 0.328125
2 0.63046875 0.4 0.184375 0.2765625
2 0.75078125 0.4015625 0.178125 0.2859375
2 0.87109375 0.41171875 0.1703125 0.2578125
2 0.94375 0.42890625 0.1125 0.2796875
98 0.53046875 0.64375 0.221875 0.178125