10 0.15 0.40078125 0.14609375 0.41796875
11 0.30078125 0.3953125 0.14453125 0.37890625
2 0.48359375 0.40078125 0.14609375 0.39453125
2 0.61484375 0.40078125 0.128125 0.41171875
3 0.73359375 0.39140625 0.1234375 0.39375
8 0.846875 0.38359375 0.13046875 0.41171875
121 0.50390625 0.78515625 0.2328125 0.1492187510 0.15 0.40078125 0.14609375 0.41796875
11 0.30078125 0.3953125 0.14453125 0.37890625
2 0.48359375 0.40078125 0.14609375 0.39453125
2 0.61484375 0.40078125 0.128125 0.41171875
3 0.73359375 0.39140625 0.1234375 0.39375
8 0.846875 0.38359375 0.13046875 0.41171875
121 0.50390625 0.78515625 0.2328125 0.1492187510 0.15 0.40078125 0.14609375 0.41796875
11 0.30078125 0.3953125 0.14453125 0.37890625
2 0.48359375 0.40078125 0.14609375 0.39453125
2 0.61484375 0.40078125 0.128125 0.41171875
3 0.73359375 0.39140625 0.1234375 0.39375
8 0.846875 0.38359375 0.13046875 0.41171875
121 0.50390625 0.78515625 0.2328125 0.14921875