35 0.1515625 0.37578125 0.2796875 0.4
31 0.334375 0.3765625 0.23125 0.378125
2 0.51796875 0.3625 0.2375 0.359375
2 0.659375 0.36015625 0.1953125 0.346875
3 0.78203125 0.34765625 0.209375 0.3578125
3 0.90703125 0.3421875 0.1859375 0.33125
114 0.47578125 0.696875 0.3203125 0.15937535 0.1515625 0.37578125 0.2796875 0.4
31 0.334375 0.3765625 0.23125 0.378125
2 0.51796875 0.3625 0.2375 0.359375
2 0.659375 0.36015625 0.1953125 0.346875
3 0.78203125 0.34765625 0.209375 0.3578125
3 0.90703125 0.3421875 0.1859375 0.33125
114 0.47578125 0.696875 0.3203125 0.15937535 0.1515625 0.37578125 0.2796875 0.4
31 0.334375 0.3765625 0.23125 0.378125
2 0.51796875 0.3625 0.2375 0.359375
2 0.659375 0.36015625 0.1953125 0.346875
3 0.78203125 0.34765625 0.209375 0.3578125
3 0.90703125 0.3421875 0.1859375 0.33125
114 0.47578125 0.696875 0.3203125 0.159375