10 0.13984375 0.45078125 0.203125 0.434375
11 0.28828125 0.42421875 0.1953125 0.3953125
2 0.4703125 0.40390625 0.2 0.4109375
2 0.6 0.3859375 0.184375 0.425
3 0.71640625 0.36015625 0.1765625 0.4078125
8 0.82734375 0.33671875 0.1859375 0.4265625
121 0.54375 0.78203125 0.2515625 0.179687510 0.13984375 0.45078125 0.203125 0.434375
11 0.28828125 0.42421875 0.1953125 0.3953125
2 0.4703125 0.40390625 0.2 0.4109375
2 0.6 0.3859375 0.184375 0.425
3 0.71640625 0.36015625 0.1765625 0.4078125
8 0.82734375 0.33671875 0.1859375 0.4265625
121 0.54375 0.78203125 0.2515625 0.179687510 0.13984375 0.45078125 0.203125 0.434375
11 0.28828125 0.42421875 0.1953125 0.3953125
2 0.4703125 0.40390625 0.2 0.4109375
2 0.6 0.3859375 0.184375 0.425
3 0.71640625 0.36015625 0.1765625 0.4078125
8 0.82734375 0.33671875 0.1859375 0.4265625
121 0.54375 0.78203125 0.2515625 0.1796875