10 0.1671875 0.353125 0.203125 0.434375
11 0.3171875 0.36875 0.1953125 0.3953125
2 0.49765625 0.39921875 0.2 0.4109375
2 0.62734375 0.41796875 0.184375 0.425
3 0.74609375 0.425 0.1765625 0.4078125
8 0.859375 0.4328125 0.1859375 0.4265625
121 0.4640625 0.7828125 0.2515625 0.179687510 0.1671875 0.353125 0.203125 0.434375
11 0.3171875 0.36875 0.1953125 0.3953125
2 0.49765625 0.39921875 0.2 0.4109375
2 0.62734375 0.41796875 0.184375 0.425
3 0.74609375 0.425 0.1765625 0.4078125
8 0.859375 0.4328125 0.1859375 0.4265625
121 0.4640625 0.7828125 0.2515625 0.179687510 0.1671875 0.353125 0.203125 0.434375
11 0.3171875 0.36875 0.1953125 0.3953125
2 0.49765625 0.39921875 0.2 0.4109375
2 0.62734375 0.41796875 0.184375 0.425
3 0.74609375 0.425 0.1765625 0.4078125
8 0.859375 0.4328125 0.1859375 0.4265625
121 0.4640625 0.7828125 0.2515625 0.1796875