35 0.178125 0.3171875 0.2671875 0.3921875
31 0.35859375 0.35 0.21875 0.371875
2 0.54140625 0.3671875 0.2265625 0.3546875
2 0.68125 0.38984375 0.184375 0.3421875
3 0.80390625 0.39921875 0.1984375 0.3515625
3 0.9203125 0.41484375 0.159375 0.3265625
114 0.4421875 0.6890625 0.3171875 0.1535 0.178125 0.3171875 0.2671875 0.3921875
31 0.35859375 0.35 0.21875 0.371875
2 0.54140625 0.3671875 0.2265625 0.3546875
2 0.68125 0.38984375 0.184375 0.3421875
3 0.80390625 0.39921875 0.1984375 0.3515625
3 0.9203125 0.41484375 0.159375 0.3265625
114 0.4421875 0.6890625 0.3171875 0.1535 0.178125 0.3171875 0.2671875 0.3921875
31 0.35859375 0.35 0.21875 0.371875
2 0.54140625 0.3671875 0.2265625 0.3546875
2 0.68125 0.38984375 0.184375 0.3421875
3 0.80390625 0.39921875 0.1984375 0.3515625
3 0.9203125 0.41484375 0.159375 0.3265625
114 0.4421875 0.6890625 0.3171875 0.15