10 0.17265625 0.34140625 0.2171875 0.4375
11 0.321875 0.3625 0.2078125 0.3984375
2 0.50078125 0.39921875 0.2125 0.4140625
2 0.63046875 0.421875 0.1984375 0.428125
3 0.74921875 0.43359375 0.190625 0.409375
8 0.86171875 0.4453125 0.2 0.428125
121 0.4546875 0.78125 0.2546875 0.187510 0.17265625 0.34140625 0.2171875 0.4375
11 0.321875 0.3625 0.2078125 0.3984375
2 0.50078125 0.39921875 0.2125 0.4140625
2 0.63046875 0.421875 0.1984375 0.428125
3 0.74921875 0.43359375 0.190625 0.409375
8 0.86171875 0.4453125 0.2 0.428125
121 0.4546875 0.78125 0.2546875 0.187510 0.17265625 0.34140625 0.2171875 0.4375
11 0.321875 0.3625 0.2078125 0.3984375
2 0.50078125 0.39921875 0.2125 0.4140625
2 0.63046875 0.421875 0.1984375 0.428125
3 0.74921875 0.43359375 0.190625 0.409375
8 0.86171875 0.4453125 0.2 0.428125
121 0.4546875 0.78125 0.2546875 0.1875