11 0.2046875 0.3640625 0.1609375 0.3953125
12 0.35703125 0.3921875 0.16875 0.41875
2 0.54296875 0.37578125 0.1640625 0.3984375
2 0.68125 0.37734375 0.13125 0.4
5 0.79296875 0.378125 0.14375 0.3671875
5 0.90390625 0.378125 0.14375 0.3671875
98 0.51640625 0.73359375 0.253125 0.2437511 0.2046875 0.3640625 0.1609375 0.3953125
12 0.35703125 0.3921875 0.16875 0.41875
2 0.54296875 0.37578125 0.1640625 0.3984375
2 0.68125 0.37734375 0.13125 0.4
5 0.79296875 0.378125 0.14375 0.3671875
5 0.90390625 0.378125 0.14375 0.3671875
98 0.51640625 0.73359375 0.253125 0.2437511 0.2046875 0.3640625 0.1609375 0.3953125
12 0.35703125 0.3921875 0.16875 0.41875
2 0.54296875 0.37578125 0.1640625 0.3984375
2 0.68125 0.37734375 0.13125 0.4
5 0.79296875 0.378125 0.14375 0.3671875
5 0.90390625 0.378125 0.14375 0.3671875
98 0.51640625 0.73359375 0.253125 0.24375