43 0.17109375 0.35703125 0.16015625 0.421875
43 0.32734375 0.353125 0.175 0.45
2 0.525 0.35546875 0.140625 0.409375
2 0.6453125 0.35390625 0.11484375 0.40078125
5 0.7625 0.34375 0.125 0.39453125
5 0.8796875 0.353125 0.1234375 0.40234375
54 0.51171875 0.79296875 0.71484375 0.2304687543 0.17109375 0.35703125 0.16015625 0.421875
43 0.32734375 0.353125 0.175 0.45
2 0.525 0.35546875 0.140625 0.409375
2 0.6453125 0.35390625 0.11484375 0.40078125
5 0.7625 0.34375 0.125 0.39453125
5 0.8796875 0.353125 0.1234375 0.40234375
54 0.51171875 0.79296875 0.71484375 0.2304687543 0.17109375 0.35703125 0.16015625 0.421875
43 0.32734375 0.353125 0.175 0.45
2 0.525 0.35546875 0.140625 0.409375
2 0.6453125 0.35390625 0.11484375 0.40078125
5 0.7625 0.34375 0.125 0.39453125
5 0.8796875 0.353125 0.1234375 0.40234375
54 0.51171875 0.79296875 0.71484375 0.23046875