43 0.1546875 0.40390625 0.2171875 0.440625
43 0.30859375 0.37890625 0.2359375 0.4703125
2 0.5046875 0.353125 0.196875 0.425
2 0.6234375 0.33515625 0.16875 0.4125
5 0.73828125 0.30859375 0.178125 0.4078125
5 0.85546875 0.3015625 0.178125 0.415625
54 0.55234375 0.78828125 0.740625 0.32812543 0.1546875 0.40390625 0.2171875 0.440625
43 0.30859375 0.37890625 0.2359375 0.4703125
2 0.5046875 0.353125 0.196875 0.425
2 0.6234375 0.33515625 0.16875 0.4125
5 0.73828125 0.30859375 0.178125 0.4078125
5 0.85546875 0.3015625 0.178125 0.415625
54 0.55234375 0.78828125 0.740625 0.32812543 0.1546875 0.40390625 0.2171875 0.440625
43 0.30859375 0.37890625 0.2359375 0.4703125
2 0.5046875 0.353125 0.196875 0.425
2 0.6234375 0.33515625 0.16875 0.4125
5 0.73828125 0.30859375 0.178125 0.4078125
5 0.85546875 0.3015625 0.178125 0.415625
54 0.55234375 0.78828125 0.740625 0.328125