43 0.1875 0.3234375 0.203125 0.4359375
43 0.34375 0.3359375 0.2203125 0.465625
2 0.53984375 0.35859375 0.1828125 0.421875
2 0.66015625 0.36953125 0.15625 0.4109375
5 0.77734375 0.371875 0.165625 0.4046875
5 0.89296875 0.39375 0.1640625 0.4125
54 0.48125 0.79296875 0.734375 0.304687543 0.1875 0.3234375 0.203125 0.4359375
43 0.34375 0.3359375 0.2203125 0.465625
2 0.53984375 0.35859375 0.1828125 0.421875
2 0.66015625 0.36953125 0.15625 0.4109375
5 0.77734375 0.371875 0.165625 0.4046875
5 0.89296875 0.39375 0.1640625 0.4125
54 0.48125 0.79296875 0.734375 0.304687543 0.1875 0.3234375 0.203125 0.4359375
43 0.34375 0.3359375 0.2203125 0.465625
2 0.53984375 0.35859375 0.1828125 0.421875
2 0.66015625 0.36953125 0.15625 0.4109375
5 0.77734375 0.371875 0.165625 0.4046875
5 0.89296875 0.39375 0.1640625 0.4125
54 0.48125 0.79296875 0.734375 0.3046875