11 0.21484375 0.34375 0.1875 0.4046875
12 0.36484375 0.38203125 0.196875 0.4265625
2 0.5515625 0.37890625 0.190625 0.4078125
2 0.6890625 0.390625 0.159375 0.40625
5 0.80078125 0.3984375 0.1671875 0.375
5 0.9109375 0.40625 0.1671875 0.3734375
98 0.5 0.734375 0.2671875 0.260937511 0.21484375 0.34375 0.1875 0.4046875
12 0.36484375 0.38203125 0.196875 0.4265625
2 0.5515625 0.37890625 0.190625 0.4078125
2 0.6890625 0.390625 0.159375 0.40625
5 0.80078125 0.3984375 0.1671875 0.375
5 0.9109375 0.40625 0.1671875 0.3734375
98 0.5 0.734375 0.2671875 0.260937511 0.21484375 0.34375 0.1875 0.4046875
12 0.36484375 0.38203125 0.196875 0.4265625
2 0.5515625 0.37890625 0.190625 0.4078125
2 0.6890625 0.390625 0.159375 0.40625
5 0.80078125 0.3984375 0.1671875 0.375
5 0.9109375 0.40625 0.1671875 0.3734375
98 0.5 0.734375 0.2671875 0.2609375