43 0.16015625 0.3859375 0.196875 0.434375
43 0.31484375 0.36875 0.2140625 0.4640625
2 0.5125 0.35390625 0.175 0.4203125
2 0.63203125 0.3421875 0.15 0.409375
5 0.74765625 0.32109375 0.159375 0.4046875
5 0.865625 0.3203125 0.1578125 0.4109375
54 0.5375 0.790625 0.7328125 0.292187543 0.16015625 0.3859375 0.196875 0.434375
43 0.31484375 0.36875 0.2140625 0.4640625
2 0.5125 0.35390625 0.175 0.4203125
2 0.63203125 0.3421875 0.15 0.409375
5 0.74765625 0.32109375 0.159375 0.4046875
5 0.865625 0.3203125 0.1578125 0.4109375
54 0.5375 0.790625 0.7328125 0.292187543 0.16015625 0.3859375 0.196875 0.434375
43 0.31484375 0.36875 0.2140625 0.4640625
2 0.5125 0.35390625 0.175 0.4203125
2 0.63203125 0.3421875 0.15 0.409375
5 0.74765625 0.32109375 0.159375 0.4046875
5 0.865625 0.3203125 0.1578125 0.4109375
54 0.5375 0.790625 0.7328125 0.2921875