34 0.12421875 0.36953125 0.16875 0.4234375
16 0.28515625 0.38515625 0.190625 0.396875
2 0.48046875 0.38203125 0.146875 0.39375
2 0.609375 0.37734375 0.13125 0.396875
6 0.74609375 0.390625 0.134375 0.403125
8 0.878125 0.38828125 0.1625 0.384375
54 0.5296875 0.7671875 0.696875 0.21562534 0.12421875 0.36953125 0.16875 0.4234375
16 0.28515625 0.38515625 0.190625 0.396875
2 0.48046875 0.38203125 0.146875 0.39375
2 0.609375 0.37734375 0.13125 0.396875
6 0.74609375 0.390625 0.134375 0.403125
8 0.878125 0.38828125 0.1625 0.384375
54 0.5296875 0.7671875 0.696875 0.21562534 0.12421875 0.36953125 0.16875 0.4234375
16 0.28515625 0.38515625 0.190625 0.396875
2 0.48046875 0.38203125 0.146875 0.39375
2 0.609375 0.37734375 0.13125 0.396875
6 0.74609375 0.390625 0.134375 0.403125
8 0.878125 0.38828125 0.1625 0.384375
54 0.5296875 0.7671875 0.696875 0.215625