11 0.20859375 0.3546875 0.1703125 0.36796875
16 0.365625 0.3546875 0.16328125 0.35390625
2 0.54921875 0.35 0.140625 0.3765625
2 0.675 0.34609375 0.1390625 0.3875
6 0.7890625 0.33125 0.11796875 0.3578125
6 0.89765625 0.32890625 0.125 0.328125
63 0.57734375 0.6671875 0.2625 0.2226562511 0.20859375 0.3546875 0.1703125 0.36796875
16 0.365625 0.3546875 0.16328125 0.35390625
2 0.54921875 0.35 0.140625 0.3765625
2 0.675 0.34609375 0.1390625 0.3875
6 0.7890625 0.33125 0.11796875 0.3578125
6 0.89765625 0.32890625 0.125 0.328125
63 0.57734375 0.6671875 0.2625 0.2226562511 0.20859375 0.3546875 0.1703125 0.36796875
16 0.365625 0.3546875 0.16328125 0.35390625
2 0.54921875 0.35 0.140625 0.3765625
2 0.675 0.34609375 0.1390625 0.3875
6 0.7890625 0.33125 0.11796875 0.3578125
6 0.89765625 0.32890625 0.125 0.328125
63 0.57734375 0.6671875 0.2625 0.22265625