11 0.19140625 0.396875 0.2203125 0.3875
16 0.346875 0.375 0.2109375 0.3734375
2 0.528125 0.34453125 0.1921875 0.3921875
2 0.6515625 0.3234375 0.1921875 0.403125
6 0.7625 0.29296875 0.1671875 0.3703125
6 0.8703125 0.275 0.16875 0.3421875
63 0.6 0.6546875 0.290625 0.2562511 0.19140625 0.396875 0.2203125 0.3875
16 0.346875 0.375 0.2109375 0.3734375
2 0.528125 0.34453125 0.1921875 0.3921875
2 0.6515625 0.3234375 0.1921875 0.403125
6 0.7625 0.29296875 0.1671875 0.3703125
6 0.8703125 0.275 0.16875 0.3421875
63 0.6 0.6546875 0.290625 0.2562511 0.19140625 0.396875 0.2203125 0.3875
16 0.346875 0.375 0.2109375 0.3734375
2 0.528125 0.34453125 0.1921875 0.3921875
2 0.6515625 0.3234375 0.1921875 0.403125
6 0.7625 0.29296875 0.1671875 0.3703125
6 0.8703125 0.275 0.16875 0.3421875
63 0.6 0.6546875 0.290625 0.25625