11 0.23515625 0.3109375 0.225 0.390625
16 0.38984375 0.33515625 0.2171875 0.375
2 0.571875 0.359375 0.1984375 0.39375
2 0.696875 0.375 0.1984375 0.4046875
6 0.81171875 0.37890625 0.171875 0.371875
6 0.915625 0.3921875 0.16875 0.34375
63 0.55 0.67734375 0.29375 0.260937511 0.23515625 0.3109375 0.225 0.390625
16 0.38984375 0.33515625 0.2171875 0.375
2 0.571875 0.359375 0.1984375 0.39375
2 0.696875 0.375 0.1984375 0.4046875
6 0.81171875 0.37890625 0.171875 0.371875
6 0.915625 0.3921875 0.16875 0.34375
63 0.55 0.67734375 0.29375 0.260937511 0.23515625 0.3109375 0.225 0.390625
16 0.38984375 0.33515625 0.2171875 0.375
2 0.571875 0.359375 0.1984375 0.39375
2 0.696875 0.375 0.1984375 0.4046875
6 0.81171875 0.37890625 0.171875 0.371875
6 0.915625 0.3921875 0.16875 0.34375
63 0.55 0.67734375 0.29375 0.2609375