34 0.12421875 0.36953125 0.16875 0.4234375
16 0.28515625 0.38515625 0.19140625 0.39765625
2 0.48046875 0.38203125 0.14609375 0.39453125
2 0.609375 0.37734375 0.13046875 0.39609375
6 0.74609375 0.390625 0.13359375 0.403125
8 0.878125 0.38828125 0.16171875 0.38515625
54 0.5296875 0.7671875 0.69609375 0.21562534 0.12421875 0.36953125 0.16875 0.4234375
16 0.28515625 0.38515625 0.19140625 0.39765625
2 0.48046875 0.38203125 0.14609375 0.39453125
2 0.609375 0.37734375 0.13046875 0.39609375
6 0.74609375 0.390625 0.13359375 0.403125
8 0.878125 0.38828125 0.16171875 0.38515625
54 0.5296875 0.7671875 0.69609375 0.21562534 0.12421875 0.36953125 0.16875 0.4234375
16 0.28515625 0.38515625 0.19140625 0.39765625
2 0.48046875 0.38203125 0.14609375 0.39453125
2 0.609375 0.37734375 0.13046875 0.39609375
6 0.74609375 0.390625 0.13359375 0.403125
8 0.878125 0.38828125 0.16171875 0.38515625
54 0.5296875 0.7671875 0.69609375 0.215625