11 0.20390625 0.36484375 0.1828125 0.3734375
16 0.3609375 0.359375 0.175 0.359375
2 0.54375 0.3484375 0.153125 0.38125
2 0.66953125 0.33984375 0.153125 0.3921875
6 0.7828125 0.32109375 0.1296875 0.3609375
6 0.89140625 0.31484375 0.1359375 0.3328125
63 0.5828125 0.6640625 0.2703125 0.2312511 0.20390625 0.36484375 0.1828125 0.3734375
16 0.3609375 0.359375 0.175 0.359375
2 0.54375 0.3484375 0.153125 0.38125
2 0.66953125 0.33984375 0.153125 0.3921875
6 0.7828125 0.32109375 0.1296875 0.3609375
6 0.89140625 0.31484375 0.1359375 0.3328125
63 0.5828125 0.6640625 0.2703125 0.2312511 0.20390625 0.36484375 0.1828125 0.3734375
16 0.3609375 0.359375 0.175 0.359375
2 0.54375 0.3484375 0.153125 0.38125
2 0.66953125 0.33984375 0.153125 0.3921875
6 0.7828125 0.32109375 0.1296875 0.3609375
6 0.89140625 0.31484375 0.1359375 0.3328125
63 0.5828125 0.6640625 0.2703125 0.23125