11 0.21640625 0.33984375 0.1890625 0.3765625
16 0.3734375 0.34765625 0.18125 0.3625
2 0.55703125 0.353125 0.159375 0.3828125
2 0.6828125 0.35546875 0.159375 0.39375
6 0.79765625 0.346875 0.1359375 0.3640625
6 0.90625 0.35 0.1421875 0.334375
63 0.56875 0.67109375 0.2734375 0.235937511 0.21640625 0.33984375 0.1890625 0.3765625
16 0.3734375 0.34765625 0.18125 0.3625
2 0.55703125 0.353125 0.159375 0.3828125
2 0.6828125 0.35546875 0.159375 0.39375
6 0.79765625 0.346875 0.1359375 0.3640625
6 0.90625 0.35 0.1421875 0.334375
63 0.56875 0.67109375 0.2734375 0.235937511 0.21640625 0.33984375 0.1890625 0.3765625
16 0.3734375 0.34765625 0.18125 0.3625
2 0.55703125 0.353125 0.159375 0.3828125
2 0.6828125 0.35546875 0.159375 0.39375
6 0.79765625 0.346875 0.1359375 0.3640625
6 0.90625 0.35 0.1421875 0.334375
63 0.56875 0.67109375 0.2734375 0.2359375