34 0.13125 0.35 0.190625 0.43125
16 0.29140625 0.37421875 0.2125 0.4078125
2 0.48671875 0.38125 0.1671875 0.4015625
2 0.615625 0.38359375 0.1515625 0.403125
6 0.7515625 0.40390625 0.1546875 0.409375
8 0.88359375 0.40859375 0.18125 0.39375
54 0.515625 0.76875 0.70625 0.251562534 0.13125 0.35 0.190625 0.43125
16 0.29140625 0.37421875 0.2125 0.4078125
2 0.48671875 0.38125 0.1671875 0.4015625
2 0.615625 0.38359375 0.1515625 0.403125
6 0.7515625 0.40390625 0.1546875 0.409375
8 0.88359375 0.40859375 0.18125 0.39375
54 0.515625 0.76875 0.70625 0.251562534 0.13125 0.35 0.190625 0.43125
16 0.29140625 0.37421875 0.2125 0.4078125
2 0.48671875 0.38125 0.1671875 0.4015625
2 0.615625 0.38359375 0.1515625 0.403125
6 0.7515625 0.40390625 0.1546875 0.409375
8 0.88359375 0.40859375 0.18125 0.39375
54 0.515625 0.76875 0.70625 0.2515625