34 0.12890625 0.35625 0.1828125 0.4296875
16 0.2890625 0.37734375 0.2046875 0.4046875
2 0.484375 0.38125 0.159375 0.4
2 0.61328125 0.38125 0.14375 0.4
6 0.75 0.39921875 0.146875 0.4078125
8 0.88203125 0.4015625 0.175 0.390625
54 0.5203125 0.76796875 0.703125 0.239062534 0.12890625 0.35625 0.1828125 0.4296875
16 0.2890625 0.37734375 0.2046875 0.4046875
2 0.484375 0.38125 0.159375 0.4
2 0.61328125 0.38125 0.14375 0.4
6 0.75 0.39921875 0.146875 0.4078125
8 0.88203125 0.4015625 0.175 0.390625
54 0.5203125 0.76796875 0.703125 0.239062534 0.12890625 0.35625 0.1828125 0.4296875
16 0.2890625 0.37734375 0.2046875 0.4046875
2 0.484375 0.38125 0.159375 0.4
2 0.61328125 0.38125 0.14375 0.4
6 0.75 0.39921875 0.146875 0.4078125
8 0.88203125 0.4015625 0.175 0.390625
54 0.5203125 0.76796875 0.703125 0.2390625