38 0.1484375 0.39921875 0.1765625 0.425
44 0.3046875 0.38671875 0.171875 0.440625
2 0.47578125 0.38984375 0.1671875 0.4265625
2 0.60625 0.39140625 0.1578125 0.4015625
7 0.70859375 0.390625 0.1265625 0.4140625
6 0.8421875 0.39140625 0.1609375 0.4125
54 0.51953125 0.778125 0.6515625 0.1937538 0.1484375 0.39921875 0.1765625 0.425
44 0.3046875 0.38671875 0.171875 0.440625
2 0.47578125 0.38984375 0.1671875 0.4265625
2 0.60625 0.39140625 0.1578125 0.4015625
7 0.70859375 0.390625 0.1265625 0.4140625
6 0.8421875 0.39140625 0.1609375 0.4125
54 0.51953125 0.778125 0.6515625 0.1937538 0.1484375 0.39921875 0.1765625 0.425
44 0.3046875 0.38671875 0.171875 0.440625
2 0.47578125 0.38984375 0.1671875 0.4265625
2 0.60625 0.39140625 0.1578125 0.4015625
7 0.70859375 0.390625 0.1265625 0.4140625
6 0.8421875 0.39140625 0.1609375 0.4125
54 0.51953125 0.778125 0.6515625 0.19375