38 0.15 0.39296875 0.16875 0.421875
44 0.30703125 0.38359375 0.16484375 0.4375
2 0.47734375 0.3890625 0.159375 0.4234375
2 0.6078125 0.39296875 0.15078125 0.39921875
7 0.71015625 0.39453125 0.11953125 0.41171875
6 0.84375 0.39765625 0.153125 0.409375
54 0.51484375 0.778125 0.64921875 0.1820312538 0.15 0.39296875 0.16875 0.421875
44 0.30703125 0.38359375 0.16484375 0.4375
2 0.47734375 0.3890625 0.159375 0.4234375
2 0.6078125 0.39296875 0.15078125 0.39921875
7 0.71015625 0.39453125 0.11953125 0.41171875
6 0.84375 0.39765625 0.153125 0.409375
54 0.51484375 0.778125 0.64921875 0.1820312538 0.15 0.39296875 0.16875 0.421875
44 0.30703125 0.38359375 0.16484375 0.4375
2 0.47734375 0.3890625 0.159375 0.4234375
2 0.6078125 0.39296875 0.15078125 0.39921875
7 0.71015625 0.39453125 0.11953125 0.41171875
6 0.84375 0.39765625 0.153125 0.409375
54 0.51484375 0.778125 0.64921875 0.18203125