38 0.15 0.39296875 0.16875 0.421875
44 0.30703125 0.38359375 0.165625 0.4375
2 0.47734375 0.3890625 0.159375 0.4234375
2 0.6078125 0.39296875 0.15 0.4
7 0.71015625 0.39453125 0.11875 0.4125
6 0.84375 0.39765625 0.153125 0.409375
54 0.51484375 0.778125 0.65 0.1812538 0.15 0.39296875 0.16875 0.421875
44 0.30703125 0.38359375 0.165625 0.4375
2 0.47734375 0.3890625 0.159375 0.4234375
2 0.6078125 0.39296875 0.15 0.4
7 0.71015625 0.39453125 0.11875 0.4125
6 0.84375 0.39765625 0.153125 0.409375
54 0.51484375 0.778125 0.65 0.1812538 0.15 0.39296875 0.16875 0.421875
44 0.30703125 0.38359375 0.165625 0.4375
2 0.47734375 0.3890625 0.159375 0.4234375
2 0.6078125 0.39296875 0.15 0.4
7 0.71015625 0.39453125 0.11875 0.4125
6 0.84375 0.39765625 0.153125 0.409375
54 0.51484375 0.778125 0.65 0.18125