38 0.1609375 0.3625 0.2046875 0.434375
44 0.31796875 0.3671875 0.203125 0.45
2 0.48671875 0.3875 0.1953125 0.4359375
2 0.61640625 0.403125 0.184375 0.4109375
7 0.71875 0.41328125 0.1546875 0.4203125
6 0.8515625 0.428125 0.1875 0.421875
54 0.490625 0.778125 0.6625 0.237538 0.1609375 0.3625 0.2046875 0.434375
44 0.31796875 0.3671875 0.203125 0.45
2 0.48671875 0.3875 0.1953125 0.4359375
2 0.61640625 0.403125 0.184375 0.4109375
7 0.71875 0.41328125 0.1546875 0.4203125
6 0.8515625 0.428125 0.1875 0.421875
54 0.490625 0.778125 0.6625 0.237538 0.1609375 0.3625 0.2046875 0.434375
44 0.31796875 0.3671875 0.203125 0.45
2 0.48671875 0.3875 0.1953125 0.4359375
2 0.61640625 0.403125 0.184375 0.4109375
7 0.71875 0.41328125 0.1546875 0.4203125
6 0.8515625 0.428125 0.1875 0.421875
54 0.490625 0.778125 0.6625 0.2375