38 0.15859375 0.36875 0.1984375 0.4328125
44 0.315625 0.3703125 0.1953125 0.4484375
2 0.48515625 0.3875 0.1890625 0.4328125
2 0.61484375 0.40078125 0.178125 0.409375
7 0.7171875 0.409375 0.1484375 0.41875
6 0.85 0.421875 0.18125 0.41875
54 0.4953125 0.778125 0.6609375 0.226562538 0.15859375 0.36875 0.1984375 0.4328125
44 0.315625 0.3703125 0.1953125 0.4484375
2 0.48515625 0.3875 0.1890625 0.4328125
2 0.61484375 0.40078125 0.178125 0.409375
7 0.7171875 0.409375 0.1484375 0.41875
6 0.85 0.421875 0.18125 0.41875
54 0.4953125 0.778125 0.6609375 0.226562538 0.15859375 0.36875 0.1984375 0.4328125
44 0.315625 0.3703125 0.1953125 0.4484375
2 0.48515625 0.3875 0.1890625 0.4328125
2 0.61484375 0.40078125 0.178125 0.409375
7 0.7171875 0.409375 0.1484375 0.41875
6 0.85 0.421875 0.18125 0.41875
54 0.4953125 0.778125 0.6609375 0.2265625