10 0.18359375 0.46015625 0.228125 0.459375
28 0.3359375 0.4390625 0.2375 0.4515625
2 0.49765625 0.40546875 0.2234375 0.4546875
2 0.61953125 0.384375 0.2015625 0.434375
8 0.7296875 0.36015625 0.1828125 0.425
8 0.8484375 0.3390625 0.1890625 0.4203125
62 0.55234375 0.77734375 0.39375 0.26562510 0.18359375 0.46015625 0.228125 0.459375
28 0.3359375 0.4390625 0.2375 0.4515625
2 0.49765625 0.40546875 0.2234375 0.4546875
2 0.61953125 0.384375 0.2015625 0.434375
8 0.7296875 0.36015625 0.1828125 0.425
8 0.8484375 0.3390625 0.1890625 0.4203125
62 0.55234375 0.77734375 0.39375 0.26562510 0.18359375 0.46015625 0.228125 0.459375
28 0.3359375 0.4390625 0.2375 0.4515625
2 0.49765625 0.40546875 0.2234375 0.4546875
2 0.61953125 0.384375 0.2015625 0.434375
8 0.7296875 0.36015625 0.1828125 0.425
8 0.8484375 0.3390625 0.1890625 0.4203125
62 0.55234375 0.77734375 0.39375 0.265625