10 0.1953125 0.40546875 0.1546875 0.4390625
28 0.34921875 0.41171875 0.16484375 0.42890625
2 0.5140625 0.40625 0.15078125 0.434375
2 0.6375 0.40703125 0.13046875 0.41875
8 0.75078125 0.40234375 0.1125 0.41171875
8 0.87109375 0.40234375 0.12109375 0.4046875
62 0.503125 0.78203125 0.36328125 0.2062510 0.1953125 0.40546875 0.1546875 0.4390625
28 0.34921875 0.41171875 0.16484375 0.42890625
2 0.5140625 0.40625 0.15078125 0.434375
2 0.6375 0.40703125 0.13046875 0.41875
8 0.75078125 0.40234375 0.1125 0.41171875
8 0.87109375 0.40234375 0.12109375 0.4046875
62 0.503125 0.78203125 0.36328125 0.2062510 0.1953125 0.40546875 0.1546875 0.4390625
28 0.34921875 0.41171875 0.16484375 0.42890625
2 0.5140625 0.40625 0.15078125 0.434375
2 0.6375 0.40703125 0.13046875 0.41875
8 0.75078125 0.40234375 0.1125 0.41171875
8 0.87109375 0.40234375 0.12109375 0.4046875
62 0.503125 0.78203125 0.36328125 0.20625