10 0.2171875 0.32421875 0.1625 0.35
39 0.3703125 0.33203125 0.1625 0.353125
2 0.56015625 0.3171875 0.140625 0.371875
2 0.6859375 0.3140625 0.134375 0.346875
8 0.79765625 0.31015625 0.1265625 0.346875
5 0.9109375 0.30625 0.1375 0.334375
98 0.5015625 0.684375 0.2671875 0.22187510 0.2171875 0.32421875 0.1625 0.35
39 0.3703125 0.33203125 0.1625 0.353125
2 0.56015625 0.3171875 0.140625 0.371875
2 0.6859375 0.3140625 0.134375 0.346875
8 0.79765625 0.31015625 0.1265625 0.346875
5 0.9109375 0.30625 0.1375 0.334375
98 0.5015625 0.684375 0.2671875 0.22187510 0.2171875 0.32421875 0.1625 0.35
39 0.3703125 0.33203125 0.1625 0.353125
2 0.56015625 0.3171875 0.140625 0.371875
2 0.6859375 0.3140625 0.134375 0.346875
8 0.79765625 0.31015625 0.1265625 0.346875
5 0.9109375 0.30625 0.1375 0.334375
98 0.5015625 0.684375 0.2671875 0.221875