11 0.23671875 0.3140625 0.18125 0.3765625
32 0.3359375 0.296875 0.1453125 0.3625
2 0.4546875 0.275 0.1484375 0.3546875
2 0.55390625 0.2625 0.1390625 0.3578125
8 0.62421875 0.2515625 0.121875 0.3515625
0 0.7078125 0.2390625 0.1265625 0.35
114 0.5125 0.6296875 0.26875 0.1937511 0.23671875 0.3140625 0.18125 0.3765625
32 0.3359375 0.296875 0.1453125 0.3625
2 0.4546875 0.275 0.1484375 0.3546875
2 0.55390625 0.2625 0.1390625 0.3578125
8 0.62421875 0.2515625 0.121875 0.3515625
0 0.7078125 0.2390625 0.1265625 0.35
114 0.5125 0.6296875 0.26875 0.1937511 0.23671875 0.3140625 0.18125 0.3765625
32 0.3359375 0.296875 0.1453125 0.3625
2 0.4546875 0.275 0.1484375 0.3546875
2 0.55390625 0.2625 0.1390625 0.3578125
8 0.62421875 0.2515625 0.121875 0.3515625
0 0.7078125 0.2390625 0.1265625 0.35
114 0.5125 0.6296875 0.26875 0.19375