10 0.25234375 0.278125 0.2203125 0.3734375
39 0.4015625 0.31171875 0.221875 0.3765625
2 0.590625 0.33046875 0.203125 0.390625
2 0.715625 0.34921875 0.1921875 0.3640625
8 0.82578125 0.36484375 0.184375 0.3640625
5 0.9203125 0.3796875 0.159375 0.353125
98 0.46953125 0.68203125 0.3015625 0.26562510 0.25234375 0.278125 0.2203125 0.3734375
39 0.4015625 0.31171875 0.221875 0.3765625
2 0.590625 0.33046875 0.203125 0.390625
2 0.715625 0.34921875 0.1921875 0.3640625
8 0.82578125 0.36484375 0.184375 0.3640625
5 0.9203125 0.3796875 0.159375 0.353125
98 0.46953125 0.68203125 0.3015625 0.26562510 0.25234375 0.278125 0.2203125 0.3734375
39 0.4015625 0.31171875 0.221875 0.3765625
2 0.590625 0.33046875 0.203125 0.390625
2 0.715625 0.34921875 0.1921875 0.3640625
8 0.82578125 0.36484375 0.184375 0.3640625
5 0.9203125 0.3796875 0.159375 0.353125
98 0.46953125 0.68203125 0.3015625 0.265625