10 0.2484375 0.28203125 0.2140625 0.371875
39 0.3984375 0.3140625 0.2171875 0.375
2 0.58828125 0.32890625 0.196875 0.3890625
2 0.7125 0.3453125 0.1859375 0.3640625
8 0.8234375 0.359375 0.1796875 0.3625
5 0.92109375 0.37265625 0.1578125 0.3515625
98 0.47265625 0.68203125 0.2984375 0.260937510 0.2484375 0.28203125 0.2140625 0.371875
39 0.3984375 0.3140625 0.2171875 0.375
2 0.58828125 0.32890625 0.196875 0.3890625
2 0.7125 0.3453125 0.1859375 0.3640625
8 0.8234375 0.359375 0.1796875 0.3625
5 0.92109375 0.37265625 0.1578125 0.3515625
98 0.47265625 0.68203125 0.2984375 0.260937510 0.2484375 0.28203125 0.2140625 0.371875
39 0.3984375 0.3140625 0.2171875 0.375
2 0.58828125 0.32890625 0.196875 0.3890625
2 0.7125 0.3453125 0.1859375 0.3640625
8 0.8234375 0.359375 0.1796875 0.3625
5 0.92109375 0.37265625 0.1578125 0.3515625
98 0.47265625 0.68203125 0.2984375 0.2609375