10 0.23671875 0.3515625 0.159375 0.40625
39 0.37734375 0.36484375 0.1671875 0.3765625
2 0.5625 0.36328125 0.134375 0.365625
2 0.6734375 0.38515625 0.128125 0.39375
8 0.7765625 0.38125 0.11875 0.359375
8 0.878125 0.39375 0.13125 0.378125
60 0.50390625 0.72578125 0.3375 0.229687510 0.23671875 0.3515625 0.159375 0.40625
39 0.37734375 0.36484375 0.1671875 0.3765625
2 0.5625 0.36328125 0.134375 0.365625
2 0.6734375 0.38515625 0.128125 0.39375
8 0.7765625 0.38125 0.11875 0.359375
8 0.878125 0.39375 0.13125 0.378125
60 0.50390625 0.72578125 0.3375 0.229687510 0.23671875 0.3515625 0.159375 0.40625
39 0.37734375 0.36484375 0.1671875 0.3765625
2 0.5625 0.36328125 0.134375 0.365625
2 0.6734375 0.38515625 0.128125 0.39375
8 0.7765625 0.38125 0.11875 0.359375
8 0.878125 0.39375 0.13125 0.378125
60 0.50390625 0.72578125 0.3375 0.2296875