11 0.2609375 0.28359375 0.1375 0.3625
32 0.36171875 0.278125 0.10390625 0.35234375
2 0.4828125 0.27109375 0.1078125 0.34375
2 0.58203125 0.27109375 0.09765625 0.34921875
8 0.65390625 0.26875 0.08125 0.34375
0 0.73828125 0.26640625 0.08515625 0.3421875
114 0.496875 0.63046875 0.25 0.1648437511 0.2609375 0.28359375 0.1375 0.3625
32 0.36171875 0.278125 0.10390625 0.35234375
2 0.4828125 0.27109375 0.1078125 0.34375
2 0.58203125 0.27109375 0.09765625 0.34921875
8 0.65390625 0.26875 0.08125 0.34375
0 0.73828125 0.26640625 0.08515625 0.3421875
114 0.496875 0.63046875 0.25 0.1648437511 0.2609375 0.28359375 0.1375 0.3625
32 0.36171875 0.278125 0.10390625 0.35234375
2 0.4828125 0.27109375 0.1078125 0.34375
2 0.58203125 0.27109375 0.09765625 0.34921875
8 0.65390625 0.26875 0.08125 0.34375
0 0.73828125 0.26640625 0.08515625 0.3421875
114 0.496875 0.63046875 0.25 0.16484375