10 0.23203125 0.3609375 0.14609375 0.40078125
39 0.37265625 0.36953125 0.1546875 0.371875
2 0.5578125 0.3609375 0.12109375 0.3609375
2 0.66953125 0.37890625 0.11484375 0.390625
8 0.771875 0.371875 0.10625 0.35546875
8 0.87421875 0.38046875 0.11796875 0.375
60 0.51171875 0.72578125 0.3296875 0.2187510 0.23203125 0.3609375 0.14609375 0.40078125
39 0.37265625 0.36953125 0.1546875 0.371875
2 0.5578125 0.3609375 0.12109375 0.3609375
2 0.66953125 0.37890625 0.11484375 0.390625
8 0.771875 0.371875 0.10625 0.35546875
8 0.87421875 0.38046875 0.11796875 0.375
60 0.51171875 0.72578125 0.3296875 0.2187510 0.23203125 0.3609375 0.14609375 0.40078125
39 0.37265625 0.36953125 0.1546875 0.371875
2 0.5578125 0.3609375 0.12109375 0.3609375
2 0.66953125 0.37890625 0.11484375 0.390625
8 0.771875 0.371875 0.10625 0.35546875
8 0.87421875 0.38046875 0.11796875 0.375
60 0.51171875 0.72578125 0.3296875 0.21875