10 0.2171875 0.32421875 0.16171875 0.35078125
39 0.3703125 0.33203125 0.16328125 0.35390625
2 0.56015625 0.3171875 0.140625 0.37109375
2 0.6859375 0.3140625 0.13359375 0.346875
8 0.79765625 0.31015625 0.1265625 0.34765625
5 0.9109375 0.30625 0.1375 0.33359375
98 0.5015625 0.684375 0.2671875 0.22187510 0.2171875 0.32421875 0.16171875 0.35078125
39 0.3703125 0.33203125 0.16328125 0.35390625
2 0.56015625 0.3171875 0.140625 0.37109375
2 0.6859375 0.3140625 0.13359375 0.346875
8 0.79765625 0.31015625 0.1265625 0.34765625
5 0.9109375 0.30625 0.1375 0.33359375
98 0.5015625 0.684375 0.2671875 0.22187510 0.2171875 0.32421875 0.16171875 0.35078125
39 0.3703125 0.33203125 0.16328125 0.35390625
2 0.56015625 0.3171875 0.140625 0.37109375
2 0.6859375 0.3140625 0.13359375 0.346875
8 0.79765625 0.31015625 0.1265625 0.34765625
5 0.9109375 0.30625 0.1375 0.33359375
98 0.5015625 0.684375 0.2671875 0.221875