10 0.196875 0.4 0.1625 0.4421875
28 0.35078125 0.409375 0.171875 0.43125
2 0.515625 0.40625 0.1578125 0.4375
2 0.6390625 0.409375 0.1375 0.4203125
8 0.75234375 0.40703125 0.1203125 0.4140625
8 0.87265625 0.40859375 0.128125 0.40625
62 0.4984375 0.78203125 0.3671875 0.212510 0.196875 0.4 0.1625 0.4421875
28 0.35078125 0.409375 0.171875 0.43125
2 0.515625 0.40625 0.1578125 0.4375
2 0.6390625 0.409375 0.1375 0.4203125
8 0.75234375 0.40703125 0.1203125 0.4140625
8 0.87265625 0.40859375 0.128125 0.40625
62 0.4984375 0.78203125 0.3671875 0.212510 0.196875 0.4 0.1625 0.4421875
28 0.35078125 0.409375 0.171875 0.43125
2 0.515625 0.40625 0.1578125 0.4375
2 0.6390625 0.409375 0.1375 0.4203125
8 0.75234375 0.40703125 0.1203125 0.4140625
8 0.87265625 0.40859375 0.128125 0.40625
62 0.4984375 0.78203125 0.3671875 0.2125