10 0.20078125 0.38984375 0.178125 0.446875
28 0.35390625 0.40390625 0.1875 0.4375
2 0.51875 0.40703125 0.1734375 0.4421875
2 0.6421875 0.4140625 0.1515625 0.425
8 0.75546875 0.415625 0.134375 0.4171875
8 0.87578125 0.421875 0.1421875 0.4109375
62 0.48828125 0.78203125 0.3734375 0.22510 0.20078125 0.38984375 0.178125 0.446875
28 0.35390625 0.40390625 0.1875 0.4375
2 0.51875 0.40703125 0.1734375 0.4421875
2 0.6421875 0.4140625 0.1515625 0.425
8 0.75546875 0.415625 0.134375 0.4171875
8 0.87578125 0.421875 0.1421875 0.4109375
62 0.48828125 0.78203125 0.3734375 0.22510 0.20078125 0.38984375 0.178125 0.446875
28 0.35390625 0.40390625 0.1875 0.4375
2 0.51875 0.40703125 0.1734375 0.4421875
2 0.6421875 0.4140625 0.1515625 0.425
8 0.75546875 0.415625 0.134375 0.4171875
8 0.87578125 0.421875 0.1421875 0.4109375
62 0.48828125 0.78203125 0.3734375 0.225