10 0.23203125 0.3609375 0.146875 0.4
39 0.37265625 0.36953125 0.1546875 0.371875
2 0.5578125 0.3609375 0.121875 0.3609375
2 0.66953125 0.37890625 0.115625 0.390625
8 0.771875 0.371875 0.10625 0.35625
8 0.87421875 0.38046875 0.11875 0.375
60 0.51171875 0.72578125 0.3296875 0.2187510 0.23203125 0.3609375 0.146875 0.4
39 0.37265625 0.36953125 0.1546875 0.371875
2 0.5578125 0.3609375 0.121875 0.3609375
2 0.66953125 0.37890625 0.115625 0.390625
8 0.771875 0.371875 0.10625 0.35625
8 0.87421875 0.38046875 0.11875 0.375
60 0.51171875 0.72578125 0.3296875 0.2187510 0.23203125 0.3609375 0.146875 0.4
39 0.37265625 0.36953125 0.1546875 0.371875
2 0.5578125 0.3609375 0.121875 0.3609375
2 0.66953125 0.37890625 0.115625 0.390625
8 0.771875 0.371875 0.10625 0.35625
8 0.87421875 0.38046875 0.11875 0.375
60 0.51171875 0.72578125 0.3296875 0.21875