10 0.22265625 0.3796875 0.1734375 0.409375
39 0.3640625 0.37890625 0.1796875 0.38125
2 0.54765625 0.35703125 0.1453125 0.36875
2 0.6609375 0.3671875 0.1421875 0.3984375
8 0.7625 0.353125 0.13125 0.3625
8 0.86484375 0.3546875 0.14375 0.3828125
60 0.52734375 0.72421875 0.34375 0.24062510 0.22265625 0.3796875 0.1734375 0.409375
39 0.3640625 0.37890625 0.1796875 0.38125
2 0.54765625 0.35703125 0.1453125 0.36875
2 0.6609375 0.3671875 0.1421875 0.3984375
8 0.7625 0.353125 0.13125 0.3625
8 0.86484375 0.3546875 0.14375 0.3828125
60 0.52734375 0.72421875 0.34375 0.24062510 0.22265625 0.3796875 0.1734375 0.409375
39 0.3640625 0.37890625 0.1796875 0.38125
2 0.54765625 0.35703125 0.1453125 0.36875
2 0.6609375 0.3671875 0.1421875 0.3984375
8 0.7625 0.353125 0.13125 0.3625
8 0.86484375 0.3546875 0.14375 0.3828125
60 0.52734375 0.72421875 0.34375 0.240625