10 0.18828125 0.43203125 0.1921875 0.4515625
28 0.3421875 0.425 0.2015625 0.4421875
2 0.50546875 0.40546875 0.1875 0.4453125
2 0.62890625 0.3953125 0.1671875 0.428125
8 0.74140625 0.38046875 0.1484375 0.4203125
8 0.8609375 0.3703125 0.15625 0.4140625
62 0.52734375 0.78046875 0.3796875 0.237510 0.18828125 0.43203125 0.1921875 0.4515625
28 0.3421875 0.425 0.2015625 0.4421875
2 0.50546875 0.40546875 0.1875 0.4453125
2 0.62890625 0.3953125 0.1671875 0.428125
8 0.74140625 0.38046875 0.1484375 0.4203125
8 0.8609375 0.3703125 0.15625 0.4140625
62 0.52734375 0.78046875 0.3796875 0.237510 0.18828125 0.43203125 0.1921875 0.4515625
28 0.3421875 0.425 0.2015625 0.4421875
2 0.50546875 0.40546875 0.1875 0.4453125
2 0.62890625 0.3953125 0.1671875 0.428125
8 0.74140625 0.38046875 0.1484375 0.4203125
8 0.8609375 0.3703125 0.15625 0.4140625
62 0.52734375 0.78046875 0.3796875 0.2375