35 0.165625 0.41953125 0.1671875 0.3921875
45 0.31015625 0.4125 0.1671875 0.371875
2 0.49921875 0.41796875 0.1734375 0.3921875
2 0.62890625 0.403125 0.14375 0.4015625
9 0.746875 0.38671875 0.1484375 0.3671875
1 0.8671875 0.39765625 0.140625 0.3890625
80 0.51640625 0.778125 0.58125 0.226562535 0.165625 0.41953125 0.1671875 0.3921875
45 0.31015625 0.4125 0.1671875 0.371875
2 0.49921875 0.41796875 0.1734375 0.3921875
2 0.62890625 0.403125 0.14375 0.4015625
9 0.746875 0.38671875 0.1484375 0.3671875
1 0.8671875 0.39765625 0.140625 0.3890625
80 0.51640625 0.778125 0.58125 0.226562535 0.165625 0.41953125 0.1671875 0.3921875
45 0.31015625 0.4125 0.1671875 0.371875
2 0.49921875 0.41796875 0.1734375 0.3921875
2 0.62890625 0.403125 0.14375 0.4015625
9 0.746875 0.38671875 0.1484375 0.3671875
1 0.8671875 0.39765625 0.140625 0.3890625
80 0.51640625 0.778125 0.58125 0.2265625