35 0.16171875 0.43671875 0.1859375 0.3984375
45 0.30546875 0.42265625 0.1859375 0.378125
2 0.4953125 0.41796875 0.19375 0.3984375
2 0.6234375 0.396875 0.1640625 0.4078125
9 0.740625 0.37421875 0.165625 0.3734375
1 0.8609375 0.378125 0.159375 0.3953125
80 0.53125 0.77734375 0.590625 0.2562535 0.16171875 0.43671875 0.1859375 0.3984375
45 0.30546875 0.42265625 0.1859375 0.378125
2 0.4953125 0.41796875 0.19375 0.3984375
2 0.6234375 0.396875 0.1640625 0.4078125
9 0.740625 0.37421875 0.165625 0.3734375
1 0.8609375 0.378125 0.159375 0.3953125
80 0.53125 0.77734375 0.590625 0.2562535 0.16171875 0.43671875 0.1859375 0.3984375
45 0.30546875 0.42265625 0.1859375 0.378125
2 0.4953125 0.41796875 0.19375 0.3984375
2 0.6234375 0.396875 0.1640625 0.4078125
9 0.740625 0.37421875 0.165625 0.3734375
1 0.8609375 0.378125 0.159375 0.3953125
80 0.53125 0.77734375 0.590625 0.25625