50 0.17734375 0.42734375 0.1875 0.4328125
49 0.3328125 0.40234375 0.184375 0.4078125
2 0.528125 0.378125 0.1765625 0.4296875
2 0.63984375 0.35234375 0.134375 0.440625
9 0.7609375 0.3546875 0.1328125 0.4296875
8 0.88515625 0.34921875 0.15625 0.3953125
54 0.5140625 0.81171875 0.71875 0.295312550 0.17734375 0.42734375 0.1875 0.4328125
49 0.3328125 0.40234375 0.184375 0.4078125
2 0.528125 0.378125 0.1765625 0.4296875
2 0.63984375 0.35234375 0.134375 0.440625
9 0.7609375 0.3546875 0.1328125 0.4296875
8 0.88515625 0.34921875 0.15625 0.3953125
54 0.5140625 0.81171875 0.71875 0.295312550 0.17734375 0.42734375 0.1875 0.4328125
49 0.3328125 0.40234375 0.184375 0.4078125
2 0.528125 0.378125 0.1765625 0.4296875
2 0.63984375 0.35234375 0.134375 0.440625
9 0.7609375 0.3546875 0.1328125 0.4296875
8 0.88515625 0.34921875 0.15625 0.3953125
54 0.5140625 0.81171875 0.71875 0.2953125