11 0.121875 0.42734375 0.2078125 0.3375
15 0.27109375 0.42578125 0.1875 0.31875
2 0.45546875 0.4203125 0.190625 0.334375
2 0.58984375 0.4171875 0.1734375 0.3640625
9 0.71796875 0.415625 0.1578125 0.328125
9 0.85390625 0.41640625 0.1671875 0.334375
114 0.5484375 0.7125 0.34375 0.19687511 0.121875 0.42734375 0.2078125 0.3375
15 0.27109375 0.42578125 0.1875 0.31875
2 0.45546875 0.4203125 0.190625 0.334375
2 0.58984375 0.4171875 0.1734375 0.3640625
9 0.71796875 0.415625 0.1578125 0.328125
9 0.85390625 0.41640625 0.1671875 0.334375
114 0.5484375 0.7125 0.34375 0.19687511 0.121875 0.42734375 0.2078125 0.3375
15 0.27109375 0.42578125 0.1875 0.31875
2 0.45546875 0.4203125 0.190625 0.334375
2 0.58984375 0.4171875 0.1734375 0.3640625
9 0.71796875 0.415625 0.1578125 0.328125
9 0.85390625 0.41640625 0.1671875 0.334375
114 0.5484375 0.7125 0.34375 0.196875