10 0.22265625 0.26328125 0.2 0.4015625
11 0.37578125 0.31015625 0.18125 0.4265625
2 0.55390625 0.38828125 0.1390625 0.365625
2 0.6671875 0.40859375 0.1421875 0.4
9 0.7859375 0.446875 0.15625 0.384375
9 0.8953125 0.496875 0.1359375 0.35625
98 0.49140625 0.76328125 0.278125 0.2312510 0.22265625 0.26328125 0.2 0.4015625
11 0.37578125 0.31015625 0.18125 0.4265625
2 0.55390625 0.38828125 0.1390625 0.365625
2 0.6671875 0.40859375 0.1421875 0.4
9 0.7859375 0.446875 0.15625 0.384375
9 0.8953125 0.496875 0.1359375 0.35625
98 0.49140625 0.76328125 0.278125 0.2312510 0.22265625 0.26328125 0.2 0.4015625
11 0.37578125 0.31015625 0.18125 0.4265625
2 0.55390625 0.38828125 0.1390625 0.365625
2 0.6671875 0.40859375 0.1421875 0.4
9 0.7859375 0.446875 0.15625 0.384375
9 0.8953125 0.496875 0.1359375 0.35625
98 0.49140625 0.76328125 0.278125 0.23125