11 0.1234375 0.42109375 0.2015625 0.33359375
15 0.27265625 0.421875 0.18203125 0.315625
2 0.45703125 0.41953125 0.184375 0.33125
2 0.59140625 0.41875 0.16640625 0.3609375
9 0.71953125 0.41953125 0.15234375 0.325
9 0.85546875 0.42265625 0.16171875 0.33125
114 0.54453125 0.71328125 0.33984375 0.19062511 0.1234375 0.42109375 0.2015625 0.33359375
15 0.27265625 0.421875 0.18203125 0.315625
2 0.45703125 0.41953125 0.184375 0.33125
2 0.59140625 0.41875 0.16640625 0.3609375
9 0.71953125 0.41953125 0.15234375 0.325
9 0.85546875 0.42265625 0.16171875 0.33125
114 0.54453125 0.71328125 0.33984375 0.19062511 0.1234375 0.42109375 0.2015625 0.33359375
15 0.27265625 0.421875 0.18203125 0.315625
2 0.45703125 0.41953125 0.184375 0.33125
2 0.59140625 0.41875 0.16640625 0.3609375
9 0.71953125 0.41953125 0.15234375 0.325
9 0.85546875 0.42265625 0.16171875 0.33125
114 0.54453125 0.71328125 0.33984375 0.190625