50 0.19296875 0.37734375 0.19375 0.4359375
49 0.35 0.37734375 0.190625 0.409375
2 0.546875 0.384375 0.184375 0.43125
2 0.66171875 0.37578125 0.140625 0.4421875
9 0.78046875 0.39765625 0.140625 0.43125
8 0.90390625 0.41171875 0.1625 0.396875
54 0.46484375 0.81015625 0.721875 0.3062550 0.19296875 0.37734375 0.19375 0.4359375
49 0.35 0.37734375 0.190625 0.409375
2 0.546875 0.384375 0.184375 0.43125
2 0.66171875 0.37578125 0.140625 0.4421875
9 0.78046875 0.39765625 0.140625 0.43125
8 0.90390625 0.41171875 0.1625 0.396875
54 0.46484375 0.81015625 0.721875 0.3062550 0.19296875 0.37734375 0.19375 0.4359375
49 0.35 0.37734375 0.190625 0.409375
2 0.546875 0.384375 0.184375 0.43125
2 0.66171875 0.37578125 0.140625 0.4421875
9 0.78046875 0.39765625 0.140625 0.43125
8 0.90390625 0.41171875 0.1625 0.396875
54 0.46484375 0.81015625 0.721875 0.30625