50 0.17421875 0.44375 0.2078125 0.4390625
49 0.32734375 0.4109375 0.203125 0.4140625
2 0.521875 0.3765625 0.1984375 0.4359375
2 0.63203125 0.3453125 0.15625 0.44375
9 0.753125 0.34140625 0.1546875 0.4328125
8 0.8765625 0.3296875 0.175 0.4
54 0.53046875 0.81015625 0.728125 0.329687550 0.17421875 0.44375 0.2078125 0.4390625
49 0.32734375 0.4109375 0.203125 0.4140625
2 0.521875 0.3765625 0.1984375 0.4359375
2 0.63203125 0.3453125 0.15625 0.44375
9 0.753125 0.34140625 0.1546875 0.4328125
8 0.8765625 0.3296875 0.175 0.4
54 0.53046875 0.81015625 0.728125 0.329687550 0.17421875 0.44375 0.2078125 0.4390625
49 0.32734375 0.4109375 0.203125 0.4140625
2 0.521875 0.3765625 0.1984375 0.4359375
2 0.63203125 0.3453125 0.15625 0.44375
9 0.753125 0.34140625 0.1546875 0.4328125
8 0.8765625 0.3296875 0.175 0.4
54 0.53046875 0.81015625 0.728125 0.3296875