35 0.16875 0.4078125 0.153125 0.38671875
45 0.31328125 0.40625 0.1546875 0.36640625
2 0.50234375 0.41796875 0.16015625 0.38671875
2 0.63203125 0.4078125 0.13046875 0.39765625
9 0.75078125 0.3953125 0.13515625 0.3625
1 0.8703125 0.41015625 0.1265625 0.38515625
80 0.50703125 0.77890625 0.57421875 0.2062535 0.16875 0.4078125 0.153125 0.38671875
45 0.31328125 0.40625 0.1546875 0.36640625
2 0.50234375 0.41796875 0.16015625 0.38671875
2 0.63203125 0.4078125 0.13046875 0.39765625
9 0.75078125 0.3953125 0.13515625 0.3625
1 0.8703125 0.41015625 0.1265625 0.38515625
80 0.50703125 0.77890625 0.57421875 0.2062535 0.16875 0.4078125 0.153125 0.38671875
45 0.31328125 0.40625 0.1546875 0.36640625
2 0.50234375 0.41796875 0.16015625 0.38671875
2 0.63203125 0.4078125 0.13046875 0.39765625
9 0.75078125 0.3953125 0.13515625 0.3625
1 0.8703125 0.41015625 0.1265625 0.38515625
80 0.50703125 0.77890625 0.57421875 0.20625