10 0.23984375 0.24453125 0.2265625 0.4109375
11 0.38984375 0.30234375 0.209375 0.434375
2 0.5609375 0.39296875 0.1640625 0.371875
2 0.6734375 0.4203125 0.16875 0.40625
9 0.7890625 0.4671875 0.18125 0.3921875
9 0.89453125 0.525 0.159375 0.3625
98 0.4734375 0.76171875 0.2921875 0.248437510 0.23984375 0.24453125 0.2265625 0.4109375
11 0.38984375 0.30234375 0.209375 0.434375
2 0.5609375 0.39296875 0.1640625 0.371875
2 0.6734375 0.4203125 0.16875 0.40625
9 0.7890625 0.4671875 0.18125 0.3921875
9 0.89453125 0.525 0.159375 0.3625
98 0.4734375 0.76171875 0.2921875 0.248437510 0.23984375 0.24453125 0.2265625 0.4109375
11 0.38984375 0.30234375 0.209375 0.434375
2 0.5609375 0.39296875 0.1640625 0.371875
2 0.6734375 0.4203125 0.16875 0.40625
9 0.7890625 0.4671875 0.18125 0.3921875
9 0.89453125 0.525 0.159375 0.3625
98 0.4734375 0.76171875 0.2921875 0.2484375