11 0.1359375 0.37578125 0.240625 0.35625
15 0.28359375 0.39453125 0.21875 0.3359375
2 0.4671875 0.41484375 0.2234375 0.3515625
2 0.60078125 0.43046875 0.209375 0.378125
9 0.72734375 0.446875 0.190625 0.340625
9 0.8625 0.46640625 0.2015625 0.3484375
114 0.51796875 0.7171875 0.3609375 0.2312511 0.1359375 0.37578125 0.240625 0.35625
15 0.28359375 0.39453125 0.21875 0.3359375
2 0.4671875 0.41484375 0.2234375 0.3515625
2 0.60078125 0.43046875 0.209375 0.378125
9 0.72734375 0.446875 0.190625 0.340625
9 0.8625 0.46640625 0.2015625 0.3484375
114 0.51796875 0.7171875 0.3609375 0.2312511 0.1359375 0.37578125 0.240625 0.35625
15 0.28359375 0.39453125 0.21875 0.3359375
2 0.4671875 0.41484375 0.2234375 0.3515625
2 0.60078125 0.43046875 0.209375 0.378125
9 0.72734375 0.446875 0.190625 0.340625
9 0.8625 0.46640625 0.2015625 0.3484375
114 0.51796875 0.7171875 0.3609375 0.23125