10 0.22734375 0.25859375 0.2078125 0.403125
11 0.3796875 0.30859375 0.1875 0.428125
2 0.55546875 0.38984375 0.1453125 0.3671875
2 0.66875 0.41171875 0.1484375 0.4015625
9 0.78671875 0.4515625 0.1625 0.3875
9 0.8953125 0.50390625 0.1421875 0.3578125
98 0.48671875 0.76328125 0.28125 0.235937510 0.22734375 0.25859375 0.2078125 0.403125
11 0.3796875 0.30859375 0.1875 0.428125
2 0.55546875 0.38984375 0.1453125 0.3671875
2 0.66875 0.41171875 0.1484375 0.4015625
9 0.78671875 0.4515625 0.1625 0.3875
9 0.8953125 0.50390625 0.1421875 0.3578125
98 0.48671875 0.76328125 0.28125 0.235937510 0.22734375 0.25859375 0.2078125 0.403125
11 0.3796875 0.30859375 0.1875 0.428125
2 0.55546875 0.38984375 0.1453125 0.3671875
2 0.66875 0.41171875 0.1484375 0.4015625
9 0.78671875 0.4515625 0.1625 0.3875
9 0.8953125 0.50390625 0.1421875 0.3578125
98 0.48671875 0.76328125 0.28125 0.2359375