35 0.1609375 0.44296875 0.1921875 0.4
45 0.3046875 0.4265625 0.1921875 0.38125
2 0.49375 0.41796875 0.2 0.4015625
2 0.621875 0.39453125 0.171875 0.409375
9 0.73828125 0.36953125 0.171875 0.375
1 0.85859375 0.371875 0.165625 0.396875
80 0.5359375 0.7765625 0.5921875 0.26562535 0.1609375 0.44296875 0.1921875 0.4
45 0.3046875 0.4265625 0.1921875 0.38125
2 0.49375 0.41796875 0.2 0.4015625
2 0.621875 0.39453125 0.171875 0.409375
9 0.73828125 0.36953125 0.171875 0.375
1 0.85859375 0.371875 0.165625 0.396875
80 0.5359375 0.7765625 0.5921875 0.26562535 0.1609375 0.44296875 0.1921875 0.4
45 0.3046875 0.4265625 0.1921875 0.38125
2 0.49375 0.41796875 0.2 0.4015625
2 0.621875 0.39453125 0.171875 0.409375
9 0.73828125 0.36953125 0.171875 0.375
1 0.85859375 0.371875 0.165625 0.396875
80 0.5359375 0.7765625 0.5921875 0.265625