10 0.175 0.359375 0.2015625 0.425
32 0.34140625 0.384375 0.25625 0.4359375
2 0.63125 0.42265625 0.2109375 0.446875
2 0.77265625 0.45546875 0.1984375 0.453125
98 0.45078125 0.7609375 0.23125 0.217187510 0.175 0.359375 0.2015625 0.425
32 0.34140625 0.384375 0.25625 0.4359375
2 0.63125 0.42265625 0.2109375 0.446875
2 0.77265625 0.45546875 0.1984375 0.453125
98 0.45078125 0.7609375 0.23125 0.217187510 0.175 0.359375 0.2015625 0.425
32 0.34140625 0.384375 0.25625 0.4359375
2 0.63125 0.42265625 0.2109375 0.446875
2 0.77265625 0.45546875 0.1984375 0.453125
98 0.45078125 0.7609375 0.23125 0.2171875