10 0.20625 0.28125 0.221875 0.4125
42 0.36875 0.31875 0.23125 0.4046875
2 0.67421875 0.35078125 0.1890625 0.4109375
2 0.82109375 0.375 0.2109375 0.40625
87 0.46796875 0.72890625 0.425 0.326562510 0.20625 0.28125 0.221875 0.4125
42 0.36875 0.31875 0.23125 0.4046875
2 0.67421875 0.35078125 0.1890625 0.4109375
2 0.82109375 0.375 0.2109375 0.40625
87 0.46796875 0.72890625 0.425 0.326562510 0.20625 0.28125 0.221875 0.4125
42 0.36875 0.31875 0.23125 0.4046875
2 0.67421875 0.35078125 0.1890625 0.4109375
2 0.82109375 0.375 0.2109375 0.40625
87 0.46796875 0.72890625 0.425 0.3265625