10 0.19453125 0.3546875 0.2125 0.45
40 0.353125 0.38046875 0.2453125 0.4859375
2 0.65390625 0.40625 0.2125 0.45
2 0.7984375 0.43515625 0.215625 0.45
63 0.5046875 0.76875 0.2984375 0.232812510 0.19453125 0.3546875 0.2125 0.45
40 0.353125 0.38046875 0.2453125 0.4859375
2 0.65390625 0.40625 0.2125 0.45
2 0.7984375 0.43515625 0.215625 0.45
63 0.5046875 0.76875 0.2984375 0.232812510 0.19453125 0.3546875 0.2125 0.45
40 0.353125 0.38046875 0.2453125 0.4859375
2 0.65390625 0.40625 0.2125 0.45
2 0.7984375 0.43515625 0.215625 0.45
63 0.5046875 0.76875 0.2984375 0.2328125