10 0.17734375 0.3984375 0.153125 0.43359375
40 0.33828125 0.40234375 0.18203125 0.46484375
2 0.6390625 0.3859375 0.153125 0.43359375
2 0.78671875 0.39453125 0.15625 0.43203125
63 0.5421875 0.765625 0.27421875 0.1960937510 0.17734375 0.3984375 0.153125 0.43359375
40 0.33828125 0.40234375 0.18203125 0.46484375
2 0.6390625 0.3859375 0.153125 0.43359375
2 0.78671875 0.39453125 0.15625 0.43203125
63 0.5421875 0.765625 0.27421875 0.1960937510 0.17734375 0.3984375 0.153125 0.43359375
40 0.33828125 0.40234375 0.18203125 0.46484375
2 0.6390625 0.3859375 0.153125 0.43359375
2 0.78671875 0.39453125 0.15625 0.43203125
63 0.5421875 0.765625 0.27421875 0.19609375