10 0.17578125 0.3296875 0.16328125 0.3921875
42 0.3421875 0.34140625 0.1734375 0.38203125
2 0.6484375 0.32578125 0.12890625 0.39609375
2 0.79765625 0.3265625 0.15234375 0.38671875
87 0.50390625 0.73125 0.3875 0.2695312510 0.17578125 0.3296875 0.16328125 0.3921875
42 0.3421875 0.34140625 0.1734375 0.38203125
2 0.6484375 0.32578125 0.12890625 0.39609375
2 0.79765625 0.3265625 0.15234375 0.38671875
87 0.50390625 0.73125 0.3875 0.2695312510 0.17578125 0.3296875 0.16328125 0.3921875
42 0.3421875 0.34140625 0.1734375 0.38203125
2 0.6484375 0.32578125 0.12890625 0.39609375
2 0.79765625 0.3265625 0.15234375 0.38671875
87 0.50390625 0.73125 0.3875 0.26953125