10 0.1921875 0.30234375 0.196875 0.4046875
42 0.35625 0.328125 0.20625 0.3953125
2 0.66328125 0.3390625 0.1625 0.40625
2 0.81171875 0.353125 0.1859375 0.3984375
87 0.48359375 0.73046875 0.409375 0.301562510 0.1921875 0.30234375 0.196875 0.4046875
42 0.35625 0.328125 0.20625 0.3953125
2 0.66328125 0.3390625 0.1625 0.40625
2 0.81171875 0.353125 0.1859375 0.3984375
87 0.48359375 0.73046875 0.409375 0.301562510 0.1921875 0.30234375 0.196875 0.4046875
42 0.35625 0.328125 0.20625 0.3953125
2 0.66328125 0.3390625 0.1625 0.40625
2 0.81171875 0.353125 0.1859375 0.3984375
87 0.48359375 0.73046875 0.409375 0.3015625