10 0.15859375 0.40625 0.14609375 0.409375
32 0.3265625 0.4078125 0.2015625 0.41171875
2 0.61953125 0.40546875 0.153125 0.43046875
2 0.7640625 0.41796875 0.1390625 0.4375
98 0.4875 0.765625 0.20703125 0.19062510 0.15859375 0.40625 0.14609375 0.409375
32 0.3265625 0.4078125 0.2015625 0.41171875
2 0.61953125 0.40546875 0.153125 0.43046875
2 0.7640625 0.41796875 0.1390625 0.4375
98 0.4875 0.765625 0.20703125 0.19062510 0.15859375 0.40625 0.14609375 0.409375
32 0.3265625 0.4078125 0.2015625 0.41171875
2 0.61953125 0.40546875 0.153125 0.43046875
2 0.7640625 0.41796875 0.1390625 0.4375
98 0.4875 0.765625 0.20703125 0.190625