10 0.11015625 0.46171875 0.2203125 0.4109375
15 0.27890625 0.45 0.2421875 0.40625
2 0.5625 0.403125 0.203125 0.421875
2 0.70390625 0.3875 0.2015625 0.4203125
75 0.53046875 0.7734375 0.525 0.210937510 0.11015625 0.46171875 0.2203125 0.4109375
15 0.27890625 0.45 0.2421875 0.40625
2 0.5625 0.403125 0.203125 0.421875
2 0.70390625 0.3875 0.2015625 0.4203125
75 0.53046875 0.7734375 0.525 0.210937510 0.11015625 0.46171875 0.2203125 0.4109375
15 0.27890625 0.45 0.2421875 0.40625
2 0.5625 0.403125 0.203125 0.421875
2 0.70390625 0.3875 0.2015625 0.4203125
75 0.53046875 0.7734375 0.525 0.2109375