10 0.11015625 0.45546875 0.2171875 0.409375
15 0.2796875 0.44609375 0.2359375 0.403125
2 0.56484375 0.40390625 0.196875 0.4203125
2 0.70625 0.390625 0.1953125 0.41875
75 0.52578125 0.7734375 0.5234375 0.201562510 0.11015625 0.45546875 0.2171875 0.409375
15 0.2796875 0.44609375 0.2359375 0.403125
2 0.56484375 0.40390625 0.196875 0.4203125
2 0.70625 0.390625 0.1953125 0.41875
75 0.52578125 0.7734375 0.5234375 0.201562510 0.11015625 0.45546875 0.2171875 0.409375
15 0.2796875 0.44609375 0.2359375 0.403125
2 0.56484375 0.40390625 0.196875 0.4203125
2 0.70625 0.390625 0.1953125 0.41875
75 0.52578125 0.7734375 0.5234375 0.2015625