10 0.17109375 0.42109375 0.1828125 0.44375
40 0.33203125 0.4140625 0.2140625 0.4765625
2 0.63046875 0.3765625 0.1828125 0.44375
2 0.77890625 0.375 0.1859375 0.4421875
63 0.5609375 0.76171875 0.2875 0.214062510 0.17109375 0.42109375 0.1828125 0.44375
40 0.33203125 0.4140625 0.2140625 0.4765625
2 0.63046875 0.3765625 0.1828125 0.44375
2 0.77890625 0.375 0.1859375 0.4421875
63 0.5609375 0.76171875 0.2875 0.214062510 0.17109375 0.42109375 0.1828125 0.44375
40 0.33203125 0.4140625 0.2140625 0.4765625
2 0.63046875 0.3765625 0.1828125 0.44375
2 0.77890625 0.375 0.1859375 0.4421875
63 0.5609375 0.76171875 0.2875 0.2140625