10 0.1703125 0.37109375 0.1875 0.421875
32 0.3375 0.38984375 0.24375 0.43125
2 0.62890625 0.41875 0.196875 0.44375
2 0.77109375 0.44609375 0.184375 0.45
98 0.46015625 0.7625 0.2265625 0.210937510 0.1703125 0.37109375 0.1875 0.421875
32 0.3375 0.38984375 0.24375 0.43125
2 0.62890625 0.41875 0.196875 0.44375
2 0.77109375 0.44609375 0.184375 0.45
98 0.46015625 0.7625 0.2265625 0.210937510 0.1703125 0.37109375 0.1875 0.421875
32 0.3375 0.38984375 0.24375 0.43125
2 0.62890625 0.41875 0.196875 0.44375
2 0.77109375 0.44609375 0.184375 0.45
98 0.46015625 0.7625 0.2265625 0.2109375