10 0.121875 0.3953125 0.2109375 0.40625
15 0.290625 0.4125 0.2296875 0.4
2 0.57890625 0.415625 0.1890625 0.41875
2 0.7203125 0.42421875 0.1875 0.4171875
75 0.48203125 0.77421875 0.521875 0.1937510 0.121875 0.3953125 0.2109375 0.40625
15 0.290625 0.4125 0.2296875 0.4
2 0.57890625 0.415625 0.1890625 0.41875
2 0.7203125 0.42421875 0.1875 0.4171875
75 0.48203125 0.77421875 0.521875 0.1937510 0.121875 0.3953125 0.2109375 0.40625
15 0.290625 0.4125 0.2296875 0.4
2 0.57890625 0.415625 0.1890625 0.41875
2 0.7203125 0.42421875 0.1875 0.4171875
75 0.48203125 0.77421875 0.521875 0.19375