10 0.1703125 0.34140625 0.1765625 0.396875
42 0.33671875 0.346875 0.1859375 0.3875
2 0.6421875 0.32109375 0.1421875 0.4
2 0.79140625 0.31640625 0.165625 0.3921875
87 0.51171875 0.73125 0.396875 0.282812510 0.1703125 0.34140625 0.1765625 0.396875
42 0.33671875 0.346875 0.1859375 0.3875
2 0.6421875 0.32109375 0.1421875 0.4
2 0.79140625 0.31640625 0.165625 0.3921875
87 0.51171875 0.73125 0.396875 0.282812510 0.1703125 0.34140625 0.1765625 0.396875
42 0.33671875 0.346875 0.1859375 0.3875
2 0.6421875 0.32109375 0.1421875 0.4
2 0.79140625 0.31640625 0.165625 0.3921875
87 0.51171875 0.73125 0.396875 0.2828125