10 0.1328125 0.3625 0.24375 0.41875
15 0.29921875 0.39453125 0.2609375 0.4140625
2 0.5859375 0.42265625 0.2234375 0.428125
2 0.7265625 0.44375 0.221875 0.4265625
75 0.45859375 0.771875 0.5296875 0.235937510 0.1328125 0.3625 0.24375 0.41875
15 0.29921875 0.39453125 0.2609375 0.4140625
2 0.5859375 0.42265625 0.2234375 0.428125
2 0.7265625 0.44375 0.221875 0.4265625
75 0.45859375 0.771875 0.5296875 0.235937510 0.1328125 0.3625 0.24375 0.41875
15 0.29921875 0.39453125 0.2609375 0.4140625
2 0.5859375 0.42265625 0.2234375 0.428125
2 0.7265625 0.44375 0.221875 0.4265625
75 0.45859375 0.771875 0.5296875 0.2359375