10 0.20234375 0.2859375 0.215625 0.4109375
42 0.365625 0.32109375 0.225 0.403125
2 0.67109375 0.3484375 0.1828125 0.4109375
2 0.81875 0.36953125 0.2046875 0.4046875
87 0.471875 0.7296875 0.421875 0.320312510 0.20234375 0.2859375 0.215625 0.4109375
42 0.365625 0.32109375 0.225 0.403125
2 0.67109375 0.3484375 0.1828125 0.4109375
2 0.81875 0.36953125 0.2046875 0.4046875
87 0.471875 0.7296875 0.421875 0.320312510 0.20234375 0.2859375 0.215625 0.4109375
42 0.365625 0.32109375 0.225 0.403125
2 0.67109375 0.3484375 0.1828125 0.4109375
2 0.81875 0.36953125 0.2046875 0.4046875
87 0.471875 0.7296875 0.421875 0.3203125