11 0.21796875 0.44140625 0.13515625 0.3890625
41 0.35234375 0.4328125 0.13671875 0.36484375
2 0.53046875 0.4265625 0.12109375 0.359375
3 0.64453125 0.42578125 0.11953125 0.3609375
0 0.7484375 0.42734375 0.10234375 0.36953125
4 0.85703125 0.42734375 0.10625 0.371875
63 0.49609375 0.81953125 0.27109375 0.2726562511 0.21796875 0.44140625 0.13515625 0.3890625
41 0.35234375 0.4328125 0.13671875 0.36484375
2 0.53046875 0.4265625 0.12109375 0.359375
3 0.64453125 0.42578125 0.11953125 0.3609375
0 0.7484375 0.42734375 0.10234375 0.36953125
4 0.85703125 0.42734375 0.10625 0.371875
63 0.49609375 0.81953125 0.27109375 0.2726562511 0.21796875 0.44140625 0.13515625 0.3890625
41 0.35234375 0.4328125 0.13671875 0.36484375
2 0.53046875 0.4265625 0.12109375 0.359375
3 0.64453125 0.42578125 0.11953125 0.3609375
0 0.7484375 0.42734375 0.10234375 0.36953125
4 0.85703125 0.42734375 0.10625 0.371875
63 0.49609375 0.81953125 0.27109375 0.27265625