11 0.2125 0.4859375 0.19375 0.4046875
41 0.34375 0.45703125 0.1921875 0.38125
2 0.51875 0.42265625 0.1765625 0.3734375
3 0.63125 0.40390625 0.175 0.375
0 0.734375 0.3890625 0.159375 0.38125
4 0.84140625 0.37265625 0.1625 0.384375
63 0.54609375 0.81640625 0.3109375 0.310937511 0.2125 0.4859375 0.19375 0.4046875
41 0.34375 0.45703125 0.1921875 0.38125
2 0.51875 0.42265625 0.1765625 0.3734375
3 0.63125 0.40390625 0.175 0.375
0 0.734375 0.3890625 0.159375 0.38125
4 0.84140625 0.37265625 0.1625 0.384375
63 0.54609375 0.81640625 0.3109375 0.310937511 0.2125 0.4859375 0.19375 0.4046875
41 0.34375 0.45703125 0.1921875 0.38125
2 0.51875 0.42265625 0.1765625 0.3734375
3 0.63125 0.40390625 0.175 0.375
0 0.734375 0.3890625 0.159375 0.38125
4 0.84140625 0.37265625 0.1625 0.384375
63 0.54609375 0.81640625 0.3109375 0.3109375