38 0.16015625 0.4234375 0.1828125 0.3796875
38 0.315625 0.43359375 0.1921875 0.3953125
2 0.49453125 0.4375 0.146875 0.378125
3 0.61875 0.43984375 0.1484375 0.3734375
1 0.740625 0.44375 0.13125 0.38125
0 0.8515625 0.459375 0.184375 0.3953125
54 0.4703125 0.79140625 0.65 0.207812538 0.16015625 0.4234375 0.1828125 0.3796875
38 0.315625 0.43359375 0.1921875 0.3953125
2 0.49453125 0.4375 0.146875 0.378125
3 0.61875 0.43984375 0.1484375 0.3734375
1 0.740625 0.44375 0.13125 0.38125
0 0.8515625 0.459375 0.184375 0.3953125
54 0.4703125 0.79140625 0.65 0.207812538 0.16015625 0.4234375 0.1828125 0.3796875
38 0.315625 0.43359375 0.1921875 0.3953125
2 0.49453125 0.4375 0.146875 0.378125
3 0.61875 0.43984375 0.1484375 0.3734375
1 0.740625 0.44375 0.13125 0.38125
0 0.8515625 0.459375 0.184375 0.3953125
54 0.4703125 0.79140625 0.65 0.2078125