38 0.1640625 0.40625 0.2015625 0.3859375
38 0.31953125 0.42421875 0.2125 0.403125
2 0.49765625 0.4375 0.165625 0.3828125
3 0.621875 0.44609375 0.1671875 0.378125
1 0.74296875 0.45625 0.15 0.384375
0 0.853125 0.478125 0.203125 0.4015625
54 0.4546875 0.78984375 0.65625 0.24062538 0.1640625 0.40625 0.2015625 0.3859375
38 0.31953125 0.42421875 0.2125 0.403125
2 0.49765625 0.4375 0.165625 0.3828125
3 0.621875 0.44609375 0.1671875 0.378125
1 0.74296875 0.45625 0.15 0.384375
0 0.853125 0.478125 0.203125 0.4015625
54 0.4546875 0.78984375 0.65625 0.24062538 0.1640625 0.40625 0.2015625 0.3859375
38 0.31953125 0.42421875 0.2125 0.403125
2 0.49765625 0.4375 0.165625 0.3828125
3 0.621875 0.44609375 0.1671875 0.378125
1 0.74296875 0.45625 0.15 0.384375
0 0.853125 0.478125 0.203125 0.4015625
54 0.4546875 0.78984375 0.65625 0.240625