10 0.190625 0.35078125 0.1609375 0.3828125
32 0.3390625 0.3671875 0.19375 0.390625
2 0.54140625 0.37578125 0.153125 0.39375
3 0.6625 0.38515625 0.1625 0.4125
1 0.77734375 0.3859375 0.13125 0.4078125
4 0.8953125 0.39453125 0.1375 0.4015625
78 0.4875 0.7609375 0.4171875 0.267187510 0.190625 0.35078125 0.1609375 0.3828125
32 0.3390625 0.3671875 0.19375 0.390625
2 0.54140625 0.37578125 0.153125 0.39375
3 0.6625 0.38515625 0.1625 0.4125
1 0.77734375 0.3859375 0.13125 0.4078125
4 0.8953125 0.39453125 0.1375 0.4015625
78 0.4875 0.7609375 0.4171875 0.267187510 0.190625 0.35078125 0.1609375 0.3828125
32 0.3390625 0.3671875 0.19375 0.390625
2 0.54140625 0.37578125 0.153125 0.39375
3 0.6625 0.38515625 0.1625 0.4125
1 0.77734375 0.3859375 0.13125 0.4078125
4 0.8953125 0.39453125 0.1375 0.4015625
78 0.4875 0.7609375 0.4171875 0.2671875