38 0.15546875 0.44765625 0.1578125 0.36953125
38 0.31171875 0.446875 0.16640625 0.38515625
2 0.48984375 0.43828125 0.121875 0.37109375
3 0.6140625 0.43203125 0.1234375 0.36640625
1 0.7359375 0.42734375 0.10546875 0.375
0 0.84765625 0.43515625 0.1578125 0.38515625
54 0.490625 0.79296875 0.640625 0.1632812538 0.15546875 0.44765625 0.1578125 0.36953125
38 0.31171875 0.446875 0.16640625 0.38515625
2 0.48984375 0.43828125 0.121875 0.37109375
3 0.6140625 0.43203125 0.1234375 0.36640625
1 0.7359375 0.42734375 0.10546875 0.375
0 0.84765625 0.43515625 0.1578125 0.38515625
54 0.490625 0.79296875 0.640625 0.1632812538 0.15546875 0.44765625 0.1578125 0.36953125
38 0.31171875 0.446875 0.16640625 0.38515625
2 0.48984375 0.43828125 0.121875 0.37109375
3 0.6140625 0.43203125 0.1234375 0.36640625
1 0.7359375 0.42734375 0.10546875 0.375
0 0.84765625 0.43515625 0.1578125 0.38515625
54 0.490625 0.79296875 0.640625 0.16328125