10 0.19921875 0.33515625 0.18125 0.3890625
32 0.34609375 0.35859375 0.2125 0.3984375
2 0.5484375 0.378125 0.1734375 0.3984375
3 0.66796875 0.39375 0.184375 0.41875
1 0.7828125 0.40078125 0.153125 0.4125
4 0.9 0.415625 0.1578125 0.40625
78 0.4734375 0.759375 0.428125 0.287510 0.19921875 0.33515625 0.18125 0.3890625
32 0.34609375 0.35859375 0.2125 0.3984375
2 0.5484375 0.378125 0.1734375 0.3984375
3 0.66796875 0.39375 0.184375 0.41875
1 0.7828125 0.40078125 0.153125 0.4125
4 0.9 0.415625 0.1578125 0.40625
78 0.4734375 0.759375 0.428125 0.287510 0.19921875 0.33515625 0.18125 0.3890625
32 0.34609375 0.35859375 0.2125 0.3984375
2 0.5484375 0.378125 0.1734375 0.3984375
3 0.66796875 0.39375 0.184375 0.41875
1 0.7828125 0.40078125 0.153125 0.4125
4 0.9 0.415625 0.1578125 0.40625
78 0.4734375 0.759375 0.428125 0.2875