10 0.16640625 0.41796875 0.2 0.39375
32 0.31484375 0.40390625 0.23125 0.4046875
2 0.51484375 0.36953125 0.1921875 0.403125
3 0.63515625 0.35390625 0.2046875 0.4234375
1 0.74765625 0.33125 0.171875 0.415625
4 0.86484375 0.31484375 0.1765625 0.409375
78 0.54140625 0.7578125 0.4375 0.3062510 0.16640625 0.41796875 0.2 0.39375
32 0.31484375 0.40390625 0.23125 0.4046875
2 0.51484375 0.36953125 0.1921875 0.403125
3 0.63515625 0.35390625 0.2046875 0.4234375
1 0.74765625 0.33125 0.171875 0.415625
4 0.86484375 0.31484375 0.1765625 0.409375
78 0.54140625 0.7578125 0.4375 0.3062510 0.16640625 0.41796875 0.2 0.39375
32 0.31484375 0.40390625 0.23125 0.4046875
2 0.51484375 0.36953125 0.1921875 0.403125
3 0.63515625 0.35390625 0.2046875 0.4234375
1 0.74765625 0.33125 0.171875 0.415625
4 0.86484375 0.31484375 0.1765625 0.409375
78 0.54140625 0.7578125 0.4375 0.30625