38 0.1515625 0.50859375 0.2203125 0.390625
38 0.30546875 0.48046875 0.23125 0.4078125
2 0.47890625 0.440625 0.184375 0.3859375
3 0.60078125 0.41328125 0.1859375 0.3828125
1 0.71953125 0.3875 0.16875 0.3875
0 0.83125 0.37578125 0.221875 0.40625
54 0.54140625 0.78984375 0.659375 0.27187538 0.1515625 0.50859375 0.2203125 0.390625
38 0.30546875 0.48046875 0.23125 0.4078125
2 0.47890625 0.440625 0.184375 0.3859375
3 0.60078125 0.41328125 0.1859375 0.3828125
1 0.71953125 0.3875 0.16875 0.3875
0 0.83125 0.37578125 0.221875 0.40625
54 0.54140625 0.78984375 0.659375 0.27187538 0.1515625 0.50859375 0.2203125 0.390625
38 0.30546875 0.48046875 0.23125 0.4078125
2 0.47890625 0.440625 0.184375 0.3859375
3 0.60078125 0.41328125 0.1859375 0.3828125
1 0.71953125 0.3875 0.16875 0.3875
0 0.83125 0.37578125 0.221875 0.40625
54 0.54140625 0.78984375 0.659375 0.271875