50 0.1859375 0.3796875 0.1953125 0.3828125
16 0.35078125 0.3875 0.1734375 0.3890625
2 0.53515625 0.3765625 0.1421875 0.3671875
3 0.6609375 0.36953125 0.1359375 0.3703125
2 0.7671875 0.3765625 0.134375 0.378125
4 0.8984375 0.37109375 0.16875 0.3796875
54 0.52578125 0.7234375 0.6375 0.1812550 0.1859375 0.3796875 0.1953125 0.3828125
16 0.35078125 0.3875 0.1734375 0.3890625
2 0.53515625 0.3765625 0.1421875 0.3671875
3 0.6609375 0.36953125 0.1359375 0.3703125
2 0.7671875 0.3765625 0.134375 0.378125
4 0.8984375 0.37109375 0.16875 0.3796875
54 0.52578125 0.7234375 0.6375 0.1812550 0.1859375 0.3796875 0.1953125 0.3828125
16 0.35078125 0.3875 0.1734375 0.3890625
2 0.53515625 0.3765625 0.1421875 0.3671875
3 0.6609375 0.36953125 0.1359375 0.3703125
2 0.7671875 0.3765625 0.134375 0.378125
4 0.8984375 0.37109375 0.16875 0.3796875
54 0.52578125 0.7234375 0.6375 0.18125