50 0.190625 0.36875 0.18203125 0.3765625
16 0.3546875 0.38203125 0.16015625 0.38359375
2 0.5390625 0.378125 0.12890625 0.36328125
3 0.665625 0.375 0.1234375 0.36640625
2 0.77109375 0.3859375 0.121875 0.3734375
4 0.90234375 0.38515625 0.15625 0.375
54 0.51796875 0.72421875 0.63203125 0.15937550 0.190625 0.36875 0.18203125 0.3765625
16 0.3546875 0.38203125 0.16015625 0.38359375
2 0.5390625 0.378125 0.12890625 0.36328125
3 0.665625 0.375 0.1234375 0.36640625
2 0.77109375 0.3859375 0.121875 0.3734375
4 0.90234375 0.38515625 0.15625 0.375
54 0.51796875 0.72421875 0.63203125 0.15937550 0.190625 0.36875 0.18203125 0.3765625
16 0.3546875 0.38203125 0.16015625 0.38359375
2 0.5390625 0.378125 0.12890625 0.36328125
3 0.665625 0.375 0.1234375 0.36640625
2 0.77109375 0.3859375 0.121875 0.3734375
4 0.90234375 0.38515625 0.15625 0.375
54 0.51796875 0.72421875 0.63203125 0.159375