50 0.17421875 0.41875 0.2390625 0.4
16 0.33828125 0.40625 0.21875 0.4046875
2 0.51953125 0.3734375 0.184375 0.3796875
3 0.64375 0.35078125 0.1796875 0.38125
2 0.75 0.3453125 0.178125 0.3875
4 0.8796875 0.3234375 0.2125 0.3953125
54 0.553125 0.71875 0.6484375 0.2562550 0.17421875 0.41875 0.2390625 0.4
16 0.33828125 0.40625 0.21875 0.4046875
2 0.51953125 0.3734375 0.184375 0.3796875
3 0.64375 0.35078125 0.1796875 0.38125
2 0.75 0.3453125 0.178125 0.3875
4 0.8796875 0.3234375 0.2125 0.3953125
54 0.553125 0.71875 0.6484375 0.2562550 0.17421875 0.41875 0.2390625 0.4
16 0.33828125 0.40625 0.21875 0.4046875
2 0.51953125 0.3734375 0.184375 0.3796875
3 0.64375 0.35078125 0.1796875 0.38125
2 0.75 0.3453125 0.178125 0.3875
4 0.8796875 0.3234375 0.2125 0.3953125
54 0.553125 0.71875 0.6484375 0.25625