50 0.20859375 0.33203125 0.2265625 0.3953125
16 0.3703125 0.36484375 0.20625 0.4
2 0.55390625 0.38359375 0.171875 0.3765625
3 0.6796875 0.39609375 0.1671875 0.378125
2 0.7828125 0.41953125 0.1671875 0.3859375
4 0.90625 0.434375 0.1875 0.390625
54 0.490625 0.725 0.646875 0.235937550 0.20859375 0.33203125 0.2265625 0.3953125
16 0.3703125 0.36484375 0.20625 0.4
2 0.55390625 0.38359375 0.171875 0.3765625
3 0.6796875 0.39609375 0.1671875 0.378125
2 0.7828125 0.41953125 0.1671875 0.3859375
4 0.90625 0.434375 0.1875 0.390625
54 0.490625 0.725 0.646875 0.235937550 0.20859375 0.33203125 0.2265625 0.3953125
16 0.3703125 0.36484375 0.20625 0.4
2 0.55390625 0.38359375 0.171875 0.3765625
3 0.6796875 0.39609375 0.1671875 0.378125
2 0.7828125 0.41953125 0.1671875 0.3859375
4 0.90625 0.434375 0.1875 0.390625
54 0.490625 0.725 0.646875 0.2359375