50 0.18828125 0.37421875 0.1890625 0.3796875
16 0.35234375 0.384375 0.1671875 0.3859375
2 0.53671875 0.37734375 0.1359375 0.365625
3 0.66328125 0.371875 0.1296875 0.36875
2 0.76875 0.38125 0.128125 0.375
4 0.9 0.378125 0.1625 0.378125
54 0.521875 0.72421875 0.634375 0.170312550 0.18828125 0.37421875 0.1890625 0.3796875
16 0.35234375 0.384375 0.1671875 0.3859375
2 0.53671875 0.37734375 0.1359375 0.365625
3 0.66328125 0.371875 0.1296875 0.36875
2 0.76875 0.38125 0.128125 0.375
4 0.9 0.378125 0.1625 0.378125
54 0.521875 0.72421875 0.634375 0.170312550 0.18828125 0.37421875 0.1890625 0.3796875
16 0.35234375 0.384375 0.1671875 0.3859375
2 0.53671875 0.37734375 0.1359375 0.365625
3 0.66328125 0.371875 0.1296875 0.36875
2 0.76875 0.38125 0.128125 0.375
4 0.9 0.378125 0.1625 0.378125
54 0.521875 0.72421875 0.634375 0.1703125