50 0.26796875 0.3203125 0.190625 0.425
15 0.39765625 0.340625 0.2046875 0.421875
2 0.534375 0.35859375 0.1796875 0.4046875
3 0.64140625 0.36796875 0.165625 0.3984375
3 0.734375 0.37890625 0.1546875 0.3984375
3 0.828125 0.39453125 0.1609375 0.4015625
54 0.47734375 0.74609375 0.5875 0.295312550 0.26796875 0.3203125 0.190625 0.425
15 0.39765625 0.340625 0.2046875 0.421875
2 0.534375 0.35859375 0.1796875 0.4046875
3 0.64140625 0.36796875 0.165625 0.3984375
3 0.734375 0.37890625 0.1546875 0.3984375
3 0.828125 0.39453125 0.1609375 0.4015625
54 0.47734375 0.74609375 0.5875 0.295312550 0.26796875 0.3203125 0.190625 0.425
15 0.39765625 0.340625 0.2046875 0.421875
2 0.534375 0.35859375 0.1796875 0.4046875
3 0.64140625 0.36796875 0.165625 0.3984375
3 0.734375 0.37890625 0.1546875 0.3984375
3 0.828125 0.39453125 0.1609375 0.4015625
54 0.47734375 0.74609375 0.5875 0.2953125