10 0.2171875 0.36328125 0.14453125 0.39921875
39 0.36328125 0.36796875 0.17578125 0.38359375
2 0.56796875 0.35625 0.11640625 0.375
3 0.675 0.35546875 0.09921875 0.38046875
2 0.8953125 0.365625 0.11796875 0.38515625
3 0.775 0.35234375 0.11484375 0.371875
98 0.509375 0.76953125 0.2515625 0.2710937510 0.2171875 0.36328125 0.14453125 0.39921875
39 0.36328125 0.36796875 0.17578125 0.38359375
2 0.56796875 0.35625 0.11640625 0.375
3 0.675 0.35546875 0.09921875 0.38046875
2 0.8953125 0.365625 0.11796875 0.38515625
3 0.775 0.35234375 0.11484375 0.371875
98 0.509375 0.76953125 0.2515625 0.2710937510 0.2171875 0.36328125 0.14453125 0.39921875
39 0.36328125 0.36796875 0.17578125 0.38359375
2 0.56796875 0.35625 0.11640625 0.375
3 0.675 0.35546875 0.09921875 0.38046875
2 0.8953125 0.365625 0.11796875 0.38515625
3 0.775 0.35234375 0.11484375 0.371875
98 0.509375 0.76953125 0.2515625 0.27109375