49 0.2375 0.29921875 0.2171875 0.428125
2 0.4484375 0.334375 0.190625 0.4453125
3 0.56328125 0.3421875 0.175 0.4359375
3 0.68203125 0.3578125 0.19375 0.4296875
9 0.80078125 0.37265625 0.19375 0.4421875
54 0.459375 0.709375 0.678125 0.307812549 0.2375 0.29921875 0.2171875 0.428125
2 0.4484375 0.334375 0.190625 0.4453125
3 0.56328125 0.3421875 0.175 0.4359375
3 0.68203125 0.3578125 0.19375 0.4296875
9 0.80078125 0.37265625 0.19375 0.4421875
54 0.459375 0.709375 0.678125 0.307812549 0.2375 0.29921875 0.2171875 0.428125
2 0.4484375 0.334375 0.190625 0.4453125
3 0.56328125 0.3421875 0.175 0.4359375
3 0.68203125 0.3578125 0.19375 0.4296875
9 0.80078125 0.37265625 0.19375 0.4421875
54 0.459375 0.709375 0.678125 0.3078125