35 0.22109375 0.39921875 0.13515625 0.378125
31 0.359375 0.3984375 0.1390625 0.35390625
2 0.5375 0.4078125 0.12109375 0.3578125
3 0.64765625 0.41328125 0.1109375 0.36953125
3 0.74765625 0.40234375 0.1125 0.3734375
8 0.85078125 0.40234375 0.121875 0.36953125
114 0.51015625 0.76796875 0.309375 0.189062535 0.22109375 0.39921875 0.13515625 0.378125
31 0.359375 0.3984375 0.1390625 0.35390625
2 0.5375 0.4078125 0.12109375 0.3578125
3 0.64765625 0.41328125 0.1109375 0.36953125
3 0.74765625 0.40234375 0.1125 0.3734375
8 0.85078125 0.40234375 0.121875 0.36953125
114 0.51015625 0.76796875 0.309375 0.189062535 0.22109375 0.39921875 0.13515625 0.378125
31 0.359375 0.3984375 0.1390625 0.35390625
2 0.5375 0.4078125 0.12109375 0.3578125
3 0.64765625 0.41328125 0.1109375 0.36953125
3 0.74765625 0.40234375 0.1125 0.3734375
8 0.85078125 0.40234375 0.121875 0.36953125
114 0.51015625 0.76796875 0.309375 0.1890625