15 0.18203125 0.3546875 0.1546875 0.3546875
12 0.33125 0.3484375 0.1734375 0.353125
2 0.5109375 0.35234375 0.1328125 0.3375
3 0.61875 0.34375 0.10625 0.328125
3 0.7203125 0.34609375 0.1234375 0.315625
0 0.8421875 0.33671875 0.1171875 0.3234375
61 0.509375 0.6609375 0.425 0.24062515 0.18203125 0.3546875 0.1546875 0.3546875
12 0.33125 0.3484375 0.1734375 0.353125
2 0.5109375 0.35234375 0.1328125 0.3375
3 0.61875 0.34375 0.10625 0.328125
3 0.7203125 0.34609375 0.1234375 0.315625
0 0.8421875 0.33671875 0.1171875 0.3234375
61 0.509375 0.6609375 0.425 0.24062515 0.18203125 0.3546875 0.1546875 0.3546875
12 0.33125 0.3484375 0.1734375 0.353125
2 0.5109375 0.35234375 0.1328125 0.3375
3 0.61875 0.34375 0.10625 0.328125
3 0.7203125 0.34609375 0.1234375 0.315625
0 0.8421875 0.33671875 0.1171875 0.3234375
61 0.509375 0.6609375 0.425 0.240625