10 0.2453125 0.31640625 0.2109375 0.41875
39 0.38828125 0.34609375 0.2390625 0.4078125
2 0.5921875 0.3703125 0.1796875 0.3890625
3 0.69765625 0.38828125 0.1640625 0.3921875
2 0.91015625 0.4359375 0.1796875 0.4
3 0.79609375 0.40234375 0.178125 0.3859375
98 0.4625 0.7671875 0.2953125 0.310937510 0.2453125 0.31640625 0.2109375 0.41875
39 0.38828125 0.34609375 0.2390625 0.4078125
2 0.5921875 0.3703125 0.1796875 0.3890625
3 0.69765625 0.38828125 0.1640625 0.3921875
2 0.91015625 0.4359375 0.1796875 0.4
3 0.79609375 0.40234375 0.178125 0.3859375
98 0.4625 0.7671875 0.2953125 0.310937510 0.2453125 0.31640625 0.2109375 0.41875
39 0.38828125 0.34609375 0.2390625 0.4078125
2 0.5921875 0.3703125 0.1796875 0.3890625
3 0.69765625 0.38828125 0.1640625 0.3921875
2 0.91015625 0.4359375 0.1796875 0.4
3 0.79609375 0.40234375 0.178125 0.3859375
98 0.4625 0.7671875 0.2953125 0.3109375