50 0.24296875 0.35859375 0.128125 0.409375
15 0.37421875 0.35859375 0.14375 0.4046875
2 0.51171875 0.3546875 0.11875 0.390625
3 0.61875 0.34765625 0.10625 0.3875
3 0.7125 0.34375 0.0953125 0.3890625
3 0.8078125 0.34453125 0.1 0.390625
54 0.51640625 0.746875 0.5609375 0.20937550 0.24296875 0.35859375 0.128125 0.409375
15 0.37421875 0.35859375 0.14375 0.4046875
2 0.51171875 0.3546875 0.11875 0.390625
3 0.61875 0.34765625 0.10625 0.3875
3 0.7125 0.34375 0.0953125 0.3890625
3 0.8078125 0.34453125 0.1 0.390625
54 0.51640625 0.746875 0.5609375 0.20937550 0.24296875 0.35859375 0.128125 0.409375
15 0.37421875 0.35859375 0.14375 0.4046875
2 0.51171875 0.3546875 0.11875 0.390625
3 0.61875 0.34765625 0.10625 0.3875
3 0.7125 0.34375 0.0953125 0.3890625
3 0.8078125 0.34453125 0.1 0.390625
54 0.51640625 0.746875 0.5609375 0.209375