49 0.2203125 0.32265625 0.1828125 0.41875
2 0.434375 0.3390625 0.1546875 0.4375
3 0.54921875 0.3375 0.140625 0.4296875
3 0.66875 0.3421875 0.1578125 0.421875
9 0.7890625 0.346875 0.1578125 0.434375
54 0.478125 0.7125 0.665625 0.25312549 0.2203125 0.32265625 0.1828125 0.41875
2 0.434375 0.3390625 0.1546875 0.4375
3 0.54921875 0.3375 0.140625 0.4296875
3 0.66875 0.3421875 0.1578125 0.421875
9 0.7890625 0.346875 0.1578125 0.434375
54 0.478125 0.7125 0.665625 0.25312549 0.2203125 0.32265625 0.1828125 0.41875
2 0.434375 0.3390625 0.1546875 0.4375
3 0.54921875 0.3375 0.140625 0.4296875
3 0.66875 0.3421875 0.1578125 0.421875
9 0.7890625 0.346875 0.1578125 0.434375
54 0.478125 0.7125 0.665625 0.253125