49 0.21171875 0.3375 0.16171875 0.41015625
2 0.42578125 0.34296875 0.13203125 0.43046875
3 0.540625 0.33515625 0.11796875 0.4234375
3 0.66015625 0.33359375 0.13671875 0.41484375
9 0.78046875 0.33203125 0.13515625 0.42734375
54 0.4890625 0.71328125 0.6546875 0.2187549 0.21171875 0.3375 0.16171875 0.41015625
2 0.42578125 0.34296875 0.13203125 0.43046875
3 0.540625 0.33515625 0.11796875 0.4234375
3 0.66015625 0.33359375 0.13671875 0.41484375
9 0.78046875 0.33203125 0.13515625 0.42734375
54 0.4890625 0.71328125 0.6546875 0.2187549 0.21171875 0.3375 0.16171875 0.41015625
2 0.42578125 0.34296875 0.13203125 0.43046875
3 0.540625 0.33515625 0.11796875 0.4234375
3 0.66015625 0.33359375 0.13671875 0.41484375
9 0.78046875 0.33203125 0.13515625 0.42734375
54 0.4890625 0.71328125 0.6546875 0.21875