35 0.2265625 0.384375 0.1546875 0.384375
31 0.36484375 0.39140625 0.1578125 0.3609375
2 0.5421875 0.41015625 0.1390625 0.3640625
3 0.65234375 0.42109375 0.1296875 0.375
3 0.75234375 0.415625 0.13125 0.378125
8 0.85546875 0.42109375 0.140625 0.375
114 0.49609375 0.76796875 0.31875 0.204687535 0.2265625 0.384375 0.1546875 0.384375
31 0.36484375 0.39140625 0.1578125 0.3609375
2 0.5421875 0.41015625 0.1390625 0.3640625
3 0.65234375 0.42109375 0.1296875 0.375
3 0.75234375 0.415625 0.13125 0.378125
8 0.85546875 0.42109375 0.140625 0.375
114 0.49609375 0.76796875 0.31875 0.204687535 0.2265625 0.384375 0.1546875 0.384375
31 0.36484375 0.39140625 0.1578125 0.3609375
2 0.5421875 0.41015625 0.1390625 0.3640625
3 0.65234375 0.42109375 0.1296875 0.375
3 0.75234375 0.415625 0.13125 0.378125
8 0.85546875 0.42109375 0.140625 0.375
114 0.49609375 0.76796875 0.31875 0.2046875