15 0.190625 0.33828125 0.1484375 0.3515625
12 0.33984375 0.33984375 0.1671875 0.35
2 0.51875 0.353125 0.1265625 0.3359375
3 0.6265625 0.35 0.1015625 0.3265625
3 0.728125 0.3578125 0.11875 0.3140625
0 0.85 0.3546875 0.1125 0.321875
61 0.50078125 0.6609375 0.421875 0.232812515 0.190625 0.33828125 0.1484375 0.3515625
12 0.33984375 0.33984375 0.1671875 0.35
2 0.51875 0.353125 0.1265625 0.3359375
3 0.6265625 0.35 0.1015625 0.3265625
3 0.728125 0.3578125 0.11875 0.3140625
0 0.85 0.3546875 0.1125 0.321875
61 0.50078125 0.6609375 0.421875 0.232812515 0.190625 0.33828125 0.1484375 0.3515625
12 0.33984375 0.33984375 0.1671875 0.35
2 0.51875 0.353125 0.1265625 0.3359375
3 0.6265625 0.35 0.1015625 0.3265625
3 0.728125 0.3578125 0.11875 0.3140625
0 0.85 0.3546875 0.1125 0.321875
61 0.50078125 0.6609375 0.421875 0.2328125