10 0.21015625 0.378125 0.165625 0.40625
39 0.35625 0.375 0.1953125 0.3921875
2 0.56015625 0.353125 0.1359375 0.38125
3 0.6671875 0.346875 0.11875 0.384375
2 0.8875 0.3453125 0.1375 0.390625
3 0.7671875 0.33828125 0.134375 0.378125
98 0.5234375 0.76875 0.265625 0.28437510 0.21015625 0.378125 0.165625 0.40625
39 0.35625 0.375 0.1953125 0.3921875
2 0.56015625 0.353125 0.1359375 0.38125
3 0.6671875 0.346875 0.11875 0.384375
2 0.8875 0.3453125 0.1375 0.390625
3 0.7671875 0.33828125 0.134375 0.378125
98 0.5234375 0.76875 0.265625 0.28437510 0.21015625 0.378125 0.165625 0.40625
39 0.35625 0.375 0.1953125 0.3921875
2 0.56015625 0.353125 0.1359375 0.38125
3 0.6671875 0.346875 0.11875 0.384375
2 0.8875 0.3453125 0.1375 0.390625
3 0.7671875 0.33828125 0.134375 0.378125
98 0.5234375 0.76875 0.265625 0.284375