15 0.17265625 0.37734375 0.178125 0.3625
12 0.32109375 0.3609375 0.196875 0.3625
2 0.50078125 0.35234375 0.1546875 0.34375
3 0.6078125 0.33515625 0.128125 0.3328125
3 0.709375 0.33125 0.1453125 0.321875
0 0.8296875 0.31328125 0.1390625 0.328125
61 0.52109375 0.659375 0.4390625 0.2687515 0.17265625 0.37734375 0.178125 0.3625
12 0.32109375 0.3609375 0.196875 0.3625
2 0.50078125 0.35234375 0.1546875 0.34375
3 0.6078125 0.33515625 0.128125 0.3328125
3 0.709375 0.33125 0.1453125 0.321875
0 0.8296875 0.31328125 0.1390625 0.328125
61 0.52109375 0.659375 0.4390625 0.2687515 0.17265625 0.37734375 0.178125 0.3625
12 0.32109375 0.3609375 0.196875 0.3625
2 0.50078125 0.35234375 0.1546875 0.34375
3 0.6078125 0.33515625 0.128125 0.3328125
3 0.709375 0.33125 0.1453125 0.321875
0 0.8296875 0.31328125 0.1390625 0.328125
61 0.52109375 0.659375 0.4390625 0.26875