10 0.20234375 0.3984375 0.1921875 0.4140625
39 0.3484375 0.3859375 0.221875 0.4015625
2 0.55 0.34921875 0.1609375 0.3859375
3 0.65625 0.33515625 0.1453125 0.3890625
2 0.87578125 0.31875 0.1640625 0.396875
3 0.7546875 0.3203125 0.159375 0.3828125
98 0.5421875 0.76640625 0.2828125 0.310 0.20234375 0.3984375 0.1921875 0.4140625
39 0.3484375 0.3859375 0.221875 0.4015625
2 0.55 0.34921875 0.1609375 0.3859375
3 0.65625 0.33515625 0.1453125 0.3890625
2 0.87578125 0.31875 0.1640625 0.396875
3 0.7546875 0.3203125 0.159375 0.3828125
98 0.5421875 0.76640625 0.2828125 0.310 0.20234375 0.3984375 0.1921875 0.4140625
39 0.3484375 0.3859375 0.221875 0.4015625
2 0.55 0.34921875 0.1609375 0.3859375
3 0.65625 0.33515625 0.1453125 0.3890625
2 0.87578125 0.31875 0.1640625 0.396875
3 0.7546875 0.3203125 0.159375 0.3828125
98 0.5421875 0.76640625 0.2828125 0.3