50 0.2359375 0.371875 0.15 0.415625
15 0.3671875 0.365625 0.1640625 0.4109375
2 0.50390625 0.35390625 0.1390625 0.396875
3 0.6109375 0.34140625 0.1265625 0.3921875
3 0.70390625 0.3328125 0.115625 0.39375
3 0.79921875 0.32890625 0.1203125 0.3953125
54 0.5296875 0.7453125 0.571875 0.239062550 0.2359375 0.371875 0.15 0.415625
15 0.3671875 0.365625 0.1640625 0.4109375
2 0.50390625 0.35390625 0.1390625 0.396875
3 0.6109375 0.34140625 0.1265625 0.3921875
3 0.70390625 0.3328125 0.115625 0.39375
3 0.79921875 0.32890625 0.1203125 0.3953125
54 0.5296875 0.7453125 0.571875 0.239062550 0.2359375 0.371875 0.15 0.415625
15 0.3671875 0.365625 0.1640625 0.4109375
2 0.50390625 0.35390625 0.1390625 0.396875
3 0.6109375 0.34140625 0.1265625 0.3921875
3 0.70390625 0.3328125 0.115625 0.39375
3 0.79921875 0.32890625 0.1203125 0.3953125
54 0.5296875 0.7453125 0.571875 0.2390625