15 0.1875 0.34375 0.1421875 0.34921875
12 0.33671875 0.34296875 0.16171875 0.34765625
2 0.51640625 0.353125 0.12109375 0.33359375
3 0.62421875 0.34765625 0.0953125 0.32421875
3 0.72578125 0.35390625 0.11328125 0.3125
0 0.84765625 0.3484375 0.10625 0.31953125
61 0.50390625 0.6609375 0.41796875 0.2257812515 0.1875 0.34375 0.1421875 0.34921875
12 0.33671875 0.34296875 0.16171875 0.34765625
2 0.51640625 0.353125 0.12109375 0.33359375
3 0.62421875 0.34765625 0.0953125 0.32421875
3 0.72578125 0.35390625 0.11328125 0.3125
0 0.84765625 0.3484375 0.10625 0.31953125
61 0.50390625 0.6609375 0.41796875 0.2257812515 0.1875 0.34375 0.1421875 0.34921875
12 0.33671875 0.34296875 0.16171875 0.34765625
2 0.51640625 0.353125 0.12109375 0.33359375
3 0.62421875 0.34765625 0.0953125 0.32421875
3 0.72578125 0.35390625 0.11328125 0.3125
0 0.84765625 0.3484375 0.10625 0.31953125
61 0.50390625 0.6609375 0.41796875 0.22578125