35 0.2078125 0.44921875 0.1984375 0.3953125
31 0.34375 0.42421875 0.1984375 0.3734375
2 0.52109375 0.40234375 0.18125 0.3734375
3 0.63046875 0.3890625 0.1734375 0.3828125
3 0.7265625 0.3609375 0.175 0.3875
8 0.828125 0.34296875 0.184375 0.384375
114 0.55625 0.7625 0.3375 0.24062535 0.2078125 0.44921875 0.1984375 0.3953125
31 0.34375 0.42421875 0.1984375 0.3734375
2 0.52109375 0.40234375 0.18125 0.3734375
3 0.63046875 0.3890625 0.1734375 0.3828125
3 0.7265625 0.3609375 0.175 0.3875
8 0.828125 0.34296875 0.184375 0.384375
114 0.55625 0.7625 0.3375 0.24062535 0.2078125 0.44921875 0.1984375 0.3953125
31 0.34375 0.42421875 0.1984375 0.3734375
2 0.52109375 0.40234375 0.18125 0.3734375
3 0.63046875 0.3890625 0.1734375 0.3828125
3 0.7265625 0.3609375 0.175 0.3875
8 0.828125 0.34296875 0.184375 0.384375
114 0.55625 0.7625 0.3375 0.240625