15 0.19609375 0.32734375 0.1609375 0.35625
12 0.3453125 0.334375 0.1796875 0.35625
2 0.52421875 0.35390625 0.1390625 0.3390625
3 0.63203125 0.3546875 0.1125 0.328125
3 0.7328125 0.365625 0.1296875 0.31875
0 0.85546875 0.3671875 0.1234375 0.325
61 0.4953125 0.6609375 0.4296875 0.24687515 0.19609375 0.32734375 0.1609375 0.35625
12 0.3453125 0.334375 0.1796875 0.35625
2 0.52421875 0.35390625 0.1390625 0.3390625
3 0.63203125 0.3546875 0.1125 0.328125
3 0.7328125 0.365625 0.1296875 0.31875
0 0.85546875 0.3671875 0.1234375 0.325
61 0.4953125 0.6609375 0.4296875 0.24687515 0.19609375 0.32734375 0.1609375 0.35625
12 0.3453125 0.334375 0.1796875 0.35625
2 0.52421875 0.35390625 0.1390625 0.3390625
3 0.63203125 0.3546875 0.1125 0.328125
3 0.7328125 0.365625 0.1296875 0.31875
0 0.85546875 0.3671875 0.1234375 0.325
61 0.4953125 0.6609375 0.4296875 0.246875