35 0.240625 0.35703125 0.1921875 0.3953125
31 0.37734375 0.37734375 0.1921875 0.371875
2 0.5515625 0.41484375 0.175 0.371875
3 0.659375 0.4375 0.1671875 0.3828125
3 0.76015625 0.4421875 0.1703125 0.3859375
8 0.86171875 0.45859375 0.178125 0.384375
114 0.46796875 0.76640625 0.334375 0.23437535 0.240625 0.35703125 0.1921875 0.3953125
31 0.37734375 0.37734375 0.1921875 0.371875
2 0.5515625 0.41484375 0.175 0.371875
3 0.659375 0.4375 0.1671875 0.3828125
3 0.76015625 0.4421875 0.1703125 0.3859375
8 0.86171875 0.45859375 0.178125 0.384375
114 0.46796875 0.76640625 0.334375 0.23437535 0.240625 0.35703125 0.1921875 0.3953125
31 0.37734375 0.37734375 0.1921875 0.371875
2 0.5515625 0.41484375 0.175 0.371875
3 0.659375 0.4375 0.1671875 0.3828125
3 0.76015625 0.4421875 0.1703125 0.3859375
8 0.86171875 0.45859375 0.178125 0.384375
114 0.46796875 0.76640625 0.334375 0.234375