21 0.13984375 0.4640625 0.2078125 0.45625
34 0.2859375 0.42109375 0.2015625 0.4296875
2 0.5328125 0.39140625 0.1859375 0.4109375
3 0.6703125 0.3765625 0.1796875 0.4171875
4 0.80703125 0.35390625 0.18125 0.4265625
54 0.55078125 0.78125 0.6984375 0.232812521 0.13984375 0.4640625 0.2078125 0.45625
34 0.2859375 0.42109375 0.2015625 0.4296875
2 0.5328125 0.39140625 0.1859375 0.4109375
3 0.6703125 0.3765625 0.1796875 0.4171875
4 0.80703125 0.35390625 0.18125 0.4265625
54 0.55078125 0.78125 0.6984375 0.232812521 0.13984375 0.4640625 0.2078125 0.45625
34 0.2859375 0.42109375 0.2015625 0.4296875
2 0.5328125 0.39140625 0.1859375 0.4109375
3 0.6703125 0.3765625 0.1796875 0.4171875
4 0.80703125 0.35390625 0.18125 0.4265625
54 0.55078125 0.78125 0.6984375 0.2328125