21 0.13828125 0.4953125 0.2453125 0.46875
34 0.28046875 0.43984375 0.2375 0.440625
2 0.52265625 0.3890625 0.21875 0.421875
3 0.65859375 0.3625 0.2140625 0.428125
4 0.79296875 0.328125 0.215625 0.4375
54 0.575 0.77578125 0.709375 0.292187521 0.13828125 0.4953125 0.2453125 0.46875
34 0.28046875 0.43984375 0.2375 0.440625
2 0.52265625 0.3890625 0.21875 0.421875
3 0.65859375 0.3625 0.2140625 0.428125
4 0.79296875 0.328125 0.215625 0.4375
54 0.575 0.77578125 0.709375 0.292187521 0.13828125 0.4953125 0.2453125 0.46875
34 0.28046875 0.43984375 0.2375 0.440625
2 0.52265625 0.3890625 0.21875 0.421875
3 0.65859375 0.3625 0.2140625 0.428125
4 0.79296875 0.328125 0.215625 0.4375
54 0.575 0.77578125 0.709375 0.2921875