21 0.1484375 0.4140625 0.2234375 0.4625
34 0.29921875 0.3921875 0.2171875 0.434375
2 0.54765625 0.396875 0.2 0.415625
3 0.6859375 0.4015625 0.1921875 0.421875
4 0.82421875 0.3984375 0.1953125 0.43125
54 0.5109375 0.7859375 0.703125 0.2562521 0.1484375 0.4140625 0.2234375 0.4625
34 0.29921875 0.3921875 0.2171875 0.434375
2 0.54765625 0.396875 0.2 0.415625
3 0.6859375 0.4015625 0.1921875 0.421875
4 0.82421875 0.3984375 0.1953125 0.43125
54 0.5109375 0.7859375 0.703125 0.2562521 0.1484375 0.4140625 0.2234375 0.4625
34 0.29921875 0.3921875 0.2171875 0.434375
2 0.54765625 0.396875 0.2 0.415625
3 0.6859375 0.4015625 0.1921875 0.421875
4 0.82421875 0.3984375 0.1953125 0.43125
54 0.5109375 0.7859375 0.703125 0.25625