45 0.12109375 0.4375 0.2421875 0.275
43 0.26796875 0.43125 0.215625 0.3
2 0.44375 0.41640625 0.2046875 0.2796875
3 0.55546875 0.40703125 0.1828125 0.284375
5 0.67578125 0.39921875 0.228125 0.2734375
0 0.796875 0.4140625 0.2234375 0.3046875
54 0.58515625 0.675 0.65625 0.1437545 0.12109375 0.4375 0.2421875 0.275
43 0.26796875 0.43125 0.215625 0.3
2 0.44375 0.41640625 0.2046875 0.2796875
3 0.55546875 0.40703125 0.1828125 0.284375
5 0.67578125 0.39921875 0.228125 0.2734375
0 0.796875 0.4140625 0.2234375 0.3046875
54 0.58515625 0.675 0.65625 0.1437545 0.12109375 0.4375 0.2421875 0.275
43 0.26796875 0.43125 0.215625 0.3
2 0.44375 0.41640625 0.2046875 0.2796875
3 0.55546875 0.40703125 0.1828125 0.284375
5 0.67578125 0.39921875 0.228125 0.2734375
0 0.796875 0.4140625 0.2234375 0.3046875
54 0.58515625 0.675 0.65625 0.14375