45 0.12109375 0.425 0.2375 0.2671875
43 0.2703125 0.4234375 0.20625 0.29296875
2 0.446875 0.41484375 0.19453125 0.27265625
3 0.55859375 0.409375 0.1734375 0.278125
5 0.67890625 0.40546875 0.21875 0.265625
0 0.8 0.42421875 0.21328125 0.296875
54 0.57890625 0.678125 0.65234375 0.1210937545 0.12109375 0.425 0.2375 0.2671875
43 0.2703125 0.4234375 0.20625 0.29296875
2 0.446875 0.41484375 0.19453125 0.27265625
3 0.55859375 0.409375 0.1734375 0.278125
5 0.67890625 0.40546875 0.21875 0.265625
0 0.8 0.42421875 0.21328125 0.296875
54 0.57890625 0.678125 0.65234375 0.1210937545 0.12109375 0.425 0.2375 0.2671875
43 0.2703125 0.4234375 0.20625 0.29296875
2 0.446875 0.41484375 0.19453125 0.27265625
3 0.55859375 0.409375 0.1734375 0.278125
5 0.67890625 0.40546875 0.21875 0.265625
0 0.8 0.42421875 0.21328125 0.296875
54 0.57890625 0.678125 0.65234375 0.12109375