43 0.1453125 0.45234375 0.178125 0.4078125
28 0.29375 0.44140625 0.209375 0.41875
2 0.45546875 0.41328125 0.178125 0.421875
3 0.57109375 0.39921875 0.153125 0.4140625
5 0.69609375 0.39609375 0.1734375 0.4328125
7 0.8125 0.3921875 0.1828125 0.428125
54 0.5078125 0.775 0.653125 0.2312543 0.1453125 0.45234375 0.178125 0.4078125
28 0.29375 0.44140625 0.209375 0.41875
2 0.45546875 0.41328125 0.178125 0.421875
3 0.57109375 0.39921875 0.153125 0.4140625
5 0.69609375 0.39609375 0.1734375 0.4328125
7 0.8125 0.3921875 0.1828125 0.428125
54 0.5078125 0.775 0.653125 0.2312543 0.1453125 0.45234375 0.178125 0.4078125
28 0.29375 0.44140625 0.209375 0.41875
2 0.45546875 0.41328125 0.178125 0.421875
3 0.57109375 0.39921875 0.153125 0.4140625
5 0.69609375 0.39609375 0.1734375 0.4328125
7 0.8125 0.3921875 0.1828125 0.428125
54 0.5078125 0.775 0.653125 0.23125