43 0.15234375 0.415625 0.1375 0.39609375
28 0.30078125 0.4203125 0.16875 0.403125
2 0.46484375 0.409375 0.13671875 0.409375
3 0.58125 0.40703125 0.1109375 0.4046875
5 0.70625 0.4171875 0.13046875 0.421875
7 0.821875 0.42578125 0.140625 0.41640625
54 0.47890625 0.77421875 0.6390625 0.1648437543 0.15234375 0.415625 0.1375 0.39609375
28 0.30078125 0.4203125 0.16875 0.403125
2 0.46484375 0.409375 0.13671875 0.409375
3 0.58125 0.40703125 0.1109375 0.4046875
5 0.70625 0.4171875 0.13046875 0.421875
7 0.821875 0.42578125 0.140625 0.41640625
54 0.47890625 0.77421875 0.6390625 0.1648437543 0.15234375 0.415625 0.1375 0.39609375
28 0.30078125 0.4203125 0.16875 0.403125
2 0.46484375 0.409375 0.13671875 0.409375
3 0.58125 0.40703125 0.1109375 0.4046875
5 0.70625 0.4171875 0.13046875 0.421875
7 0.821875 0.42578125 0.140625 0.41640625
54 0.47890625 0.77421875 0.6390625 0.16484375