43 0.15078125 0.421875 0.14375 0.3984375
28 0.29921875 0.4234375 0.175 0.40625
2 0.46328125 0.41015625 0.14375 0.4109375
3 0.5796875 0.40546875 0.11875 0.40625
5 0.7046875 0.41328125 0.1375 0.4234375
7 0.8203125 0.4203125 0.1484375 0.41875
54 0.48359375 0.77421875 0.6421875 0.176562543 0.15078125 0.421875 0.14375 0.3984375
28 0.29921875 0.4234375 0.175 0.40625
2 0.46328125 0.41015625 0.14375 0.4109375
3 0.5796875 0.40546875 0.11875 0.40625
5 0.7046875 0.41328125 0.1375 0.4234375
7 0.8203125 0.4203125 0.1484375 0.41875
54 0.48359375 0.77421875 0.6421875 0.176562543 0.15078125 0.421875 0.14375 0.3984375
28 0.29921875 0.4234375 0.175 0.40625
2 0.46328125 0.41015625 0.14375 0.4109375
3 0.5796875 0.40546875 0.11875 0.40625
5 0.7046875 0.41328125 0.1375 0.4234375
7 0.8203125 0.4203125 0.1484375 0.41875
54 0.48359375 0.77421875 0.6421875 0.1765625