43 0.1671875 0.36796875 0.190625 0.4109375
28 0.3140625 0.39375 0.2234375 0.4234375
2 0.478125 0.40546875 0.1921875 0.425
3 0.59375 0.41953125 0.165625 0.415625
5 0.715625 0.446875 0.1875 0.4359375
7 0.82890625 0.47109375 0.196875 0.43125
54 0.440625 0.76875 0.65625 0.251562543 0.1671875 0.36796875 0.190625 0.4109375
28 0.3140625 0.39375 0.2234375 0.4234375
2 0.478125 0.40546875 0.1921875 0.425
3 0.59375 0.41953125 0.165625 0.415625
5 0.715625 0.446875 0.1875 0.4359375
7 0.82890625 0.47109375 0.196875 0.43125
54 0.440625 0.76875 0.65625 0.251562543 0.1671875 0.36796875 0.190625 0.4109375
28 0.3140625 0.39375 0.2234375 0.4234375
2 0.478125 0.40546875 0.1921875 0.425
3 0.59375 0.41953125 0.165625 0.415625
5 0.715625 0.446875 0.1875 0.4359375
7 0.82890625 0.47109375 0.196875 0.43125
54 0.440625 0.76875 0.65625 0.2515625