45 0.12578125 0.48515625 0.2515625 0.3015625
43 0.2609375 0.46015625 0.25 0.321875
2 0.434375 0.42421875 0.234375 0.3
3 0.54375 0.4015625 0.2140625 0.3015625
5 0.66171875 0.37890625 0.2578125 0.296875
0 0.784375 0.378125 0.2578125 0.3265625
54 0.60546875 0.66328125 0.6625 0.22187545 0.12578125 0.48515625 0.2515625 0.3015625
43 0.2609375 0.46015625 0.25 0.321875
2 0.434375 0.42421875 0.234375 0.3
3 0.54375 0.4015625 0.2140625 0.3015625
5 0.66171875 0.37890625 0.2578125 0.296875
0 0.784375 0.378125 0.2578125 0.3265625
54 0.60546875 0.66328125 0.6625 0.22187545 0.12578125 0.48515625 0.2515625 0.3015625
43 0.2609375 0.46015625 0.25 0.321875
2 0.434375 0.42421875 0.234375 0.3
3 0.54375 0.4015625 0.2140625 0.3015625
5 0.66171875 0.37890625 0.2578125 0.296875
0 0.784375 0.378125 0.2578125 0.3265625
54 0.60546875 0.66328125 0.6625 0.221875