10 0.19921875 0.3703125 0.12890625 0.35078125
32 0.34453125 0.3671875 0.14921875 0.34765625
2 0.5328125 0.3734375 0.13359375 0.34375
3 0.64296875 0.371875 0.1125 0.34375
6 0.75390625 0.3703125 0.1234375 0.33984375
9 0.86875 0.371875 0.12109375 0.346875
60 0.509375 0.7171875 0.325 0.2554687510 0.19921875 0.3703125 0.12890625 0.35078125
32 0.34453125 0.3671875 0.14921875 0.34765625
2 0.5328125 0.3734375 0.13359375 0.34375
3 0.64296875 0.371875 0.1125 0.34375
6 0.75390625 0.3703125 0.1234375 0.33984375
9 0.86875 0.371875 0.12109375 0.346875
60 0.509375 0.7171875 0.325 0.2554687510 0.19921875 0.3703125 0.12890625 0.35078125
32 0.34453125 0.3671875 0.14921875 0.34765625
2 0.5328125 0.3734375 0.13359375 0.34375
3 0.64296875 0.371875 0.1125 0.34375
6 0.75390625 0.3703125 0.1234375 0.33984375
9 0.86875 0.371875 0.12109375 0.346875
60 0.509375 0.7171875 0.325 0.25546875