35 0.16953125 0.284375 0.23125 0.334375
28 0.31875 0.321875 0.2125 0.334375
2 0.51796875 0.3578125 0.2 0.3265625
3 0.63515625 0.37578125 0.1640625 0.3015625
6 0.75625 0.40234375 0.184375 0.315625
0 0.87421875 0.41328125 0.1828125 0.3140625
117 0.49453125 0.6796875 0.6234375 0.27812535 0.16953125 0.284375 0.23125 0.334375
28 0.31875 0.321875 0.2125 0.334375
2 0.51796875 0.3578125 0.2 0.3265625
3 0.63515625 0.37578125 0.1640625 0.3015625
6 0.75625 0.40234375 0.184375 0.315625
0 0.87421875 0.41328125 0.1828125 0.3140625
117 0.49453125 0.6796875 0.6234375 0.27812535 0.16953125 0.284375 0.23125 0.334375
28 0.31875 0.321875 0.2125 0.334375
2 0.51796875 0.3578125 0.2 0.3265625
3 0.63515625 0.37578125 0.1640625 0.3015625
6 0.75625 0.40234375 0.184375 0.315625
0 0.87421875 0.41328125 0.1828125 0.3140625
117 0.49453125 0.6796875 0.6234375 0.278125