35 0.13984375 0.3390625 0.1859375 0.30859375
28 0.29296875 0.35234375 0.16640625 0.3125
2 0.4953125 0.35703125 0.1546875 0.30546875
3 0.6140625 0.35625 0.12109375 0.28671875
6 0.7375 0.36328125 0.1390625 0.296875
0 0.85625 0.35546875 0.1390625 0.2953125
117 0.52265625 0.678125 0.60234375 0.185937535 0.13984375 0.3390625 0.1859375 0.30859375
28 0.29296875 0.35234375 0.16640625 0.3125
2 0.4953125 0.35703125 0.1546875 0.30546875
3 0.6140625 0.35625 0.12109375 0.28671875
6 0.7375 0.36328125 0.1390625 0.296875
0 0.85625 0.35546875 0.1390625 0.2953125
117 0.52265625 0.678125 0.60234375 0.185937535 0.13984375 0.3390625 0.1859375 0.30859375
28 0.29296875 0.35234375 0.16640625 0.3125
2 0.4953125 0.35703125 0.1546875 0.30546875
3 0.6140625 0.35625 0.12109375 0.28671875
6 0.7375 0.36328125 0.1390625 0.296875
0 0.85625 0.35546875 0.1390625 0.2953125
117 0.52265625 0.678125 0.60234375 0.1859375