10 0.2203125 0.3296875 0.1765625 0.365625
32 0.36484375 0.346875 0.196875 0.365625
2 0.55 0.37890625 0.1796875 0.359375
3 0.659375 0.39296875 0.159375 0.35625
6 0.76953125 0.40703125 0.1703125 0.353125
9 0.8828125 0.42421875 0.16875 0.3609375
60 0.47890625 0.71640625 0.3578125 0.298437510 0.2203125 0.3296875 0.1765625 0.365625
32 0.36484375 0.346875 0.196875 0.365625
2 0.55 0.37890625 0.1796875 0.359375
3 0.659375 0.39296875 0.159375 0.35625
6 0.76953125 0.40703125 0.1703125 0.353125
9 0.8828125 0.42421875 0.16875 0.3609375
60 0.47890625 0.71640625 0.3578125 0.298437510 0.2203125 0.3296875 0.1765625 0.365625
32 0.36484375 0.346875 0.196875 0.365625
2 0.55 0.37890625 0.1796875 0.359375
3 0.659375 0.39296875 0.159375 0.35625
6 0.76953125 0.40703125 0.1703125 0.353125
9 0.8828125 0.42421875 0.16875 0.3609375
60 0.47890625 0.71640625 0.3578125 0.2984375