35 0.15859375 0.30234375 0.2171875 0.3265625
28 0.309375 0.33125 0.1984375 0.328125
2 0.51015625 0.35703125 0.1859375 0.3203125
3 0.628125 0.36875 0.15 0.2984375
6 0.75078125 0.3890625 0.16875 0.309375
0 0.86953125 0.39375 0.16875 0.3078125
117 0.50390625 0.6796875 0.61875 0.248437535 0.15859375 0.30234375 0.2171875 0.3265625
28 0.309375 0.33125 0.1984375 0.328125
2 0.51015625 0.35703125 0.1859375 0.3203125
3 0.628125 0.36875 0.15 0.2984375
6 0.75078125 0.3890625 0.16875 0.309375
0 0.86953125 0.39375 0.16875 0.3078125
117 0.50390625 0.6796875 0.61875 0.248437535 0.15859375 0.30234375 0.2171875 0.3265625
28 0.309375 0.33125 0.1984375 0.328125
2 0.51015625 0.35703125 0.1859375 0.3203125
3 0.628125 0.36875 0.15 0.2984375
6 0.75078125 0.3890625 0.16875 0.309375
0 0.86953125 0.39375 0.16875 0.3078125
117 0.50390625 0.6796875 0.61875 0.2484375