10 0.196875 0.37578125 0.134375 0.353125
32 0.3421875 0.36953125 0.1546875 0.35
2 0.53046875 0.37265625 0.1390625 0.3453125
3 0.640625 0.36953125 0.11875 0.3453125
6 0.7515625 0.365625 0.1296875 0.3421875
9 0.86640625 0.365625 0.1265625 0.3484375
60 0.51328125 0.7171875 0.3296875 0.260937510 0.196875 0.37578125 0.134375 0.353125
32 0.3421875 0.36953125 0.1546875 0.35
2 0.53046875 0.37265625 0.1390625 0.3453125
3 0.640625 0.36953125 0.11875 0.3453125
6 0.7515625 0.365625 0.1296875 0.3421875
9 0.86640625 0.365625 0.1265625 0.3484375
60 0.51328125 0.7171875 0.3296875 0.260937510 0.196875 0.37578125 0.134375 0.353125
32 0.3421875 0.36953125 0.1546875 0.35
2 0.53046875 0.37265625 0.1390625 0.3453125
3 0.640625 0.36953125 0.11875 0.3453125
6 0.7515625 0.365625 0.1296875 0.3421875
9 0.86640625 0.365625 0.1265625 0.3484375
60 0.51328125 0.7171875 0.3296875 0.2609375