35 0.1484375 0.3203125 0.2015625 0.3171875
28 0.30078125 0.34140625 0.1828125 0.3203125
2 0.503125 0.35703125 0.1703125 0.3125
3 0.62109375 0.3625 0.1359375 0.2921875
6 0.74453125 0.37578125 0.1546875 0.303125
0 0.86328125 0.37421875 0.1546875 0.3015625
117 0.51328125 0.67890625 0.6109375 0.217187535 0.1484375 0.3203125 0.2015625 0.3171875
28 0.30078125 0.34140625 0.1828125 0.3203125
2 0.503125 0.35703125 0.1703125 0.3125
3 0.62109375 0.3625 0.1359375 0.2921875
6 0.74453125 0.37578125 0.1546875 0.303125
0 0.86328125 0.37421875 0.1546875 0.3015625
117 0.51328125 0.67890625 0.6109375 0.217187535 0.1484375 0.3203125 0.2015625 0.3171875
28 0.30078125 0.34140625 0.1828125 0.3203125
2 0.503125 0.35703125 0.1703125 0.3125
3 0.62109375 0.3625 0.1359375 0.2921875
6 0.74453125 0.37578125 0.1546875 0.303125
0 0.86328125 0.37421875 0.1546875 0.3015625
117 0.51328125 0.67890625 0.6109375 0.2171875