21 0.1234375 0.38359375 0.234375 0.5203125
36 0.29765625 0.3859375 0.24375 0.465625
2 0.48203125 0.40546875 0.2125 0.4609375
3 0.625 0.42265625 0.1875 0.459375
7 0.75390625 0.44140625 0.1953125 0.4640625
6 0.890625 0.45859375 0.2046875 0.459375
54 0.45546875 0.8296875 0.7375 0.32812521 0.1234375 0.38359375 0.234375 0.5203125
36 0.29765625 0.3859375 0.24375 0.465625
2 0.48203125 0.40546875 0.2125 0.4609375
3 0.625 0.42265625 0.1875 0.459375
7 0.75390625 0.44140625 0.1953125 0.4640625
6 0.890625 0.45859375 0.2046875 0.459375
54 0.45546875 0.8296875 0.7375 0.32812521 0.1234375 0.38359375 0.234375 0.5203125
36 0.29765625 0.3859375 0.24375 0.465625
2 0.48203125 0.40546875 0.2125 0.4609375
3 0.625 0.42265625 0.1875 0.459375
7 0.75390625 0.44140625 0.1953125 0.4640625
6 0.890625 0.45859375 0.2046875 0.459375
54 0.45546875 0.8296875 0.7375 0.328125