21 0.1171875 0.40390625 0.209375 0.5140625
36 0.2921875 0.396875 0.221875 0.4578125
2 0.4765625 0.40703125 0.190625 0.4546875
3 0.62109375 0.41640625 0.1640625 0.4546875
7 0.75 0.428125 0.1734375 0.459375
6 0.88828125 0.4375 0.1828125 0.4546875
54 0.47265625 0.83203125 0.728125 0.292187521 0.1171875 0.40390625 0.209375 0.5140625
36 0.2921875 0.396875 0.221875 0.4578125
2 0.4765625 0.40703125 0.190625 0.4546875
3 0.62109375 0.41640625 0.1640625 0.4546875
7 0.75 0.428125 0.1734375 0.459375
6 0.88828125 0.4375 0.1828125 0.4546875
54 0.47265625 0.83203125 0.728125 0.292187521 0.1171875 0.40390625 0.209375 0.5140625
36 0.2921875 0.396875 0.221875 0.4578125
2 0.4765625 0.40703125 0.190625 0.4546875
3 0.62109375 0.41640625 0.1640625 0.4546875
7 0.75 0.428125 0.1734375 0.459375
6 0.88828125 0.4375 0.1828125 0.4546875
54 0.47265625 0.83203125 0.728125 0.2921875