10 0.1921875 0.415625 0.20625 0.390625
39 0.34140625 0.39375 0.228125 0.4171875
2 0.5625 0.3625 0.203125 0.415625
3 0.67734375 0.3265625 0.1671875 0.38125
7 0.78203125 0.3203125 0.18125 0.3953125
102 0.55703125 0.72265625 0.3546875 0.29062510 0.1921875 0.415625 0.20625 0.390625
39 0.34140625 0.39375 0.228125 0.4171875
2 0.5625 0.3625 0.203125 0.415625
3 0.67734375 0.3265625 0.1671875 0.38125
7 0.78203125 0.3203125 0.18125 0.3953125
102 0.55703125 0.72265625 0.3546875 0.29062510 0.1921875 0.415625 0.20625 0.390625
39 0.34140625 0.39375 0.228125 0.4171875
2 0.5625 0.3625 0.203125 0.415625
3 0.67734375 0.3265625 0.1671875 0.38125
7 0.78203125 0.3203125 0.18125 0.3953125
102 0.55703125 0.72265625 0.3546875 0.290625