38 0.153125 0.4296875 0.2203125 0.43125
38 0.3109375 0.4171875 0.215625 0.4203125
4 0.5296875 0.38828125 0.1734375 0.4453125
4 0.65 0.37578125 0.1671875 0.44375
1 0.76328125 0.3453125 0.1453125 0.403125
1 0.8828125 0.3421875 0.18125 0.4515625
54 0.5140625 0.834375 0.740625 0.3312538 0.153125 0.4296875 0.2203125 0.43125
38 0.3109375 0.4171875 0.215625 0.4203125
4 0.5296875 0.38828125 0.1734375 0.4453125
4 0.65 0.37578125 0.1671875 0.44375
1 0.76328125 0.3453125 0.1453125 0.403125
1 0.8828125 0.3421875 0.18125 0.4515625
54 0.5140625 0.834375 0.740625 0.3312538 0.153125 0.4296875 0.2203125 0.43125
38 0.3109375 0.4171875 0.215625 0.4203125
4 0.5296875 0.38828125 0.1734375 0.4453125
4 0.65 0.37578125 0.1671875 0.44375
1 0.76328125 0.3453125 0.1453125 0.403125
1 0.8828125 0.3421875 0.18125 0.4515625
54 0.5140625 0.834375 0.740625 0.33125