38 0.1640625 0.38828125 0.171875 0.4125
38 0.32265625 0.39453125 0.16875 0.403125
4 0.54296875 0.39296875 0.121875 0.434375
4 0.6640625 0.3953125 0.115625 0.434375
1 0.78046875 0.37890625 0.096875 0.39375
1 0.89921875 0.38984375 0.128125 0.4390625
54 0.47265625 0.8375 0.715625 0.251562538 0.1640625 0.38828125 0.171875 0.4125
38 0.32265625 0.39453125 0.16875 0.403125
4 0.54296875 0.39296875 0.121875 0.434375
4 0.6640625 0.3953125 0.115625 0.434375
1 0.78046875 0.37890625 0.096875 0.39375
1 0.89921875 0.38984375 0.128125 0.4390625
54 0.47265625 0.8375 0.715625 0.251562538 0.1640625 0.38828125 0.171875 0.4125
38 0.32265625 0.39453125 0.16875 0.403125
4 0.54296875 0.39296875 0.121875 0.434375
4 0.6640625 0.3953125 0.115625 0.434375
1 0.78046875 0.37890625 0.096875 0.39375
1 0.89921875 0.38984375 0.128125 0.4390625
54 0.47265625 0.8375 0.715625 0.2515625