38 0.18828125 0.33203125 0.240625 0.4375
38 0.34375 0.365625 0.2359375 0.425
4 0.5609375 0.40234375 0.1953125 0.4484375
4 0.6796875 0.42578125 0.1890625 0.446875
1 0.796875 0.4296875 0.1640625 0.4046875
1 0.90546875 0.46015625 0.1890625 0.4546875
54 0.41484375 0.8203125 0.7484375 0.35937538 0.18828125 0.33203125 0.240625 0.4375
38 0.34375 0.365625 0.2359375 0.425
4 0.5609375 0.40234375 0.1953125 0.4484375
4 0.6796875 0.42578125 0.1890625 0.446875
1 0.796875 0.4296875 0.1640625 0.4046875
1 0.90546875 0.46015625 0.1890625 0.4546875
54 0.41484375 0.8203125 0.7484375 0.35937538 0.18828125 0.33203125 0.240625 0.4375
38 0.34375 0.365625 0.2359375 0.425
4 0.5609375 0.40234375 0.1953125 0.4484375
4 0.6796875 0.42578125 0.1890625 0.446875
1 0.796875 0.4296875 0.1640625 0.4046875
1 0.90546875 0.46015625 0.1890625 0.4546875
54 0.41484375 0.8203125 0.7484375 0.359375