38 0.15078125 0.4421875 0.234375 0.434375
38 0.30859375 0.4234375 0.228125 0.4234375
4 0.52578125 0.3875 0.1875 0.446875
4 0.6453125 0.37109375 0.18125 0.446875
1 0.7578125 0.33671875 0.1578125 0.4046875
1 0.87734375 0.32890625 0.1953125 0.453125
54 0.525 0.828125 0.746875 0.3437538 0.15078125 0.4421875 0.234375 0.434375
38 0.30859375 0.4234375 0.228125 0.4234375
4 0.52578125 0.3875 0.1875 0.446875
4 0.6453125 0.37109375 0.18125 0.446875
1 0.7578125 0.33671875 0.1578125 0.4046875
1 0.87734375 0.32890625 0.1953125 0.453125
54 0.525 0.828125 0.746875 0.3437538 0.15078125 0.4421875 0.234375 0.434375
38 0.30859375 0.4234375 0.228125 0.4234375
4 0.52578125 0.3875 0.1875 0.446875
4 0.6453125 0.37109375 0.18125 0.446875
1 0.7578125 0.33671875 0.1578125 0.4046875
1 0.87734375 0.32890625 0.1953125 0.453125
54 0.525 0.828125 0.746875 0.34375