21 0.1140625 0.4171875 0.1921875 0.509375
36 0.28828125 0.40390625 0.20625 0.453125
2 0.4734375 0.4078125 0.175 0.45
3 0.61796875 0.41171875 0.1484375 0.45
7 0.74765625 0.41953125 0.1578125 0.4546875
6 0.8859375 0.42421875 0.1671875 0.45
54 0.484375 0.8328125 0.721875 0.267187521 0.1140625 0.4171875 0.1921875 0.509375
36 0.28828125 0.40390625 0.20625 0.453125
2 0.4734375 0.4078125 0.175 0.45
3 0.61796875 0.41171875 0.1484375 0.45
7 0.74765625 0.41953125 0.1578125 0.4546875
6 0.8859375 0.42421875 0.1671875 0.45
54 0.484375 0.8328125 0.721875 0.267187521 0.1140625 0.4171875 0.1921875 0.509375
36 0.28828125 0.40390625 0.20625 0.453125
2 0.4734375 0.4078125 0.175 0.45
3 0.61796875 0.41171875 0.1484375 0.45
7 0.74765625 0.41953125 0.1578125 0.4546875
6 0.8859375 0.42421875 0.1671875 0.45
54 0.484375 0.8328125 0.721875 0.2671875