21 0.17109375 0.42109375 0.225 0.4421875
33 0.31953125 0.4015625 0.234375 0.415625
1 0.49296875 0.36796875 0.1921875 0.39375
1 0.62109375 0.34453125 0.1765625 0.3703125
2 0.73046875 0.3296875 0.178125 0.4
2 0.853125 0.30546875 0.1828125 0.396875
54 0.5609375 0.71328125 0.7171875 0.32187521 0.17109375 0.42109375 0.225 0.4421875
33 0.31953125 0.4015625 0.234375 0.415625
1 0.49296875 0.36796875 0.1921875 0.39375
1 0.62109375 0.34453125 0.1765625 0.3703125
2 0.73046875 0.3296875 0.178125 0.4
2 0.853125 0.30546875 0.1828125 0.396875
54 0.5609375 0.71328125 0.7171875 0.32187521 0.17109375 0.42109375 0.225 0.4421875
33 0.31953125 0.4015625 0.234375 0.415625
1 0.49296875 0.36796875 0.1921875 0.39375
1 0.62109375 0.34453125 0.1765625 0.3703125
2 0.73046875 0.3296875 0.178125 0.4
2 0.853125 0.30546875 0.1828125 0.396875
54 0.5609375 0.71328125 0.7171875 0.321875