50 0.1890625 0.353125 0.17890625 0.39921875
28 0.3515625 0.36796875 0.16015625 0.40078125
2 0.540625 0.37109375 0.14375 0.41328125
3 0.6671875 0.3828125 0.11796875 0.39609375
8 0.7953125 0.37890625 0.128125 0.36328125
7 0.91015625 0.3765625 0.11328125 0.36640625
54 0.53203125 0.7203125 0.6578125 0.15937550 0.1890625 0.353125 0.17890625 0.39921875
28 0.3515625 0.36796875 0.16015625 0.40078125
2 0.540625 0.37109375 0.14375 0.41328125
3 0.6671875 0.3828125 0.11796875 0.39609375
8 0.7953125 0.37890625 0.128125 0.36328125
7 0.91015625 0.3765625 0.11328125 0.36640625
54 0.53203125 0.7203125 0.6578125 0.15937550 0.1890625 0.353125 0.17890625 0.39921875
28 0.3515625 0.36796875 0.16015625 0.40078125
2 0.540625 0.37109375 0.14375 0.41328125
3 0.6671875 0.3828125 0.11796875 0.39609375
8 0.7953125 0.37890625 0.128125 0.36328125
7 0.91015625 0.3765625 0.11328125 0.36640625
54 0.53203125 0.7203125 0.6578125 0.159375