21 0.1828125 0.38125 0.1765625 0.4265625
33 0.33359375 0.3796875 0.1890625 0.4
1 0.50859375 0.36875 0.1484375 0.38125
1 0.6390625 0.3609375 0.134375 0.3609375
2 0.74921875 0.359375 0.1328125 0.390625
2 0.87421875 0.35 0.1375 0.3859375
54 0.534375 0.71953125 0.6984375 0.239062521 0.1828125 0.38125 0.1765625 0.4265625
33 0.33359375 0.3796875 0.1890625 0.4
1 0.50859375 0.36875 0.1484375 0.38125
1 0.6390625 0.3609375 0.134375 0.3609375
2 0.74921875 0.359375 0.1328125 0.390625
2 0.87421875 0.35 0.1375 0.3859375
54 0.534375 0.71953125 0.6984375 0.239062521 0.1828125 0.38125 0.1765625 0.4265625
33 0.33359375 0.3796875 0.1890625 0.4
1 0.50859375 0.36875 0.1484375 0.38125
1 0.6390625 0.3609375 0.134375 0.3609375
2 0.74921875 0.359375 0.1328125 0.390625
2 0.87421875 0.35 0.1375 0.3859375
54 0.534375 0.71953125 0.6984375 0.2390625