21 0.1875 0.3703125 0.16171875 0.421875
33 0.3375 0.37421875 0.175 0.39375
1 0.51328125 0.36875 0.13515625 0.3765625
1 0.64375 0.365625 0.121875 0.35625
2 0.75390625 0.36796875 0.11953125 0.38671875
2 0.87890625 0.36328125 0.125 0.38203125
54 0.5265625 0.7203125 0.69140625 0.21562521 0.1875 0.3703125 0.16171875 0.421875
33 0.3375 0.37421875 0.175 0.39375
1 0.51328125 0.36875 0.13515625 0.3765625
1 0.64375 0.365625 0.121875 0.35625
2 0.75390625 0.36796875 0.11953125 0.38671875
2 0.87890625 0.36328125 0.125 0.38203125
54 0.5265625 0.7203125 0.69140625 0.21562521 0.1875 0.3703125 0.16171875 0.421875
33 0.3375 0.37421875 0.175 0.39375
1 0.51328125 0.36875 0.13515625 0.3765625
1 0.64375 0.365625 0.121875 0.35625
2 0.75390625 0.36796875 0.11953125 0.38671875
2 0.87890625 0.36328125 0.125 0.38203125
54 0.5265625 0.7203125 0.69140625 0.215625