21 0.20859375 0.328125 0.21875 0.440625
33 0.35625 0.353125 0.228125 0.4140625
1 0.53125 0.371875 0.1859375 0.3921875
1 0.6609375 0.38671875 0.1703125 0.3703125
2 0.76953125 0.4046875 0.171875 0.4
2 0.89453125 0.4171875 0.1765625 0.3953125
54 0.4953125 0.721875 0.7140625 0.30937521 0.20859375 0.328125 0.21875 0.440625
33 0.35625 0.353125 0.228125 0.4140625
1 0.53125 0.371875 0.1859375 0.3921875
1 0.6609375 0.38671875 0.1703125 0.3703125
2 0.76953125 0.4046875 0.171875 0.4
2 0.89453125 0.4171875 0.1765625 0.3953125
54 0.4953125 0.721875 0.7140625 0.30937521 0.20859375 0.328125 0.21875 0.440625
33 0.35625 0.353125 0.228125 0.4140625
1 0.53125 0.371875 0.1859375 0.3921875
1 0.6609375 0.38671875 0.1703125 0.3703125
2 0.76953125 0.4046875 0.171875 0.4
2 0.89453125 0.4171875 0.1765625 0.3953125
54 0.4953125 0.721875 0.7140625 0.309375