50 0.18671875 0.35859375 0.1859375 0.4015625
28 0.34921875 0.3703125 0.1671875 0.403125
2 0.53828125 0.3703125 0.1515625 0.415625
3 0.66484375 0.3796875 0.125 0.3984375
8 0.79296875 0.3734375 0.134375 0.365625
7 0.9078125 0.36953125 0.1203125 0.36875
54 0.5359375 0.71953125 0.6609375 0.170312550 0.18671875 0.35859375 0.1859375 0.4015625
28 0.34921875 0.3703125 0.1671875 0.403125
2 0.53828125 0.3703125 0.1515625 0.415625
3 0.66484375 0.3796875 0.125 0.3984375
8 0.79296875 0.3734375 0.134375 0.365625
7 0.9078125 0.36953125 0.1203125 0.36875
54 0.5359375 0.71953125 0.6609375 0.170312550 0.18671875 0.35859375 0.1859375 0.4015625
28 0.34921875 0.3703125 0.1671875 0.403125
2 0.53828125 0.3703125 0.1515625 0.415625
3 0.66484375 0.3796875 0.125 0.3984375
8 0.79296875 0.3734375 0.134375 0.365625
7 0.9078125 0.36953125 0.1203125 0.36875
54 0.5359375 0.71953125 0.6609375 0.1703125