14 0.171875 0.3859375 0.196875 0.4078125
11 0.3109375 0.37421875 0.2234375 0.4390625
2 0.50078125 0.3359375 0.190625 0.4328125
3 0.6125 0.3125 0.171875 0.4140625
9 0.7140625 0.29609375 0.1671875 0.3984375
7 0.840625 0.29140625 0.1953125 0.4296875
114 0.5359375 0.73828125 0.3296875 0.2312514 0.171875 0.3859375 0.196875 0.4078125
11 0.3109375 0.37421875 0.2234375 0.4390625
2 0.50078125 0.3359375 0.190625 0.4328125
3 0.6125 0.3125 0.171875 0.4140625
9 0.7140625 0.29609375 0.1671875 0.3984375
7 0.840625 0.29140625 0.1953125 0.4296875
114 0.5359375 0.73828125 0.3296875 0.2312514 0.171875 0.3859375 0.196875 0.4078125
11 0.3109375 0.37421875 0.2234375 0.4390625
2 0.50078125 0.3359375 0.190625 0.4328125
3 0.6125 0.3125 0.171875 0.4140625
9 0.7140625 0.29609375 0.1671875 0.3984375
7 0.840625 0.29140625 0.1953125 0.4296875
114 0.5359375 0.73828125 0.3296875 0.23125