14 0.19375 0.3359375 0.1375 0.390625
11 0.3328125 0.34609375 0.16015625 0.41875
2 0.5265625 0.33828125 0.1265625 0.41796875
3 0.640625 0.3328125 0.1109375 0.40234375
9 0.74296875 0.33203125 0.1078125 0.38671875
7 0.86875 0.346875 0.13203125 0.41484375
114 0.4984375 0.740625 0.30390625 0.185937514 0.19375 0.3359375 0.1375 0.390625
11 0.3328125 0.34609375 0.16015625 0.41875
2 0.5265625 0.33828125 0.1265625 0.41796875
3 0.640625 0.3328125 0.1109375 0.40234375
9 0.74296875 0.33203125 0.1078125 0.38671875
7 0.86875 0.346875 0.13203125 0.41484375
114 0.4984375 0.740625 0.30390625 0.185937514 0.19375 0.3359375 0.1375 0.390625
11 0.3328125 0.34609375 0.16015625 0.41875
2 0.5265625 0.33828125 0.1265625 0.41796875
3 0.640625 0.3328125 0.1109375 0.40234375
9 0.74296875 0.33203125 0.1078125 0.38671875
7 0.86875 0.346875 0.13203125 0.41484375
114 0.4984375 0.740625 0.30390625 0.1859375