14 0.2265625 0.28515625 0.203125 0.4078125
11 0.36171875 0.31953125 0.2296875 0.440625
2 0.55390625 0.3453125 0.196875 0.434375
3 0.6671875 0.36015625 0.1796875 0.415625
9 0.76875 0.3765625 0.1734375 0.4
7 0.88984375 0.41328125 0.2015625 0.43125
114 0.45703125 0.73671875 0.33125 0.235937514 0.2265625 0.28515625 0.203125 0.4078125
11 0.36171875 0.31953125 0.2296875 0.440625
2 0.55390625 0.3453125 0.196875 0.434375
3 0.6671875 0.36015625 0.1796875 0.415625
9 0.76875 0.3765625 0.1734375 0.4
7 0.88984375 0.41328125 0.2015625 0.43125
114 0.45703125 0.73671875 0.33125 0.235937514 0.2265625 0.28515625 0.203125 0.4078125
11 0.36171875 0.31953125 0.2296875 0.440625
2 0.55390625 0.3453125 0.196875 0.434375
3 0.6671875 0.36015625 0.1796875 0.415625
9 0.76875 0.3765625 0.1734375 0.4
7 0.88984375 0.41328125 0.2015625 0.43125
114 0.45703125 0.73671875 0.33125 0.2359375