14 0.178125 0.36875 0.178125 0.403125
11 0.31796875 0.3640625 0.203125 0.4328125
2 0.509375 0.33671875 0.1703125 0.4296875
3 0.62265625 0.31875 0.153125 0.4125
9 0.72421875 0.3078125 0.146875 0.3953125
7 0.85078125 0.309375 0.175 0.4265625
114 0.5234375 0.73984375 0.321875 0.217187514 0.178125 0.36875 0.178125 0.403125
11 0.31796875 0.3640625 0.203125 0.4328125
2 0.509375 0.33671875 0.1703125 0.4296875
3 0.62265625 0.31875 0.153125 0.4125
9 0.72421875 0.3078125 0.146875 0.3953125
7 0.85078125 0.309375 0.175 0.4265625
114 0.5234375 0.73984375 0.321875 0.217187514 0.178125 0.36875 0.178125 0.403125
11 0.31796875 0.3640625 0.203125 0.4328125
2 0.509375 0.33671875 0.1703125 0.4296875
3 0.62265625 0.31875 0.153125 0.4125
9 0.72421875 0.3078125 0.146875 0.3953125
7 0.85078125 0.309375 0.175 0.4265625
114 0.5234375 0.73984375 0.321875 0.2171875