13 0.16171875 0.45234375 0.2046875 0.4328125
11 0.3125 0.43046875 0.2140625 0.4296875
2 0.47734375 0.403125 0.203125 0.4609375
4 0.5984375 0.38671875 0.1890625 0.44375
2 0.70625 0.37109375 0.2046875 0.4375
2 0.82578125 0.35234375 0.184375 0.4171875
54 0.5484375 0.8078125 0.6484375 0.2937513 0.16171875 0.45234375 0.2046875 0.4328125
11 0.3125 0.43046875 0.2140625 0.4296875
2 0.47734375 0.403125 0.203125 0.4609375
4 0.5984375 0.38671875 0.1890625 0.44375
2 0.70625 0.37109375 0.2046875 0.4375
2 0.82578125 0.35234375 0.184375 0.4171875
54 0.5484375 0.8078125 0.6484375 0.2937513 0.16171875 0.45234375 0.2046875 0.4328125
11 0.3125 0.43046875 0.2140625 0.4296875
2 0.47734375 0.403125 0.203125 0.4609375
4 0.5984375 0.38671875 0.1890625 0.44375
2 0.70625 0.37109375 0.2046875 0.4375
2 0.82578125 0.35234375 0.184375 0.4171875
54 0.5484375 0.8078125 0.6484375 0.29375