13 0.171875 0.40546875 0.14765625 0.41640625
11 0.32421875 0.4046875 0.1578125 0.41171875
2 0.49140625 0.40078125 0.1421875 0.44609375
4 0.61328125 0.4015625 0.13046875 0.43046875
2 0.721875 0.40078125 0.14765625 0.4203125
2 0.84296875 0.39921875 0.12890625 0.403125
54 0.50546875 0.81171875 0.625 0.2085937513 0.171875 0.40546875 0.14765625 0.41640625
11 0.32421875 0.4046875 0.1578125 0.41171875
2 0.49140625 0.40078125 0.1421875 0.44609375
4 0.61328125 0.4015625 0.13046875 0.43046875
2 0.721875 0.40078125 0.14765625 0.4203125
2 0.84296875 0.39921875 0.12890625 0.403125
54 0.50546875 0.81171875 0.625 0.2085937513 0.171875 0.40546875 0.14765625 0.41640625
11 0.32421875 0.4046875 0.1578125 0.41171875
2 0.49140625 0.40078125 0.1421875 0.44609375
4 0.61328125 0.4015625 0.13046875 0.43046875
2 0.721875 0.40078125 0.14765625 0.4203125
2 0.84296875 0.39921875 0.12890625 0.403125
54 0.50546875 0.81171875 0.625 0.20859375