13 0.190625 0.35546875 0.2109375 0.434375
11 0.34140625 0.378125 0.2203125 0.43125
2 0.50703125 0.40078125 0.2109375 0.4625
4 0.62734375 0.4203125 0.196875 0.4453125
2 0.734375 0.43671875 0.2109375 0.4375
2 0.8546875 0.45390625 0.190625 0.41875
54 0.45625 0.80859375 0.65 0.30312513 0.190625 0.35546875 0.2109375 0.434375
11 0.34140625 0.378125 0.2203125 0.43125
2 0.50703125 0.40078125 0.2109375 0.4625
4 0.62734375 0.4203125 0.196875 0.4453125
2 0.734375 0.43671875 0.2109375 0.4375
2 0.8546875 0.45390625 0.190625 0.41875
54 0.45625 0.80859375 0.65 0.30312513 0.190625 0.35546875 0.2109375 0.434375
11 0.34140625 0.378125 0.2203125 0.43125
2 0.50703125 0.40078125 0.2109375 0.4625
4 0.62734375 0.4203125 0.196875 0.4453125
2 0.734375 0.43671875 0.2109375 0.4375
2 0.8546875 0.45390625 0.190625 0.41875
54 0.45625 0.80859375 0.65 0.303125