13 0.16875 0.4171875 0.1625 0.421875
11 0.32109375 0.4109375 0.171875 0.4171875
2 0.48828125 0.40078125 0.1578125 0.4515625
4 0.61015625 0.39765625 0.1453125 0.434375
2 0.71796875 0.39296875 0.1625 0.425
2 0.8390625 0.3875 0.1421875 0.4078125
54 0.51640625 0.81171875 0.63125 0.229687513 0.16875 0.4171875 0.1625 0.421875
11 0.32109375 0.4109375 0.171875 0.4171875
2 0.48828125 0.40078125 0.1578125 0.4515625
4 0.61015625 0.39765625 0.1453125 0.434375
2 0.71796875 0.39296875 0.1625 0.425
2 0.8390625 0.3875 0.1421875 0.4078125
54 0.51640625 0.81171875 0.63125 0.229687513 0.16875 0.4171875 0.1625 0.421875
11 0.32109375 0.4109375 0.171875 0.4171875
2 0.48828125 0.40078125 0.1578125 0.4515625
4 0.61015625 0.39765625 0.1453125 0.434375
2 0.71796875 0.39296875 0.1625 0.425
2 0.8390625 0.3875 0.1421875 0.4078125
54 0.51640625 0.81171875 0.63125 0.2296875