2 0.25625 0.45703125 0.1546875 0.3734375
25 0.40703125 0.4578125 0.1859375 0.371875
17 0.571875 0.45078125 0.165625 0.378125
8 0.73125 0.4609375 0.13125 0.35
1 0.8671875 0.4703125 0.1125 0.3578125
54 0.65234375 0.85546875 0.690625 0.21252 0.25625 0.45703125 0.1546875 0.3734375
25 0.40703125 0.4578125 0.1859375 0.371875
17 0.571875 0.45078125 0.165625 0.378125
8 0.73125 0.4609375 0.13125 0.35
1 0.8671875 0.4703125 0.1125 0.3578125
54 0.65234375 0.85546875 0.690625 0.21252 0.25625 0.45703125 0.1546875 0.3734375
25 0.40703125 0.4578125 0.1859375 0.371875
17 0.571875 0.45078125 0.165625 0.378125
8 0.73125 0.4609375 0.13125 0.35
1 0.8671875 0.4703125 0.1125 0.3578125
54 0.65234375 0.85546875 0.690625 0.2125