2 0.26328125 0.42734375 0.1984375 0.3890625
25 0.4125 0.446875 0.2296875 0.390625
17 0.57734375 0.46015625 0.2109375 0.396875
8 0.734375 0.4890625 0.171875 0.3640625
1 0.86796875 0.515625 0.1546875 0.36875
54 0.60703125 0.86171875 0.7109375 0.27656252 0.26328125 0.42734375 0.1984375 0.3890625
25 0.4125 0.446875 0.2296875 0.390625
17 0.57734375 0.46015625 0.2109375 0.396875
8 0.734375 0.4890625 0.171875 0.3640625
1 0.86796875 0.515625 0.1546875 0.36875
54 0.60703125 0.86171875 0.7109375 0.27656252 0.26328125 0.42734375 0.1984375 0.3890625
25 0.4125 0.446875 0.2296875 0.390625
17 0.57734375 0.46015625 0.2109375 0.396875
8 0.734375 0.4890625 0.171875 0.3640625
1 0.86796875 0.515625 0.1546875 0.36875
54 0.60703125 0.86171875 0.7109375 0.2765625