37 0.15078125 0.3046875 0.2203125 0.5171875
12 0.2984375 0.3546875 0.203125 0.4859375
2 0.5734375 0.3875 0.21875 0.4921875
4 0.7125 0.40625 0.18125 0.490625
4 0.83984375 0.4234375 0.203125 0.503125
98 0.46875 0.78125 0.2796875 0.317187537 0.15078125 0.3046875 0.2203125 0.5171875
12 0.2984375 0.3546875 0.203125 0.4859375
2 0.5734375 0.3875 0.21875 0.4921875
4 0.7125 0.40625 0.18125 0.490625
4 0.83984375 0.4234375 0.203125 0.503125
98 0.46875 0.78125 0.2796875 0.317187537 0.15078125 0.3046875 0.2203125 0.5171875
12 0.2984375 0.3546875 0.203125 0.4859375
2 0.5734375 0.3875 0.21875 0.4921875
4 0.7125 0.40625 0.18125 0.490625
4 0.83984375 0.4234375 0.203125 0.503125
98 0.46875 0.78125 0.2796875 0.3171875