44 0.175 0.334375 0.2109375 0.428125
28 0.3234375 0.37578125 0.2 0.415625
2 0.49453125 0.40078125 0.1765625 0.4046875
4 0.61796875 0.42734375 0.1796875 0.40625
4 0.73984375 0.4546875 0.1734375 0.4109375
5 0.8609375 0.47734375 0.190625 0.4125
54 0.440625 0.7796875 0.6890625 0.28437544 0.175 0.334375 0.2109375 0.428125
28 0.3234375 0.37578125 0.2 0.415625
2 0.49453125 0.40078125 0.1765625 0.4046875
4 0.61796875 0.42734375 0.1796875 0.40625
4 0.73984375 0.4546875 0.1734375 0.4109375
5 0.8609375 0.47734375 0.190625 0.4125
54 0.440625 0.7796875 0.6890625 0.28437544 0.175 0.334375 0.2109375 0.428125
28 0.3234375 0.37578125 0.2 0.415625
2 0.49453125 0.40078125 0.1765625 0.4046875
4 0.61796875 0.42734375 0.1796875 0.40625
4 0.73984375 0.4546875 0.1734375 0.4109375
5 0.8609375 0.47734375 0.190625 0.4125
54 0.440625 0.7796875 0.6890625 0.284375