37 0.1203125 0.375 0.1953125 0.5109375
12 0.27421875 0.39609375 0.178125 0.48125
2 0.55078125 0.37578125 0.19375 0.4859375
4 0.690625 0.36796875 0.15625 0.4859375
4 0.81953125 0.36015625 0.178125 0.4984375
98 0.52265625 0.78203125 0.2671875 0.3062537 0.1203125 0.375 0.1953125 0.5109375
12 0.27421875 0.39609375 0.178125 0.48125
2 0.55078125 0.37578125 0.19375 0.4859375
4 0.690625 0.36796875 0.15625 0.4859375
4 0.81953125 0.36015625 0.178125 0.4984375
98 0.52265625 0.78203125 0.2671875 0.3062537 0.1203125 0.375 0.1953125 0.5109375
12 0.27421875 0.39609375 0.178125 0.48125
2 0.55078125 0.37578125 0.19375 0.4859375
4 0.690625 0.36796875 0.15625 0.4859375
4 0.81953125 0.36015625 0.178125 0.4984375
98 0.52265625 0.78203125 0.2671875 0.30625