44 0.1625 0.36328125 0.1765625 0.4171875
28 0.31328125 0.39140625 0.1671875 0.40625
2 0.4859375 0.4015625 0.14375 0.396875
4 0.61171875 0.4171875 0.146875 0.3984375
4 0.73515625 0.434375 0.140625 0.403125
5 0.85703125 0.44609375 0.1578125 0.4046875
54 0.465625 0.78359375 0.678125 0.22812544 0.1625 0.36328125 0.1765625 0.4171875
28 0.31328125 0.39140625 0.1671875 0.40625
2 0.4859375 0.4015625 0.14375 0.396875
4 0.61171875 0.4171875 0.146875 0.3984375
4 0.73515625 0.434375 0.140625 0.403125
5 0.85703125 0.44609375 0.1578125 0.4046875
54 0.465625 0.78359375 0.678125 0.22812544 0.1625 0.36328125 0.1765625 0.4171875
28 0.31328125 0.39140625 0.1671875 0.40625
2 0.4859375 0.4015625 0.14375 0.396875
4 0.61171875 0.4171875 0.146875 0.3984375
4 0.73515625 0.434375 0.140625 0.403125
5 0.85703125 0.44609375 0.1578125 0.4046875
54 0.465625 0.78359375 0.678125 0.228125