44 0.1671875 0.3515625 0.190625 0.421875
28 0.3171875 0.38515625 0.1796875 0.4109375
2 0.4890625 0.40078125 0.15625 0.4
4 0.6140625 0.42109375 0.1609375 0.4015625
4 0.7375 0.4421875 0.153125 0.40625
5 0.85859375 0.45859375 0.1703125 0.4078125
54 0.45546875 0.78203125 0.6828125 0.2544 0.1671875 0.3515625 0.190625 0.421875
28 0.3171875 0.38515625 0.1796875 0.4109375
2 0.4890625 0.40078125 0.15625 0.4
4 0.6140625 0.42109375 0.1609375 0.4015625
4 0.7375 0.4421875 0.153125 0.40625
5 0.85859375 0.45859375 0.1703125 0.4078125
54 0.45546875 0.78203125 0.6828125 0.2544 0.1671875 0.3515625 0.190625 0.421875
28 0.3171875 0.38515625 0.1796875 0.4109375
2 0.4890625 0.40078125 0.15625 0.4
4 0.6140625 0.42109375 0.1609375 0.4015625
4 0.7375 0.4421875 0.153125 0.40625
5 0.85859375 0.45859375 0.1703125 0.4078125
54 0.45546875 0.78203125 0.6828125 0.25