37 0.1578125 0.2921875 0.2359375 0.5203125
12 0.303125 0.34765625 0.21875 0.4890625
2 0.57734375 0.390625 0.234375 0.4953125
4 0.715625 0.4140625 0.196875 0.4921875
4 0.8421875 0.4359375 0.21875 0.50625
98 0.45859375 0.7796875 0.2890625 0.32537 0.1578125 0.2921875 0.2359375 0.5203125
12 0.303125 0.34765625 0.21875 0.4890625
2 0.57734375 0.390625 0.234375 0.4953125
4 0.715625 0.4140625 0.196875 0.4921875
4 0.8421875 0.4359375 0.21875 0.50625
98 0.45859375 0.7796875 0.2890625 0.32537 0.1578125 0.2921875 0.2359375 0.5203125
12 0.303125 0.34765625 0.21875 0.4890625
2 0.57734375 0.390625 0.234375 0.4953125
4 0.715625 0.4140625 0.196875 0.4921875
4 0.8421875 0.4359375 0.21875 0.50625
98 0.45859375 0.7796875 0.2890625 0.325