44 0.15546875 0.38125 0.1546875 0.41015625
28 0.3078125 0.4015625 0.14609375 0.39921875
2 0.48046875 0.40234375 0.1234375 0.390625
4 0.60703125 0.41171875 0.1265625 0.3921875
4 0.73125 0.421875 0.11953125 0.39765625
5 0.85390625 0.42734375 0.13671875 0.39765625
54 0.48046875 0.78515625 0.66875 0.1929687544 0.15546875 0.38125 0.1546875 0.41015625
28 0.3078125 0.4015625 0.14609375 0.39921875
2 0.48046875 0.40234375 0.1234375 0.390625
4 0.60703125 0.41171875 0.1265625 0.3921875
4 0.73125 0.421875 0.11953125 0.39765625
5 0.85390625 0.42734375 0.13671875 0.39765625
54 0.48046875 0.78515625 0.66875 0.1929687544 0.15546875 0.38125 0.1546875 0.41015625
28 0.3078125 0.4015625 0.14609375 0.39921875
2 0.48046875 0.40234375 0.1234375 0.390625
4 0.60703125 0.41171875 0.1265625 0.3921875
4 0.73125 0.421875 0.11953125 0.39765625
5 0.85390625 0.42734375 0.13671875 0.39765625
54 0.48046875 0.78515625 0.66875 0.19296875