50 0.17890625 0.35703125 0.1625 0.41875
42 0.34453125 0.3796875 0.171875 0.41875
2 0.53515625 0.3953125 0.140625 0.39375
4 0.65703125 0.40234375 0.115625 0.403125
5 0.76484375 0.403125 0.121875 0.39375
8 0.8796875 0.42109375 0.121875 0.409375
54 0.50703125 0.7953125 0.70625 0.2062550 0.17890625 0.35703125 0.1625 0.41875
42 0.34453125 0.3796875 0.171875 0.41875
2 0.53515625 0.3953125 0.140625 0.39375
4 0.65703125 0.40234375 0.115625 0.403125
5 0.76484375 0.403125 0.121875 0.39375
8 0.8796875 0.42109375 0.121875 0.409375
54 0.50703125 0.7953125 0.70625 0.2062550 0.17890625 0.35703125 0.1625 0.41875
42 0.34453125 0.3796875 0.171875 0.41875
2 0.53515625 0.3953125 0.140625 0.39375
4 0.65703125 0.40234375 0.115625 0.403125
5 0.76484375 0.403125 0.121875 0.39375
8 0.8796875 0.42109375 0.121875 0.409375
54 0.50703125 0.7953125 0.70625 0.20625