50 0.1765625 0.3625 0.16875 0.421875
42 0.3421875 0.38203125 0.1796875 0.421875
2 0.53359375 0.39453125 0.146875 0.396875
4 0.65546875 0.4 0.121875 0.4046875
5 0.76328125 0.3984375 0.128125 0.396875
8 0.878125 0.41484375 0.128125 0.4125
54 0.5125 0.7953125 0.7109375 0.2187550 0.1765625 0.3625 0.16875 0.421875
42 0.3421875 0.38203125 0.1796875 0.421875
2 0.53359375 0.39453125 0.146875 0.396875
4 0.65546875 0.4 0.121875 0.4046875
5 0.76328125 0.3984375 0.128125 0.396875
8 0.878125 0.41484375 0.128125 0.4125
54 0.5125 0.7953125 0.7109375 0.2187550 0.1765625 0.3625 0.16875 0.421875
42 0.3421875 0.38203125 0.1796875 0.421875
2 0.53359375 0.39453125 0.146875 0.396875
4 0.65546875 0.4 0.121875 0.4046875
5 0.76328125 0.3984375 0.128125 0.396875
8 0.878125 0.41484375 0.128125 0.4125
54 0.5125 0.7953125 0.7109375 0.21875