50 0.17421875 0.36796875 0.1765625 0.4234375
42 0.340625 0.38515625 0.1859375 0.425
2 0.53125 0.39453125 0.1546875 0.3984375
4 0.65390625 0.396875 0.128125 0.40625
5 0.7609375 0.39375 0.134375 0.3984375
8 0.8765625 0.4078125 0.1359375 0.4140625
54 0.5171875 0.79453125 0.7140625 0.2312550 0.17421875 0.36796875 0.1765625 0.4234375
42 0.340625 0.38515625 0.1859375 0.425
2 0.53125 0.39453125 0.1546875 0.3984375
4 0.65390625 0.396875 0.128125 0.40625
5 0.7609375 0.39375 0.134375 0.3984375
8 0.8765625 0.4078125 0.1359375 0.4140625
54 0.5171875 0.79453125 0.7140625 0.2312550 0.17421875 0.36796875 0.1765625 0.4234375
42 0.340625 0.38515625 0.1859375 0.425
2 0.53125 0.39453125 0.1546875 0.3984375
4 0.65390625 0.396875 0.128125 0.40625
5 0.7609375 0.39375 0.134375 0.3984375
8 0.8765625 0.4078125 0.1359375 0.4140625
54 0.5171875 0.79453125 0.7140625 0.23125