50 0.20546875 0.30859375 0.225 0.4390625
42 0.365625 0.35703125 0.2359375 0.440625
2 0.55078125 0.40234375 0.2 0.4109375
4 0.6703125 0.428125 0.1765625 0.415625
5 0.7765625 0.44609375 0.18125 0.409375
8 0.8875 0.48125 0.184375 0.4234375
54 0.4609375 0.79296875 0.73125 0.31562550 0.20546875 0.30859375 0.225 0.4390625
42 0.365625 0.35703125 0.2359375 0.440625
2 0.55078125 0.40234375 0.2 0.4109375
4 0.6703125 0.428125 0.1765625 0.415625
5 0.7765625 0.44609375 0.18125 0.409375
8 0.8875 0.48125 0.184375 0.4234375
54 0.4609375 0.79296875 0.73125 0.31562550 0.20546875 0.30859375 0.225 0.4390625
42 0.365625 0.35703125 0.2359375 0.440625
2 0.55078125 0.40234375 0.2 0.4109375
4 0.6703125 0.428125 0.1765625 0.415625
5 0.7765625 0.44609375 0.18125 0.409375
8 0.8875 0.48125 0.184375 0.4234375
54 0.4609375 0.79296875 0.73125 0.315625