10 0.1890625 0.33828125 0.2328125 0.3609375
45 0.3703125 0.36484375 0.2515625 0.3609375
2 0.56796875 0.39453125 0.20625 0.3546875
4 0.71171875 0.4140625 0.178125 0.3578125
6 0.8375 0.42734375 0.171875 0.328125
1 0.94765625 0.4546875 0.1046875 0.34375
63 0.48359375 0.68828125 0.353125 0.251562510 0.1890625 0.33828125 0.2328125 0.3609375
45 0.3703125 0.36484375 0.2515625 0.3609375
2 0.56796875 0.39453125 0.20625 0.3546875
4 0.71171875 0.4140625 0.178125 0.3578125
6 0.8375 0.42734375 0.171875 0.328125
1 0.94765625 0.4546875 0.1046875 0.34375
63 0.48359375 0.68828125 0.353125 0.251562510 0.1890625 0.33828125 0.2328125 0.3609375
45 0.3703125 0.36484375 0.2515625 0.3609375
2 0.56796875 0.39453125 0.20625 0.3546875
4 0.71171875 0.4140625 0.178125 0.3578125
6 0.8375 0.42734375 0.171875 0.328125
1 0.94765625 0.4546875 0.1046875 0.34375
63 0.48359375 0.68828125 0.353125 0.2515625