25 0.17734375 0.37109375 0.209375 0.4046875
50 0.328125 0.35546875 0.196875 0.38125
2 0.575 0.34140625 0.1765625 0.4
4 0.70078125 0.3265625 0.1671875 0.409375
6 0.80390625 0.3203125 0.159375 0.4046875
54 0.50546875 0.7359375 0.6984375 0.30937525 0.17734375 0.37109375 0.209375 0.4046875
50 0.328125 0.35546875 0.196875 0.38125
2 0.575 0.34140625 0.1765625 0.4
4 0.70078125 0.3265625 0.1671875 0.409375
6 0.80390625 0.3203125 0.159375 0.4046875
54 0.50546875 0.7359375 0.6984375 0.30937525 0.17734375 0.37109375 0.209375 0.4046875
50 0.328125 0.35546875 0.196875 0.38125
2 0.575 0.34140625 0.1765625 0.4
4 0.70078125 0.3265625 0.1671875 0.409375
6 0.80390625 0.3203125 0.159375 0.4046875
54 0.50546875 0.7359375 0.6984375 0.309375