25 0.1921875 0.33828125 0.1703125 0.390625
50 0.34375 0.33828125 0.159375 0.3671875
2 0.59140625 0.35 0.1375 0.3890625
4 0.71796875 0.3484375 0.1265625 0.4
6 0.82109375 0.353125 0.11875 0.3953125
54 0.48046875 0.73515625 0.678125 0.24062525 0.1921875 0.33828125 0.1703125 0.390625
50 0.34375 0.33828125 0.159375 0.3671875
2 0.59140625 0.35 0.1375 0.3890625
4 0.71796875 0.3484375 0.1265625 0.4
6 0.82109375 0.353125 0.11875 0.3953125
54 0.48046875 0.73515625 0.678125 0.24062525 0.1921875 0.33828125 0.1703125 0.390625
50 0.34375 0.33828125 0.159375 0.3671875
2 0.59140625 0.35 0.1375 0.3890625
4 0.71796875 0.3484375 0.1265625 0.4
6 0.82109375 0.353125 0.11875 0.3953125
54 0.48046875 0.73515625 0.678125 0.240625