10 0.171875 0.37734375 0.19296875 0.33984375
45 0.3546875 0.38203125 0.21171875 0.33828125
2 0.5546875 0.38671875 0.16640625 0.33671875
4 0.7 0.3890625 0.13671875 0.34375
6 0.82578125 0.38671875 0.13515625 0.3140625
1 0.95390625 0.39921875 0.0921875 0.33515625
63 0.50703125 0.6890625 0.3296875 0.2132812510 0.171875 0.37734375 0.19296875 0.33984375
45 0.3546875 0.38203125 0.21171875 0.33828125
2 0.5546875 0.38671875 0.16640625 0.33671875
4 0.7 0.3890625 0.13671875 0.34375
6 0.82578125 0.38671875 0.13515625 0.3140625
1 0.95390625 0.39921875 0.0921875 0.33515625
63 0.50703125 0.6890625 0.3296875 0.2132812510 0.171875 0.37734375 0.19296875 0.33984375
45 0.3546875 0.38203125 0.21171875 0.33828125
2 0.5546875 0.38671875 0.16640625 0.33671875
4 0.7 0.3890625 0.13671875 0.34375
6 0.82578125 0.38671875 0.13515625 0.3140625
1 0.95390625 0.39921875 0.0921875 0.33515625
63 0.50703125 0.6890625 0.3296875 0.21328125