10 0.15703125 0.43046875 0.24375 0.365625
45 0.33828125 0.40625 0.2625 0.3671875
2 0.5359375 0.3796875 0.2171875 0.359375
4 0.68046875 0.359375 0.1890625 0.3609375
6 0.80390625 0.3375 0.1828125 0.33125
1 0.93046875 0.32890625 0.1390625 0.3453125
63 0.53671875 0.6859375 0.359375 0.262510 0.15703125 0.43046875 0.24375 0.365625
45 0.33828125 0.40625 0.2625 0.3671875
2 0.5359375 0.3796875 0.2171875 0.359375
4 0.68046875 0.359375 0.1890625 0.3609375
6 0.80390625 0.3375 0.1828125 0.33125
1 0.93046875 0.32890625 0.1390625 0.3453125
63 0.53671875 0.6859375 0.359375 0.262510 0.15703125 0.43046875 0.24375 0.365625
45 0.33828125 0.40625 0.2625 0.3671875
2 0.5359375 0.3796875 0.2171875 0.359375
4 0.68046875 0.359375 0.1890625 0.3609375
6 0.80390625 0.3375 0.1828125 0.33125
1 0.93046875 0.32890625 0.1390625 0.3453125
63 0.53671875 0.6859375 0.359375 0.2625