25 0.18671875 0.34921875 0.1828125 0.3953125
50 0.33828125 0.34453125 0.171875 0.371875
2 0.5859375 0.346875 0.15 0.39375
4 0.7125 0.34140625 0.140625 0.403125
6 0.815625 0.3421875 0.1328125 0.3984375
54 0.4890625 0.7359375 0.6859375 0.264062525 0.18671875 0.34921875 0.1828125 0.3953125
50 0.33828125 0.34453125 0.171875 0.371875
2 0.5859375 0.346875 0.15 0.39375
4 0.7125 0.34140625 0.140625 0.403125
6 0.815625 0.3421875 0.1328125 0.3984375
54 0.4890625 0.7359375 0.6859375 0.264062525 0.18671875 0.34921875 0.1828125 0.3953125
50 0.33828125 0.34453125 0.171875 0.371875
2 0.5859375 0.346875 0.15 0.39375
4 0.7125 0.34140625 0.140625 0.403125
6 0.815625 0.3421875 0.1328125 0.3984375
54 0.4890625 0.7359375 0.6859375 0.2640625