25 0.221875 0.2921875 0.215625 0.40625
50 0.37109375 0.31640625 0.203125 0.3828125
2 0.61328125 0.36640625 0.1828125 0.4015625
4 0.7390625 0.384375 0.1734375 0.4109375
6 0.83984375 0.4046875 0.165625 0.40625
54 0.44375 0.7296875 0.7 0.320312525 0.221875 0.2921875 0.215625 0.40625
50 0.37109375 0.31640625 0.203125 0.3828125
2 0.61328125 0.36640625 0.1828125 0.4015625
4 0.7390625 0.384375 0.1734375 0.4109375
6 0.83984375 0.4046875 0.165625 0.40625
54 0.44375 0.7296875 0.7 0.320312525 0.221875 0.2921875 0.215625 0.40625
50 0.37109375 0.31640625 0.203125 0.3828125
2 0.61328125 0.36640625 0.1828125 0.4015625
4 0.7390625 0.384375 0.1734375 0.4109375
6 0.83984375 0.4046875 0.165625 0.40625
54 0.44375 0.7296875 0.7 0.3203125