10 0.18125 0.41015625 0.1796875 0.3984375
16 0.33125 0.4046875 0.2 0.4125
2 0.48515625 0.4 0.1890625 0.425
4 0.61328125 0.375 0.1515625 0.384375
7 0.71875 0.375 0.1671875 0.4234375
8 0.83203125 0.3625 0.153125 0.4078125
98 0.52421875 0.74765625 0.234375 0.229687510 0.18125 0.41015625 0.1796875 0.3984375
16 0.33125 0.4046875 0.2 0.4125
2 0.48515625 0.4 0.1890625 0.425
4 0.61328125 0.375 0.1515625 0.384375
7 0.71875 0.375 0.1671875 0.4234375
8 0.83203125 0.3625 0.153125 0.4078125
98 0.52421875 0.74765625 0.234375 0.229687510 0.18125 0.41015625 0.1796875 0.3984375
16 0.33125 0.4046875 0.2 0.4125
2 0.48515625 0.4 0.1890625 0.425
4 0.61328125 0.375 0.1515625 0.384375
7 0.71875 0.375 0.1671875 0.4234375
8 0.83203125 0.3625 0.153125 0.4078125
98 0.52421875 0.74765625 0.234375 0.2296875