10 0.20390625 0.35078125 0.1734375 0.3953125
16 0.35234375 0.37421875 0.19375 0.409375
2 0.50390625 0.39921875 0.18125 0.4234375
4 0.63515625 0.39921875 0.1453125 0.3828125
7 0.73828125 0.41875 0.1609375 0.421875
8 0.85234375 0.428125 0.146875 0.40625
98 0.4765625 0.7484375 0.23125 0.226562510 0.20390625 0.35078125 0.1734375 0.3953125
16 0.35234375 0.37421875 0.19375 0.409375
2 0.50390625 0.39921875 0.18125 0.4234375
4 0.63515625 0.39921875 0.1453125 0.3828125
7 0.73828125 0.41875 0.1609375 0.421875
8 0.85234375 0.428125 0.146875 0.40625
98 0.4765625 0.7484375 0.23125 0.226562510 0.20390625 0.35078125 0.1734375 0.3953125
16 0.35234375 0.37421875 0.19375 0.409375
2 0.50390625 0.39921875 0.18125 0.4234375
4 0.63515625 0.39921875 0.1453125 0.3828125
7 0.73828125 0.41875 0.1609375 0.421875
8 0.85234375 0.428125 0.146875 0.40625
98 0.4765625 0.7484375 0.23125 0.2265625