10 0.209375 0.340625 0.1859375 0.4
16 0.35703125 0.36875 0.20625 0.4140625
2 0.5078125 0.39921875 0.1953125 0.4265625
4 0.63828125 0.40390625 0.1578125 0.3859375
7 0.74140625 0.42734375 0.175 0.425
8 0.8546875 0.440625 0.159375 0.4078125
98 0.46796875 0.746875 0.2375 0.232812510 0.209375 0.340625 0.1859375 0.4
16 0.35703125 0.36875 0.20625 0.4140625
2 0.5078125 0.39921875 0.1953125 0.4265625
4 0.63828125 0.40390625 0.1578125 0.3859375
7 0.74140625 0.42734375 0.175 0.425
8 0.8546875 0.440625 0.159375 0.4078125
98 0.46796875 0.746875 0.2375 0.232812510 0.209375 0.340625 0.1859375 0.4
16 0.35703125 0.36875 0.20625 0.4140625
2 0.5078125 0.39921875 0.1953125 0.4265625
4 0.63828125 0.40390625 0.1578125 0.3859375
7 0.74140625 0.42734375 0.175 0.425
8 0.8546875 0.440625 0.159375 0.4078125
98 0.46796875 0.746875 0.2375 0.2328125