14 0.20625 0.4203125 0.19375 0.38125
32 0.3484375 0.409375 0.215625 0.4078125
2 0.53125 0.37734375 0.1796875 0.40625
4 0.63359375 0.35703125 0.18125 0.4
8 0.734375 0.35234375 0.165625 0.4046875
8 0.8453125 0.33125 0.1875 0.409375
63 0.54921875 0.72421875 0.3375 0.27812514 0.20625 0.4203125 0.19375 0.38125
32 0.3484375 0.409375 0.215625 0.4078125
2 0.53125 0.37734375 0.1796875 0.40625
4 0.63359375 0.35703125 0.18125 0.4
8 0.734375 0.35234375 0.165625 0.4046875
8 0.8453125 0.33125 0.1875 0.409375
63 0.54921875 0.72421875 0.3375 0.27812514 0.20625 0.4203125 0.19375 0.38125
32 0.3484375 0.409375 0.215625 0.4078125
2 0.53125 0.37734375 0.1796875 0.40625
4 0.63359375 0.35703125 0.18125 0.4
8 0.734375 0.35234375 0.165625 0.4046875
8 0.8453125 0.33125 0.1875 0.409375
63 0.54921875 0.72421875 0.3375 0.278125