14 0.21484375 0.39453125 0.1640625 0.371875
32 0.35703125 0.39609375 0.1828125 0.396875
2 0.54140625 0.38046875 0.146875 0.4
4 0.64609375 0.36953125 0.1484375 0.3921875
8 0.74609375 0.3734375 0.1328125 0.3984375
8 0.85859375 0.3625 0.153125 0.403125
63 0.52890625 0.72734375 0.3203125 0.25312514 0.21484375 0.39453125 0.1640625 0.371875
32 0.35703125 0.39609375 0.1828125 0.396875
2 0.54140625 0.38046875 0.146875 0.4
4 0.64609375 0.36953125 0.1484375 0.3921875
8 0.74609375 0.3734375 0.1328125 0.3984375
8 0.85859375 0.3625 0.153125 0.403125
63 0.52890625 0.72734375 0.3203125 0.25312514 0.21484375 0.39453125 0.1640625 0.371875
32 0.35703125 0.39609375 0.1828125 0.396875
2 0.54140625 0.38046875 0.146875 0.4
4 0.64609375 0.36953125 0.1484375 0.3921875
8 0.74609375 0.3734375 0.1328125 0.3984375
8 0.85859375 0.3625 0.153125 0.403125
63 0.52890625 0.72734375 0.3203125 0.253125