14 0.22734375 0.365625 0.1515625 0.3671875
32 0.36875 0.38203125 0.1703125 0.3921875
2 0.55390625 0.38515625 0.1328125 0.396875
4 0.65859375 0.38515625 0.1359375 0.3890625
8 0.75859375 0.39921875 0.1203125 0.3953125
8 0.87109375 0.4 0.140625 0.3984375
63 0.50546875 0.72890625 0.3140625 0.2437514 0.22734375 0.365625 0.1515625 0.3671875
32 0.36875 0.38203125 0.1703125 0.3921875
2 0.55390625 0.38515625 0.1328125 0.396875
4 0.65859375 0.38515625 0.1359375 0.3890625
8 0.75859375 0.39921875 0.1203125 0.3953125
8 0.87109375 0.4 0.140625 0.3984375
63 0.50546875 0.72890625 0.3140625 0.2437514 0.22734375 0.365625 0.1515625 0.3671875
32 0.36875 0.38203125 0.1703125 0.3921875
2 0.55390625 0.38515625 0.1328125 0.396875
4 0.65859375 0.38515625 0.1359375 0.3890625
8 0.75859375 0.39921875 0.1203125 0.3953125
8 0.87109375 0.4 0.140625 0.3984375
63 0.50546875 0.72890625 0.3140625 0.24375