50 0.271875 0.36484375 0.19375 0.3828125
42 0.39296875 0.403125 0.1890625 0.3875
2 0.53046875 0.421875 0.15625 0.353125
4 0.62265625 0.43671875 0.115625 0.35
9 0.70234375 0.446875 0.146875 0.3421875
9 0.79765625 0.46953125 0.1390625 0.3578125
54 0.471875 0.7625 0.54375 0.260937550 0.271875 0.36484375 0.19375 0.3828125
42 0.39296875 0.403125 0.1890625 0.3875
2 0.53046875 0.421875 0.15625 0.353125
4 0.62265625 0.43671875 0.115625 0.35
9 0.70234375 0.446875 0.146875 0.3421875
9 0.79765625 0.46953125 0.1390625 0.3578125
54 0.471875 0.7625 0.54375 0.260937550 0.271875 0.36484375 0.19375 0.3828125
42 0.39296875 0.403125 0.1890625 0.3875
2 0.53046875 0.421875 0.15625 0.353125
4 0.62265625 0.43671875 0.115625 0.35
9 0.70234375 0.446875 0.146875 0.3421875
9 0.79765625 0.46953125 0.1390625 0.3578125
54 0.471875 0.7625 0.54375 0.2609375