50 0.25546875 0.39765625 0.14453125 0.36640625
42 0.38046875 0.41875 0.1390625 0.371875
2 0.51953125 0.41875 0.109375 0.340625
4 0.6125 0.4203125 0.06796875 0.34375
9 0.69296875 0.41953125 0.10234375 0.33125
9 0.790625 0.428125 0.0921875 0.34765625
54 0.50859375 0.7640625 0.52265625 0.19062550 0.25546875 0.39765625 0.14453125 0.36640625
42 0.38046875 0.41875 0.1390625 0.371875
2 0.51953125 0.41875 0.109375 0.340625
4 0.6125 0.4203125 0.06796875 0.34375
9 0.69296875 0.41953125 0.10234375 0.33125
9 0.790625 0.428125 0.0921875 0.34765625
54 0.50859375 0.7640625 0.52265625 0.19062550 0.25546875 0.39765625 0.14453125 0.36640625
42 0.38046875 0.41875 0.1390625 0.371875
2 0.51953125 0.41875 0.109375 0.340625
4 0.6125 0.4203125 0.06796875 0.34375
9 0.69296875 0.41953125 0.10234375 0.33125
9 0.790625 0.428125 0.0921875 0.34765625
54 0.50859375 0.7640625 0.52265625 0.190625