50 0.2671875 0.37265625 0.1828125 0.3796875
42 0.38984375 0.40703125 0.1765625 0.384375
2 0.528125 0.42109375 0.14375 0.35
4 0.6203125 0.4328125 0.103125 0.3484375
9 0.7 0.43984375 0.1359375 0.340625
9 0.796875 0.45859375 0.128125 0.3546875
54 0.48125 0.76328125 0.5390625 0.2437550 0.2671875 0.37265625 0.1828125 0.3796875
42 0.38984375 0.40703125 0.1765625 0.384375
2 0.528125 0.42109375 0.14375 0.35
4 0.6203125 0.4328125 0.103125 0.3484375
9 0.7 0.43984375 0.1359375 0.340625
9 0.796875 0.45859375 0.128125 0.3546875
54 0.48125 0.76328125 0.5390625 0.2437550 0.2671875 0.37265625 0.1828125 0.3796875
42 0.38984375 0.40703125 0.1765625 0.384375
2 0.528125 0.42109375 0.14375 0.35
4 0.6203125 0.4328125 0.103125 0.3484375
9 0.7 0.43984375 0.1359375 0.340625
9 0.796875 0.45859375 0.128125 0.3546875
54 0.48125 0.76328125 0.5390625 0.24375