50 0.27421875 0.3609375 0.2 0.384375
42 0.39453125 0.40078125 0.1953125 0.3890625
2 0.53203125 0.42265625 0.1609375 0.353125
4 0.6234375 0.4390625 0.1203125 0.35
9 0.703125 0.45078125 0.153125 0.34375
9 0.7984375 0.47421875 0.1453125 0.3578125
54 0.4671875 0.7625 0.5453125 0.270312550 0.27421875 0.3609375 0.2 0.384375
42 0.39453125 0.40078125 0.1953125 0.3890625
2 0.53203125 0.42265625 0.1609375 0.353125
4 0.6234375 0.4390625 0.1203125 0.35
9 0.703125 0.45078125 0.153125 0.34375
9 0.7984375 0.47421875 0.1453125 0.3578125
54 0.4671875 0.7625 0.5453125 0.270312550 0.27421875 0.3609375 0.2 0.384375
42 0.39453125 0.40078125 0.1953125 0.3890625
2 0.53203125 0.42265625 0.1609375 0.353125
4 0.6234375 0.4390625 0.1203125 0.35
9 0.703125 0.45078125 0.153125 0.34375
9 0.7984375 0.47421875 0.1453125 0.3578125
54 0.4671875 0.7625 0.5453125 0.2703125