43 0.14921875 0.33125 0.16171875 0.41484375
40 0.30859375 0.3328125 0.1734375 0.425
2 0.5 0.33359375 0.14765625 0.440625
5 0.646875 0.32578125 0.14921875 0.421875
1 0.75703125 0.3171875 0.11328125 0.42734375
1 0.89609375 0.33203125 0.11640625 0.44765625
54 0.5140625 0.7640625 0.69609375 0.2101562543 0.14921875 0.33125 0.16171875 0.41484375
40 0.30859375 0.3328125 0.1734375 0.425
2 0.5 0.33359375 0.14765625 0.440625
5 0.646875 0.32578125 0.14921875 0.421875
1 0.75703125 0.3171875 0.11328125 0.42734375
1 0.89609375 0.33203125 0.11640625 0.44765625
54 0.5140625 0.7640625 0.69609375 0.2101562543 0.14921875 0.33125 0.16171875 0.41484375
40 0.30859375 0.3328125 0.1734375 0.425
2 0.5 0.33359375 0.14765625 0.440625
5 0.646875 0.32578125 0.14921875 0.421875
1 0.75703125 0.3171875 0.11328125 0.42734375
1 0.89609375 0.33203125 0.11640625 0.44765625
54 0.5140625 0.7640625 0.69609375 0.21015625