43 0.14921875 0.33125 0.1625 0.415625
40 0.30859375 0.3328125 0.1734375 0.425
2 0.5 0.33359375 0.146875 0.440625
5 0.646875 0.32578125 0.15 0.421875
1 0.75703125 0.3171875 0.1125 0.428125
1 0.89609375 0.33203125 0.115625 0.446875
54 0.5140625 0.7640625 0.696875 0.20937543 0.14921875 0.33125 0.1625 0.415625
40 0.30859375 0.3328125 0.1734375 0.425
2 0.5 0.33359375 0.146875 0.440625
5 0.646875 0.32578125 0.15 0.421875
1 0.75703125 0.3171875 0.1125 0.428125
1 0.89609375 0.33203125 0.115625 0.446875
54 0.5140625 0.7640625 0.696875 0.20937543 0.14921875 0.33125 0.1625 0.415625
40 0.30859375 0.3328125 0.1734375 0.425
2 0.5 0.33359375 0.146875 0.440625
5 0.646875 0.32578125 0.15 0.421875
1 0.75703125 0.3171875 0.1125 0.428125
1 0.89609375 0.33203125 0.115625 0.446875
54 0.5140625 0.7640625 0.696875 0.209375