19 0.19609375 0.40234375 0.1703125 0.34921875
31 0.34375 0.38984375 0.1421875 0.33125
9 0.553125 0.38125 0.140625 0.325
7 0.67265625 0.39453125 0.1234375 0.34765625
2 0.790625 0.3890625 0.12109375 0.35234375
54 0.51171875 0.71953125 0.60390625 0.1773437519 0.19609375 0.40234375 0.1703125 0.34921875
31 0.34375 0.38984375 0.1421875 0.33125
9 0.553125 0.38125 0.140625 0.325
7 0.67265625 0.39453125 0.1234375 0.34765625
2 0.790625 0.3890625 0.12109375 0.35234375
54 0.51171875 0.71953125 0.60390625 0.1773437519 0.19609375 0.40234375 0.1703125 0.34921875
31 0.34375 0.38984375 0.1421875 0.33125
9 0.553125 0.38125 0.140625 0.325
7 0.67265625 0.39453125 0.1234375 0.34765625
2 0.790625 0.3890625 0.12109375 0.35234375
54 0.51171875 0.71953125 0.60390625 0.17734375