19 0.1875 0.434375 0.20625 0.365625
31 0.3328125 0.40703125 0.1765625 0.34375
9 0.540625 0.3765625 0.1734375 0.3375
7 0.6609375 0.37734375 0.159375 0.359375
2 0.77734375 0.359375 0.1578125 0.3625
54 0.534375 0.7171875 0.61875 0.239062519 0.1875 0.434375 0.20625 0.365625
31 0.3328125 0.40703125 0.1765625 0.34375
9 0.540625 0.3765625 0.1734375 0.3375
7 0.6609375 0.37734375 0.159375 0.359375
2 0.77734375 0.359375 0.1578125 0.3625
54 0.534375 0.7171875 0.61875 0.239062519 0.1875 0.434375 0.20625 0.365625
31 0.3328125 0.40703125 0.1765625 0.34375
9 0.540625 0.3765625 0.1734375 0.3375
7 0.6609375 0.37734375 0.159375 0.359375
2 0.77734375 0.359375 0.1578125 0.3625
54 0.534375 0.7171875 0.61875 0.2390625