43 0.18359375 0.27265625 0.23125 0.4359375
40 0.340625 0.30234375 0.2453125 0.4484375
2 0.52890625 0.3359375 0.221875 0.459375
5 0.675 0.35390625 0.2203125 0.440625
1 0.78515625 0.36484375 0.1859375 0.440625
1 0.91171875 0.40234375 0.1765625 0.4609375
54 0.46796875 0.7625 0.721875 0.32812543 0.18359375 0.27265625 0.23125 0.4359375
40 0.340625 0.30234375 0.2453125 0.4484375
2 0.52890625 0.3359375 0.221875 0.459375
5 0.675 0.35390625 0.2203125 0.440625
1 0.78515625 0.36484375 0.1859375 0.440625
1 0.91171875 0.40234375 0.1765625 0.4609375
54 0.46796875 0.7625 0.721875 0.32812543 0.18359375 0.27265625 0.23125 0.4359375
40 0.340625 0.30234375 0.2453125 0.4484375
2 0.52890625 0.3359375 0.221875 0.459375
5 0.675 0.35390625 0.2203125 0.440625
1 0.78515625 0.36484375 0.1859375 0.440625
1 0.91171875 0.40234375 0.1765625 0.4609375
54 0.46796875 0.7625 0.721875 0.328125