10 0.1390625 0.38125 0.1875 0.41875
42 0.30859375 0.37890625 0.1859375 0.42578125
2 0.50859375 0.3734375 0.14765625 0.434375
5 0.63125 0.37109375 0.14375 0.44921875
2 0.76171875 0.365625 0.13515625 0.45
5 0.8921875 0.3640625 0.13359375 0.4671875
103 0.5171875 0.78203125 0.2953125 0.1804687510 0.1390625 0.38125 0.1875 0.41875
42 0.30859375 0.37890625 0.1859375 0.42578125
2 0.50859375 0.3734375 0.14765625 0.434375
5 0.63125 0.37109375 0.14375 0.44921875
2 0.76171875 0.365625 0.13515625 0.45
5 0.8921875 0.3640625 0.13359375 0.4671875
103 0.5171875 0.78203125 0.2953125 0.1804687510 0.1390625 0.38125 0.1875 0.41875
42 0.30859375 0.37890625 0.1859375 0.42578125
2 0.50859375 0.3734375 0.14765625 0.434375
5 0.63125 0.37109375 0.14375 0.44921875
2 0.76171875 0.365625 0.13515625 0.45
5 0.8921875 0.3640625 0.13359375 0.4671875
103 0.5171875 0.78203125 0.2953125 0.18046875