46 0.1671875 0.37734375 0.2203125 0.3921875
12 0.334375 0.3875 0.2046875 0.3875
2 0.5390625 0.390625 0.1671875 0.371875
5 0.6703125 0.39140625 0.1609375 0.3609375
2 0.79765625 0.4140625 0.1453125 0.3625
3 0.92421875 0.41796875 0.1515625 0.3421875
54 0.49453125 0.73828125 0.7296875 0.245312546 0.1671875 0.37734375 0.2203125 0.3921875
12 0.334375 0.3875 0.2046875 0.3875
2 0.5390625 0.390625 0.1671875 0.371875
5 0.6703125 0.39140625 0.1609375 0.3609375
2 0.79765625 0.4140625 0.1453125 0.3625
3 0.92421875 0.41796875 0.1515625 0.3421875
54 0.49453125 0.73828125 0.7296875 0.245312546 0.1671875 0.37734375 0.2203125 0.3921875
12 0.334375 0.3875 0.2046875 0.3875
2 0.5390625 0.390625 0.1671875 0.371875
5 0.6703125 0.39140625 0.1609375 0.3609375
2 0.79765625 0.4140625 0.1453125 0.3625
3 0.92421875 0.41796875 0.1515625 0.3421875
54 0.49453125 0.73828125 0.7296875 0.2453125