10 0.13515625 0.39375 0.2015625 0.425
42 0.3046875 0.3859375 0.2 0.43125
2 0.50390625 0.3734375 0.1625 0.4390625
5 0.6265625 0.36640625 0.159375 0.4546875
2 0.75703125 0.35625 0.15 0.4546875
5 0.8875 0.35078125 0.15 0.471875
103 0.52734375 0.78125 0.3015625 0.19062510 0.13515625 0.39375 0.2015625 0.425
42 0.3046875 0.3859375 0.2 0.43125
2 0.50390625 0.3734375 0.1625 0.4390625
5 0.6265625 0.36640625 0.159375 0.4546875
2 0.75703125 0.35625 0.15 0.4546875
5 0.8875 0.35078125 0.15 0.471875
103 0.52734375 0.78125 0.3015625 0.19062510 0.13515625 0.39375 0.2015625 0.425
42 0.3046875 0.3859375 0.2 0.43125
2 0.50390625 0.3734375 0.1625 0.4390625
5 0.6265625 0.36640625 0.159375 0.4546875
2 0.75703125 0.35625 0.15 0.4546875
5 0.8875 0.35078125 0.15 0.471875
103 0.52734375 0.78125 0.3015625 0.190625