10 0.13359375 0.4 0.209375 0.428125
42 0.30234375 0.3890625 0.2078125 0.434375
2 0.50234375 0.3734375 0.1703125 0.4421875
5 0.62421875 0.3640625 0.1671875 0.45625
2 0.7546875 0.35234375 0.1578125 0.45625
5 0.884375 0.34375 0.1578125 0.4734375
103 0.53203125 0.78046875 0.3046875 0.195312510 0.13359375 0.4 0.209375 0.428125
42 0.30234375 0.3890625 0.2078125 0.434375
2 0.50234375 0.3734375 0.1703125 0.4421875
5 0.62421875 0.3640625 0.1671875 0.45625
2 0.7546875 0.35234375 0.1578125 0.45625
5 0.884375 0.34375 0.1578125 0.4734375
103 0.53203125 0.78046875 0.3046875 0.195312510 0.13359375 0.4 0.209375 0.428125
42 0.30234375 0.3890625 0.2078125 0.434375
2 0.50234375 0.3734375 0.1703125 0.4421875
5 0.62421875 0.3640625 0.1671875 0.45625
2 0.7546875 0.35234375 0.1578125 0.45625
5 0.884375 0.34375 0.1578125 0.4734375
103 0.53203125 0.78046875 0.3046875 0.1953125