46 0.1578125 0.40703125 0.1875 0.3765625
12 0.325 0.40234375 0.1734375 0.3734375
2 0.5296875 0.3875 0.13671875 0.3609375
5 0.66015625 0.37734375 0.13046875 0.35078125
2 0.7890625 0.38828125 0.11484375 0.35390625
3 0.9265625 0.38125 0.14375 0.33125
54 0.515625 0.7375 0.715625 0.18437546 0.1578125 0.40703125 0.1875 0.3765625
12 0.325 0.40234375 0.1734375 0.3734375
2 0.5296875 0.3875 0.13671875 0.3609375
5 0.66015625 0.37734375 0.13046875 0.35078125
2 0.7890625 0.38828125 0.11484375 0.35390625
3 0.9265625 0.38125 0.14375 0.33125
54 0.515625 0.7375 0.715625 0.18437546 0.1578125 0.40703125 0.1875 0.3765625
12 0.325 0.40234375 0.1734375 0.3734375
2 0.5296875 0.3875 0.13671875 0.3609375
5 0.66015625 0.37734375 0.13046875 0.35078125
2 0.7890625 0.38828125 0.11484375 0.35390625
3 0.9265625 0.38125 0.14375 0.33125
54 0.515625 0.7375 0.715625 0.184375