10 0.159375 0.33203125 0.24375 0.440625
42 0.32734375 0.353125 0.24375 0.446875
2 0.52578125 0.37578125 0.20625 0.45
5 0.64765625 0.390625 0.2046875 0.465625
2 0.778125 0.403125 0.196875 0.4640625
5 0.90390625 0.4203125 0.1921875 0.48125
103 0.478125 0.78203125 0.3171875 0.220312510 0.159375 0.33203125 0.24375 0.440625
42 0.32734375 0.353125 0.24375 0.446875
2 0.52578125 0.37578125 0.20625 0.45
5 0.64765625 0.390625 0.2046875 0.465625
2 0.778125 0.403125 0.196875 0.4640625
5 0.90390625 0.4203125 0.1921875 0.48125
103 0.478125 0.78203125 0.3171875 0.220312510 0.159375 0.33203125 0.24375 0.440625
42 0.32734375 0.353125 0.24375 0.446875
2 0.52578125 0.37578125 0.20625 0.45
5 0.64765625 0.390625 0.2046875 0.465625
2 0.778125 0.403125 0.196875 0.4640625
5 0.90390625 0.4203125 0.1921875 0.48125
103 0.478125 0.78203125 0.3171875 0.2203125