10 0.14375 0.4421875 0.2046875 0.4171875
31 0.29765625 0.4109375 0.2171875 0.425
2 0.4828125 0.39140625 0.1859375 0.4046875
5 0.60625 0.3734375 0.171875 0.415625
5 0.73203125 0.36484375 0.1734375 0.421875
2 0.84921875 0.3546875 0.1953125 0.43125
98 0.521875 0.734375 0.259375 0.260937510 0.14375 0.4421875 0.2046875 0.4171875
31 0.29765625 0.4109375 0.2171875 0.425
2 0.4828125 0.39140625 0.1859375 0.4046875
5 0.60625 0.3734375 0.171875 0.415625
5 0.73203125 0.36484375 0.1734375 0.421875
2 0.84921875 0.3546875 0.1953125 0.43125
98 0.521875 0.734375 0.259375 0.260937510 0.14375 0.4421875 0.2046875 0.4171875
31 0.29765625 0.4109375 0.2171875 0.425
2 0.4828125 0.39140625 0.1859375 0.4046875
5 0.60625 0.3734375 0.171875 0.415625
5 0.73203125 0.36484375 0.1734375 0.421875
2 0.84921875 0.3546875 0.1953125 0.43125
98 0.521875 0.734375 0.259375 0.2609375