10 0.140625 0.4609375 0.2234375 0.421875
31 0.29375 0.42109375 0.2375 0.43125
2 0.47734375 0.3921875 0.2046875 0.409375
5 0.6 0.36796875 0.1921875 0.41875
5 0.725 0.35234375 0.19375 0.425
2 0.840625 0.33671875 0.215625 0.4359375
98 0.53359375 0.7328125 0.2703125 0.27187510 0.140625 0.4609375 0.2234375 0.421875
31 0.29375 0.42109375 0.2375 0.43125
2 0.47734375 0.3921875 0.2046875 0.409375
5 0.6 0.36796875 0.1921875 0.41875
5 0.725 0.35234375 0.19375 0.425
2 0.840625 0.33671875 0.215625 0.4359375
98 0.53359375 0.7328125 0.2703125 0.27187510 0.140625 0.4609375 0.2234375 0.421875
31 0.29375 0.42109375 0.2375 0.43125
2 0.47734375 0.3921875 0.2046875 0.409375
5 0.6 0.36796875 0.1921875 0.41875
5 0.725 0.35234375 0.19375 0.425
2 0.840625 0.33671875 0.215625 0.4359375
98 0.53359375 0.7328125 0.2703125 0.271875