35 0.20078125 0.284375 0.2265625 0.415625
16 0.340625 0.309375 0.228125 0.4078125
2 0.5390625 0.35234375 0.203125 0.4140625
5 0.65625 0.35546875 0.1625 0.3875
6 0.77109375 0.3953125 0.1953125 0.390625
1 0.9 0.41640625 0.2 0.4203125
82 0.4671875 0.74296875 0.71875 0.35312535 0.20078125 0.284375 0.2265625 0.415625
16 0.340625 0.309375 0.228125 0.4078125
2 0.5390625 0.35234375 0.203125 0.4140625
5 0.65625 0.35546875 0.1625 0.3875
6 0.77109375 0.3953125 0.1953125 0.390625
1 0.9 0.41640625 0.2 0.4203125
82 0.4671875 0.74296875 0.71875 0.35312535 0.20078125 0.284375 0.2265625 0.415625
16 0.340625 0.309375 0.228125 0.4078125
2 0.5390625 0.35234375 0.203125 0.4140625
5 0.65625 0.35546875 0.1625 0.3875
6 0.77109375 0.3953125 0.1953125 0.390625
1 0.9 0.41640625 0.2 0.4203125
82 0.4671875 0.74296875 0.71875 0.353125