35 0.16796875 0.33984375 0.16015625 0.39375
16 0.31015625 0.33984375 0.16328125 0.38515625
2 0.5125 0.34765625 0.13671875 0.39609375
5 0.62890625 0.33046875 0.09921875 0.3765625
6 0.74921875 0.35 0.13203125 0.3734375
1 0.88046875 0.34921875 0.13359375 0.403125
82 0.51015625 0.7453125 0.6875 0.237535 0.16796875 0.33984375 0.16015625 0.39375
16 0.31015625 0.33984375 0.16328125 0.38515625
2 0.5125 0.34765625 0.13671875 0.39609375
5 0.62890625 0.33046875 0.09921875 0.3765625
6 0.74921875 0.35 0.13203125 0.3734375
1 0.88046875 0.34921875 0.13359375 0.403125
82 0.51015625 0.7453125 0.6875 0.237535 0.16796875 0.33984375 0.16015625 0.39375
16 0.31015625 0.33984375 0.16328125 0.38515625
2 0.5125 0.34765625 0.13671875 0.39609375
5 0.62890625 0.33046875 0.09921875 0.3765625
6 0.74921875 0.35 0.13203125 0.3734375
1 0.88046875 0.34921875 0.13359375 0.403125
82 0.51015625 0.7453125 0.6875 0.2375