35 0.1828125 0.31171875 0.19375 0.40625
16 0.325 0.32421875 0.196875 0.3984375
2 0.52578125 0.34921875 0.1703125 0.40625
5 0.64296875 0.3421875 0.13125 0.384375
6 0.76171875 0.37265625 0.1640625 0.3828125
1 0.8921875 0.3828125 0.16875 0.4125
82 0.4890625 0.7453125 0.70625 0.29687535 0.1828125 0.31171875 0.19375 0.40625
16 0.325 0.32421875 0.196875 0.3984375
2 0.52578125 0.34921875 0.1703125 0.40625
5 0.64296875 0.3421875 0.13125 0.384375
6 0.76171875 0.37265625 0.1640625 0.3828125
1 0.8921875 0.3828125 0.16875 0.4125
82 0.4890625 0.7453125 0.70625 0.29687535 0.1828125 0.31171875 0.19375 0.40625
16 0.325 0.32421875 0.196875 0.3984375
2 0.52578125 0.34921875 0.1703125 0.40625
5 0.64296875 0.3421875 0.13125 0.384375
6 0.76171875 0.37265625 0.1640625 0.3828125
1 0.8921875 0.3828125 0.16875 0.4125
82 0.4890625 0.7453125 0.70625 0.296875