35 0.15078125 0.38125 0.20625 0.4109375
16 0.2921875 0.3640625 0.209375 0.4015625
2 0.49375 0.34765625 0.184375 0.409375
5 0.60703125 0.31640625 0.14375 0.3859375
6 0.72890625 0.32109375 0.1765625 0.3875
1 0.859375 0.30390625 0.18125 0.415625
82 0.53984375 0.7421875 0.7109375 0.3187535 0.15078125 0.38125 0.20625 0.4109375
16 0.2921875 0.3640625 0.209375 0.4015625
2 0.49375 0.34765625 0.184375 0.409375
5 0.60703125 0.31640625 0.14375 0.3859375
6 0.72890625 0.32109375 0.1765625 0.3875
1 0.859375 0.30390625 0.18125 0.415625
82 0.53984375 0.7421875 0.7109375 0.3187535 0.15078125 0.38125 0.20625 0.4109375
16 0.2921875 0.3640625 0.209375 0.4015625
2 0.49375 0.34765625 0.184375 0.409375
5 0.60703125 0.31640625 0.14375 0.3859375
6 0.72890625 0.32109375 0.1765625 0.3875
1 0.859375 0.30390625 0.18125 0.415625
82 0.53984375 0.7421875 0.7109375 0.31875