35 0.1734375 0.328125 0.1734375 0.3984375
16 0.315625 0.33359375 0.1765625 0.390625
2 0.51796875 0.3484375 0.15 0.4
5 0.634375 0.33515625 0.1125 0.3796875
6 0.7546875 0.35859375 0.1453125 0.378125
1 0.88515625 0.3625 0.146875 0.4078125
82 0.5015625 0.7453125 0.6953125 0.260937535 0.1734375 0.328125 0.1734375 0.3984375
16 0.315625 0.33359375 0.1765625 0.390625
2 0.51796875 0.3484375 0.15 0.4
5 0.634375 0.33515625 0.1125 0.3796875
6 0.7546875 0.35859375 0.1453125 0.378125
1 0.88515625 0.3625 0.146875 0.4078125
82 0.5015625 0.7453125 0.6953125 0.260937535 0.1734375 0.328125 0.1734375 0.3984375
16 0.315625 0.33359375 0.1765625 0.390625
2 0.51796875 0.3484375 0.15 0.4
5 0.634375 0.33515625 0.1125 0.3796875
6 0.7546875 0.35859375 0.1453125 0.378125
1 0.88515625 0.3625 0.146875 0.4078125
82 0.5015625 0.7453125 0.6953125 0.2609375