35 0.165625 0.36484375 0.1875 0.428125
32 0.3140625 0.38984375 0.19375 0.4484375
2 0.48984375 0.42421875 0.1796875 0.4484375
5 0.609375 0.4328125 0.165625 0.4234375
7 0.7265625 0.4578125 0.1828125 0.4578125
5 0.86171875 0.46953125 0.184375 0.44062535 0.165625 0.36484375 0.1875 0.428125
32 0.3140625 0.38984375 0.19375 0.4484375
2 0.48984375 0.42421875 0.1796875 0.4484375
5 0.609375 0.4328125 0.165625 0.4234375
7 0.7265625 0.4578125 0.1828125 0.4578125
5 0.86171875 0.46953125 0.184375 0.44062535 0.165625 0.36484375 0.1875 0.428125
32 0.3140625 0.38984375 0.19375 0.4484375
2 0.48984375 0.42421875 0.1796875 0.4484375
5 0.609375 0.4328125 0.165625 0.4234375
7 0.7265625 0.4578125 0.1828125 0.4578125
5 0.86171875 0.46953125 0.184375 0.440625