35 0.1515625 0.40625 0.1375 0.415625
32 0.30234375 0.41328125 0.1421875 0.434375
2 0.48046875 0.42578125 0.128125 0.4359375
5 0.60078125 0.4203125 0.115625 0.4125
7 0.71953125 0.43046875 0.128125 0.446875
5 0.85546875 0.42578125 0.134375 0.42812535 0.1515625 0.40625 0.1375 0.415625
32 0.30234375 0.41328125 0.1421875 0.434375
2 0.48046875 0.42578125 0.128125 0.4359375
5 0.60078125 0.4203125 0.115625 0.4125
7 0.71953125 0.43046875 0.128125 0.446875
5 0.85546875 0.42578125 0.134375 0.42812535 0.1515625 0.40625 0.1375 0.415625
32 0.30234375 0.41328125 0.1421875 0.434375
2 0.48046875 0.42578125 0.128125 0.4359375
5 0.60078125 0.4203125 0.115625 0.4125
7 0.71953125 0.43046875 0.128125 0.446875
5 0.85546875 0.42578125 0.134375 0.428125