10 0.19609375 0.32890625 0.221875 0.5171875
28 0.35 0.35 0.2296875 0.521875
5 0.51484375 0.3703125 0.2078125 0.509375
9 0.63828125 0.38828125 0.1625 0.484375
9 0.759375 0.40625 0.1734375 0.5015625
4 0.871875 0.4109375 0.171875 0.4796875
120 0.4828125 0.76796875 0.2703125 0.248437510 0.19609375 0.32890625 0.221875 0.5171875
28 0.35 0.35 0.2296875 0.521875
5 0.51484375 0.3703125 0.2078125 0.509375
9 0.63828125 0.38828125 0.1625 0.484375
9 0.759375 0.40625 0.1734375 0.5015625
4 0.871875 0.4109375 0.171875 0.4796875
120 0.4828125 0.76796875 0.2703125 0.248437510 0.19609375 0.32890625 0.221875 0.5171875
28 0.35 0.35 0.2296875 0.521875
5 0.51484375 0.3703125 0.2078125 0.509375
9 0.63828125 0.38828125 0.1625 0.484375
9 0.759375 0.40625 0.1734375 0.5015625
4 0.871875 0.4109375 0.171875 0.4796875
120 0.4828125 0.76796875 0.2703125 0.2484375