10 0.19921875 0.3234375 0.2296875 0.51875
28 0.35234375 0.34765625 0.2375 0.5234375
5 0.5171875 0.3703125 0.2171875 0.5109375
9 0.63984375 0.39140625 0.1703125 0.4859375
9 0.7609375 0.41015625 0.1828125 0.503125
4 0.8734375 0.41796875 0.1796875 0.4796875
120 0.478125 0.7671875 0.2734375 0.251562510 0.19921875 0.3234375 0.2296875 0.51875
28 0.35234375 0.34765625 0.2375 0.5234375
5 0.5171875 0.3703125 0.2171875 0.5109375
9 0.63984375 0.39140625 0.1703125 0.4859375
9 0.7609375 0.41015625 0.1828125 0.503125
4 0.8734375 0.41796875 0.1796875 0.4796875
120 0.478125 0.7671875 0.2734375 0.251562510 0.19921875 0.3234375 0.2296875 0.51875
28 0.35234375 0.34765625 0.2375 0.5234375
5 0.5171875 0.3703125 0.2171875 0.5109375
9 0.63984375 0.39140625 0.1703125 0.4859375
9 0.7609375 0.41015625 0.1828125 0.503125
4 0.8734375 0.41796875 0.1796875 0.4796875
120 0.478125 0.7671875 0.2734375 0.2515625