10 0.184375 0.35078125 0.1875 0.509375
28 0.33984375 0.3609375 0.1953125 0.5140625
5 0.50625 0.36953125 0.175 0.5015625
9 0.6296875 0.37890625 0.1296875 0.48125
9 0.75234375 0.38828125 0.140625 0.496875
4 0.86484375 0.38515625 0.1390625 0.4734375
120 0.5015625 0.76875 0.25625 0.232812510 0.184375 0.35078125 0.1875 0.509375
28 0.33984375 0.3609375 0.1953125 0.5140625
5 0.50625 0.36953125 0.175 0.5015625
9 0.6296875 0.37890625 0.1296875 0.48125
9 0.75234375 0.38828125 0.140625 0.496875
4 0.86484375 0.38515625 0.1390625 0.4734375
120 0.5015625 0.76875 0.25625 0.232812510 0.184375 0.35078125 0.1875 0.509375
28 0.33984375 0.3609375 0.1953125 0.5140625
5 0.50625 0.36953125 0.175 0.5015625
9 0.6296875 0.37890625 0.1296875 0.48125
9 0.75234375 0.38828125 0.140625 0.496875
4 0.86484375 0.38515625 0.1390625 0.4734375
120 0.5015625 0.76875 0.25625 0.2328125