14 0.20234375 0.4140625 0.20625 0.428125
41 0.35546875 0.39765625 0.2265625 0.4328125
2 0.51484375 0.3734375 0.1890625 0.4078125
5 0.625 0.35078125 0.14375 0.409375
9 0.746875 0.34453125 0.1703125 0.4234375
5 0.83359375 0.3328125 0.165625 0.4328125
63 0.55859375 0.76953125 0.3 0.3187514 0.20234375 0.4140625 0.20625 0.428125
41 0.35546875 0.39765625 0.2265625 0.4328125
2 0.51484375 0.3734375 0.1890625 0.4078125
5 0.625 0.35078125 0.14375 0.409375
9 0.746875 0.34453125 0.1703125 0.4234375
5 0.83359375 0.3328125 0.165625 0.4328125
63 0.55859375 0.76953125 0.3 0.3187514 0.20234375 0.4140625 0.20625 0.428125
41 0.35546875 0.39765625 0.2265625 0.4328125
2 0.51484375 0.3734375 0.1890625 0.4078125
5 0.625 0.35078125 0.14375 0.409375
9 0.746875 0.34453125 0.1703125 0.4234375
5 0.83359375 0.3328125 0.165625 0.4328125
63 0.55859375 0.76953125 0.3 0.31875