26 0.1671875 0.38125 0.1890625 0.328125
31 0.29609375 0.3796875 0.175 0.315625
2 0.58671875 0.3890625 0.16875 0.3296875
5 0.71484375 0.3859375 0.165625 0.31875
54 0.52734375 0.7078125 0.6625 0.24062526 0.1671875 0.38125 0.1890625 0.328125
31 0.29609375 0.3796875 0.175 0.315625
2 0.58671875 0.3890625 0.16875 0.3296875
5 0.71484375 0.3859375 0.165625 0.31875
54 0.52734375 0.7078125 0.6625 0.24062526 0.1671875 0.38125 0.1890625 0.328125
31 0.29609375 0.3796875 0.175 0.315625
2 0.58671875 0.3890625 0.16875 0.3296875
5 0.71484375 0.3859375 0.165625 0.31875
54 0.52734375 0.7078125 0.6625 0.240625