26 0.171875 0.36953125 0.2 0.334375
31 0.30078125 0.37265625 0.1859375 0.321875
2 0.590625 0.3921875 0.1796875 0.3359375
5 0.71875 0.39375 0.178125 0.325
54 0.5203125 0.70859375 0.671875 0.262526 0.171875 0.36953125 0.2 0.334375
31 0.30078125 0.37265625 0.1859375 0.321875
2 0.590625 0.3921875 0.1796875 0.3359375
5 0.71875 0.39375 0.178125 0.325
54 0.5203125 0.70859375 0.671875 0.262526 0.171875 0.36953125 0.2 0.334375
31 0.30078125 0.37265625 0.1859375 0.321875
2 0.590625 0.3921875 0.1796875 0.3359375
5 0.71875 0.39375 0.178125 0.325
54 0.5203125 0.70859375 0.671875 0.2625