26 0.1671875 0.38125 0.1890625 0.328125
31 0.29609375 0.3796875 0.175 0.31640625
2 0.58671875 0.3890625 0.16796875 0.3296875
5 0.71484375 0.3859375 0.16640625 0.31953125
54 0.52734375 0.7078125 0.66328125 0.2398437526 0.1671875 0.38125 0.1890625 0.328125
31 0.29609375 0.3796875 0.175 0.31640625
2 0.58671875 0.3890625 0.16796875 0.3296875
5 0.71484375 0.3859375 0.16640625 0.31953125
54 0.52734375 0.7078125 0.66328125 0.2398437526 0.1671875 0.38125 0.1890625 0.328125
31 0.29609375 0.3796875 0.175 0.31640625
2 0.58671875 0.3890625 0.16796875 0.3296875
5 0.71484375 0.3859375 0.16640625 0.31953125
54 0.52734375 0.7078125 0.66328125 0.23984375