25 0.28984375 0.36875 0.203125 0.340625
30 0.41953125 0.39140625 0.1671875 0.3203125
2 0.603125 0.425 0.15625 0.334375
6 0.70703125 0.43828125 0.159375 0.31875
3 0.7953125 0.453125 0.1453125 0.2984375
5 0.890625 0.46953125 0.1546875 0.3140625
54 0.509375 0.709375 0.615625 0.2187525 0.28984375 0.36875 0.203125 0.340625
30 0.41953125 0.39140625 0.1671875 0.3203125
2 0.603125 0.425 0.15625 0.334375
6 0.70703125 0.43828125 0.159375 0.31875
3 0.7953125 0.453125 0.1453125 0.2984375
5 0.890625 0.46953125 0.1546875 0.3140625
54 0.509375 0.709375 0.615625 0.2187525 0.28984375 0.36875 0.203125 0.340625
30 0.41953125 0.39140625 0.1671875 0.3203125
2 0.603125 0.425 0.15625 0.334375
6 0.70703125 0.43828125 0.159375 0.31875
3 0.7953125 0.453125 0.1453125 0.2984375
5 0.890625 0.46953125 0.1546875 0.3140625
54 0.509375 0.709375 0.615625 0.21875