25 0.265625 0.41953125 0.1765625 0.33125
30 0.39765625 0.4125 0.1421875 0.3125
2 0.58359375 0.40390625 0.1296875 0.328125
6 0.6875 0.39375 0.134375 0.3125
3 0.77734375 0.38828125 0.121875 0.29375
5 0.87421875 0.38203125 0.1296875 0.30625
54 0.55625 0.70234375 0.6109375 0.1687525 0.265625 0.41953125 0.1765625 0.33125
30 0.39765625 0.4125 0.1421875 0.3125
2 0.58359375 0.40390625 0.1296875 0.328125
6 0.6875 0.39375 0.134375 0.3125
3 0.77734375 0.38828125 0.121875 0.29375
5 0.87421875 0.38203125 0.1296875 0.30625
54 0.55625 0.70234375 0.6109375 0.1687525 0.265625 0.41953125 0.1765625 0.33125
30 0.39765625 0.4125 0.1421875 0.3125
2 0.58359375 0.40390625 0.1296875 0.328125
6 0.6875 0.39375 0.134375 0.3125
3 0.77734375 0.38828125 0.121875 0.29375
5 0.87421875 0.38203125 0.1296875 0.30625
54 0.55625 0.70234375 0.6109375 0.16875