25 0.2734375 0.39921875 0.1609375 0.3234375
30 0.40546875 0.40390625 0.1265625 0.3078125
2 0.59140625 0.41171875 0.1140625 0.3234375
6 0.69609375 0.41015625 0.11875 0.3078125
3 0.7859375 0.4125 0.1078125 0.2890625
5 0.8828125 0.415625 0.1140625 0.3015625
54 0.53828125 0.70625 0.60625 0.137525 0.2734375 0.39921875 0.1609375 0.3234375
30 0.40546875 0.40390625 0.1265625 0.3078125
2 0.59140625 0.41171875 0.1140625 0.3234375
6 0.69609375 0.41015625 0.11875 0.3078125
3 0.7859375 0.4125 0.1078125 0.2890625
5 0.8828125 0.415625 0.1140625 0.3015625
54 0.53828125 0.70625 0.60625 0.137525 0.2734375 0.39921875 0.1609375 0.3234375
30 0.40546875 0.40390625 0.1265625 0.3078125
2 0.59140625 0.41171875 0.1140625 0.3234375
6 0.69609375 0.41015625 0.11875 0.3078125
3 0.7859375 0.4125 0.1078125 0.2890625
5 0.8828125 0.415625 0.1140625 0.3015625
54 0.53828125 0.70625 0.60625 0.1375