25 0.271875 0.403125 0.1546875 0.32109375
30 0.40390625 0.40546875 0.12109375 0.30546875
2 0.58984375 0.41015625 0.1078125 0.32109375
6 0.69453125 0.40703125 0.11328125 0.30546875
3 0.784375 0.4078125 0.10234375 0.28671875
5 0.88125 0.40859375 0.109375 0.3
54 0.5421875 0.70546875 0.60390625 0.126562525 0.271875 0.403125 0.1546875 0.32109375
30 0.40390625 0.40546875 0.12109375 0.30546875
2 0.58984375 0.41015625 0.1078125 0.32109375
6 0.69453125 0.40703125 0.11328125 0.30546875
3 0.784375 0.4078125 0.10234375 0.28671875
5 0.88125 0.40859375 0.109375 0.3
54 0.5421875 0.70546875 0.60390625 0.126562525 0.271875 0.403125 0.1546875 0.32109375
30 0.40390625 0.40546875 0.12109375 0.30546875
2 0.58984375 0.41015625 0.1078125 0.32109375
6 0.69453125 0.40703125 0.11328125 0.30546875
3 0.784375 0.4078125 0.10234375 0.28671875
5 0.88125 0.40859375 0.109375 0.3
54 0.5421875 0.70546875 0.60390625 0.1265625