25 0.2671875 0.41484375 0.171875 0.328125
30 0.39921875 0.4109375 0.1375 0.3109375
2 0.58515625 0.40546875 0.125 0.3265625
6 0.6890625 0.396875 0.1296875 0.3109375
3 0.77890625 0.39296875 0.1171875 0.2921875
5 0.87578125 0.3890625 0.125 0.3046875
54 0.553125 0.703125 0.609375 0.157812525 0.2671875 0.41484375 0.171875 0.328125
30 0.39921875 0.4109375 0.1375 0.3109375
2 0.58515625 0.40546875 0.125 0.3265625
6 0.6890625 0.396875 0.1296875 0.3109375
3 0.77890625 0.39296875 0.1171875 0.2921875
5 0.87578125 0.3890625 0.125 0.3046875
54 0.553125 0.703125 0.609375 0.157812525 0.2671875 0.41484375 0.171875 0.328125
30 0.39921875 0.4109375 0.1375 0.3109375
2 0.58515625 0.40546875 0.125 0.3265625
6 0.6890625 0.396875 0.1296875 0.3109375
3 0.77890625 0.39296875 0.1171875 0.2921875
5 0.87578125 0.3890625 0.125 0.3046875
54 0.553125 0.703125 0.609375 0.1578125