46 0.27578125 0.3671875 0.259375 0.3328125
2 0.4890625 0.3703125 0.2125 0.33125
6 0.6296875 0.3859375 0.1921875 0.325
7 0.75703125 0.38046875 0.184375 0.3109375
5 0.88046875 0.403125 0.1875 0.309375
54 0.43984375 0.6453125 0.784375 0.212546 0.27578125 0.3671875 0.259375 0.3328125
2 0.4890625 0.3703125 0.2125 0.33125
6 0.6296875 0.3859375 0.1921875 0.325
7 0.75703125 0.38046875 0.184375 0.3109375
5 0.88046875 0.403125 0.1875 0.309375
54 0.43984375 0.6453125 0.784375 0.212546 0.27578125 0.3671875 0.259375 0.3328125
2 0.4890625 0.3703125 0.2125 0.33125
6 0.6296875 0.3859375 0.1921875 0.325
7 0.75703125 0.38046875 0.184375 0.3109375
5 0.88046875 0.403125 0.1875 0.309375
54 0.43984375 0.6453125 0.784375 0.2125