46 0.1140625 0.3515625 0.228125 0.33125
15 0.2734375 0.390625 0.2546875 0.3453125
2 0.46484375 0.42109375 0.2296875 0.3453125
6 0.60546875 0.434375 0.203125 0.31875
7 0.696875 0.43828125 0.16875 0.3046875
7 0.84609375 0.47578125 0.240625 0.3265625
54 0.53125 0.70234375 0.7453125 0.251562546 0.1140625 0.3515625 0.228125 0.33125
15 0.2734375 0.390625 0.2546875 0.3453125
2 0.46484375 0.42109375 0.2296875 0.3453125
6 0.60546875 0.434375 0.203125 0.31875
7 0.696875 0.43828125 0.16875 0.3046875
7 0.84609375 0.47578125 0.240625 0.3265625
54 0.53125 0.70234375 0.7453125 0.251562546 0.1140625 0.3515625 0.228125 0.33125
15 0.2734375 0.390625 0.2546875 0.3453125
2 0.46484375 0.42109375 0.2296875 0.3453125
6 0.60546875 0.434375 0.203125 0.31875
7 0.696875 0.43828125 0.16875 0.3046875
7 0.84609375 0.47578125 0.240625 0.3265625
54 0.53125 0.70234375 0.7453125 0.2515625