46 0.26328125 0.390625 0.2484375 0.325
2 0.475 0.371875 0.203125 0.325
6 0.61640625 0.3734375 0.18125 0.3203125
7 0.74296875 0.35390625 0.1734375 0.30625
5 0.86796875 0.36328125 0.1765625 0.3046875
54 0.45546875 0.65078125 0.78125 0.185937546 0.26328125 0.390625 0.2484375 0.325
2 0.475 0.371875 0.203125 0.325
6 0.61640625 0.3734375 0.18125 0.3203125
7 0.74296875 0.35390625 0.1734375 0.30625
5 0.86796875 0.36328125 0.1765625 0.3046875
54 0.45546875 0.65078125 0.78125 0.185937546 0.26328125 0.390625 0.2484375 0.325
2 0.475 0.371875 0.203125 0.325
6 0.61640625 0.3734375 0.18125 0.3203125
7 0.74296875 0.35390625 0.1734375 0.30625
5 0.86796875 0.36328125 0.1765625 0.3046875
54 0.45546875 0.65078125 0.78125 0.1859375