46 0.1046875 0.47109375 0.209375 0.3390625
15 0.2515625 0.46171875 0.2703125 0.3546875
2 0.44296875 0.434375 0.2453125 0.353125
6 0.58203125 0.40625 0.2171875 0.325
7 0.6703125 0.38359375 0.1828125 0.309375
7 0.82421875 0.37578125 0.2546875 0.334375
54 0.5890625 0.684375 0.7484375 0.287546 0.1046875 0.47109375 0.209375 0.3390625
15 0.2515625 0.46171875 0.2703125 0.3546875
2 0.44296875 0.434375 0.2453125 0.353125
6 0.58203125 0.40625 0.2171875 0.325
7 0.6703125 0.38359375 0.1828125 0.309375
7 0.82421875 0.37578125 0.2546875 0.334375
54 0.5890625 0.684375 0.7484375 0.287546 0.1046875 0.47109375 0.209375 0.3390625
15 0.2515625 0.46171875 0.2703125 0.3546875
2 0.44296875 0.434375 0.2453125 0.353125
6 0.58203125 0.40625 0.2171875 0.325
7 0.6703125 0.38359375 0.1828125 0.309375
7 0.82421875 0.37578125 0.2546875 0.334375
54 0.5890625 0.684375 0.7484375 0.2875