46 0.2671875 0.3828125 0.2375 0.315625
2 0.4796875 0.37109375 0.190625 0.31875
6 0.62109375 0.37734375 0.1703125 0.3140625
7 0.74765625 0.3625 0.1625 0.3
5 0.87265625 0.3765625 0.165625 0.2984375
54 0.45 0.64921875 0.775 0.15937546 0.2671875 0.3828125 0.2375 0.315625
2 0.4796875 0.37109375 0.190625 0.31875
6 0.62109375 0.37734375 0.1703125 0.3140625
7 0.74765625 0.3625 0.1625 0.3
5 0.87265625 0.3765625 0.165625 0.2984375
54 0.45 0.64921875 0.775 0.15937546 0.2671875 0.3828125 0.2375 0.315625
2 0.4796875 0.37109375 0.190625 0.31875
6 0.62109375 0.37734375 0.1703125 0.3140625
7 0.74765625 0.3625 0.1625 0.3
5 0.87265625 0.3765625 0.165625 0.2984375
54 0.45 0.64921875 0.775 0.159375