46 0.09765625 0.4 0.1953125 0.309375
15 0.26171875 0.41875 0.2171875 0.32109375
2 0.45546875 0.42578125 0.19140625 0.32421875
6 0.596875 0.421875 0.16796875 0.30078125
7 0.68828125 0.41484375 0.13515625 0.28984375
7 0.840625 0.43359375 0.2046875 0.30390625
54 0.55546875 0.696875 0.73046875 0.1632812546 0.09765625 0.4 0.1953125 0.309375
15 0.26171875 0.41875 0.2171875 0.32109375
2 0.45546875 0.42578125 0.19140625 0.32421875
6 0.596875 0.421875 0.16796875 0.30078125
7 0.68828125 0.41484375 0.13515625 0.28984375
7 0.840625 0.43359375 0.2046875 0.30390625
54 0.55546875 0.696875 0.73046875 0.1632812546 0.09765625 0.4 0.1953125 0.309375
15 0.26171875 0.41875 0.2171875 0.32109375
2 0.45546875 0.42578125 0.19140625 0.32421875
6 0.596875 0.421875 0.16796875 0.30078125
7 0.68828125 0.41484375 0.13515625 0.28984375
7 0.840625 0.43359375 0.2046875 0.30390625
54 0.55546875 0.696875 0.73046875 0.16328125