46 0.2671875 0.3828125 0.23828125 0.31640625
2 0.4796875 0.37109375 0.19140625 0.31796875
6 0.62109375 0.37734375 0.1703125 0.3140625
7 0.74765625 0.3625 0.16328125 0.30078125
5 0.87265625 0.3765625 0.16640625 0.2984375
54 0.45 0.64921875 0.77578125 0.15937546 0.2671875 0.3828125 0.23828125 0.31640625
2 0.4796875 0.37109375 0.19140625 0.31796875
6 0.62109375 0.37734375 0.1703125 0.3140625
7 0.74765625 0.3625 0.16328125 0.30078125
5 0.87265625 0.3765625 0.16640625 0.2984375
54 0.45 0.64921875 0.77578125 0.15937546 0.2671875 0.3828125 0.23828125 0.31640625
2 0.4796875 0.37109375 0.19140625 0.31796875
6 0.62109375 0.37734375 0.1703125 0.3140625
7 0.74765625 0.3625 0.16328125 0.30078125
5 0.87265625 0.3765625 0.16640625 0.2984375
54 0.45 0.64921875 0.77578125 0.159375