46 0.11875 0.33828125 0.2375 0.3359375
15 0.27734375 0.3828125 0.2640625 0.3515625
2 0.46796875 0.41953125 0.2390625 0.35
6 0.6078125 0.43828125 0.2125 0.3234375
7 0.69921875 0.4453125 0.178125 0.3078125
7 0.846875 0.4875 0.25 0.3328125
54 0.52421875 0.703125 0.746875 0.27546 0.11875 0.33828125 0.2375 0.3359375
15 0.27734375 0.3828125 0.2640625 0.3515625
2 0.46796875 0.41953125 0.2390625 0.35
6 0.6078125 0.43828125 0.2125 0.3234375
7 0.69921875 0.4453125 0.178125 0.3078125
7 0.846875 0.4875 0.25 0.3328125
54 0.52421875 0.703125 0.746875 0.27546 0.11875 0.33828125 0.2375 0.3359375
15 0.27734375 0.3828125 0.2640625 0.3515625
2 0.46796875 0.41953125 0.2390625 0.35
6 0.6078125 0.43828125 0.2125 0.3234375
7 0.69921875 0.4453125 0.178125 0.3078125
7 0.846875 0.4875 0.25 0.3328125
54 0.52421875 0.703125 0.746875 0.275