17 0.19921875 0.4125 0.190625 0.478125
43 0.353125 0.4125 0.1796875 0.45625
2 0.5671875 0.3984375 0.1453125 0.446875
6 0.69609375 0.38046875 0.140625 0.434375
8 0.80703125 0.37890625 0.1453125 0.4390625
54 0.5 0.80859375 0.6484375 0.217 0.19921875 0.4125 0.190625 0.478125
43 0.353125 0.4125 0.1796875 0.45625
2 0.5671875 0.3984375 0.1453125 0.446875
6 0.69609375 0.38046875 0.140625 0.434375
8 0.80703125 0.37890625 0.1453125 0.4390625
54 0.5 0.80859375 0.6484375 0.217 0.19921875 0.4125 0.190625 0.478125
43 0.353125 0.4125 0.1796875 0.45625
2 0.5671875 0.3984375 0.1453125 0.446875
6 0.69609375 0.38046875 0.140625 0.434375
8 0.80703125 0.37890625 0.1453125 0.4390625
54 0.5 0.80859375 0.6484375 0.2