17 0.21875 0.36171875 0.221875 0.4875
43 0.3703125 0.38828125 0.209375 0.465625
2 0.584375 0.41171875 0.175 0.453125
6 0.7140625 0.41640625 0.16875 0.440625
8 0.8234375 0.434375 0.175 0.4453125
54 0.44609375 0.80390625 0.65625 0.2437517 0.21875 0.36171875 0.221875 0.4875
43 0.3703125 0.38828125 0.209375 0.465625
2 0.584375 0.41171875 0.175 0.453125
6 0.7140625 0.41640625 0.16875 0.440625
8 0.8234375 0.434375 0.175 0.4453125
54 0.44609375 0.80390625 0.65625 0.2437517 0.21875 0.36171875 0.221875 0.4875
43 0.3703125 0.38828125 0.209375 0.465625
2 0.584375 0.41171875 0.175 0.453125
6 0.7140625 0.41640625 0.16875 0.440625
8 0.8234375 0.434375 0.175 0.4453125
54 0.44609375 0.80390625 0.65625 0.24375