17 0.209375 0.38125 0.190625 0.478125
43 0.36328125 0.39765625 0.1796875 0.45625
2 0.57734375 0.40625 0.1453125 0.446875
6 0.7078125 0.4015625 0.140625 0.434375
8 0.81796875 0.41171875 0.1453125 0.4390625
54 0.4671875 0.80625 0.6484375 0.217 0.209375 0.38125 0.190625 0.478125
43 0.36328125 0.39765625 0.1796875 0.45625
2 0.57734375 0.40625 0.1453125 0.446875
6 0.7078125 0.4015625 0.140625 0.434375
8 0.81796875 0.41171875 0.1453125 0.4390625
54 0.4671875 0.80625 0.6484375 0.217 0.209375 0.38125 0.190625 0.478125
43 0.36328125 0.39765625 0.1796875 0.45625
2 0.57734375 0.40625 0.1453125 0.446875
6 0.7078125 0.4015625 0.140625 0.434375
8 0.81796875 0.41171875 0.1453125 0.4390625
54 0.4671875 0.80625 0.6484375 0.2