17 0.190625 0.45 0.2453125 0.4921875
43 0.34375 0.43046875 0.23125 0.46875
2 0.5546875 0.39140625 0.196875 0.45625
6 0.68046875 0.35703125 0.190625 0.4421875
8 0.790625 0.3421875 0.196875 0.4484375
54 0.5375 0.80625 0.659375 0.27517 0.190625 0.45 0.2453125 0.4921875
43 0.34375 0.43046875 0.23125 0.46875
2 0.5546875 0.39140625 0.196875 0.45625
6 0.68046875 0.35703125 0.190625 0.4421875
8 0.790625 0.3421875 0.196875 0.4484375
54 0.5375 0.80625 0.659375 0.27517 0.190625 0.45 0.2453125 0.4921875
43 0.34375 0.43046875 0.23125 0.46875
2 0.5546875 0.39140625 0.196875 0.45625
6 0.68046875 0.35703125 0.190625 0.4421875
8 0.790625 0.3421875 0.196875 0.4484375
54 0.5375 0.80625 0.659375 0.275