50 0.103125 0.44375 0.20625 0.328125
28 0.2640625 0.44296875 0.196875 0.33125
2 0.44921875 0.43359375 0.1984375 0.346875
7 0.55234375 0.41328125 0.1359375 0.340625
1 0.696875 0.4234375 0.1765625 0.35
8 0.8328125 0.40546875 0.2 0.36875
54 0.540625 0.728125 0.6890625 0.212550 0.103125 0.44375 0.20625 0.328125
28 0.2640625 0.44296875 0.196875 0.33125
2 0.44921875 0.43359375 0.1984375 0.346875
7 0.55234375 0.41328125 0.1359375 0.340625
1 0.696875 0.4234375 0.1765625 0.35
8 0.8328125 0.40546875 0.2 0.36875
54 0.540625 0.728125 0.6890625 0.212550 0.103125 0.44375 0.20625 0.328125
28 0.2640625 0.44296875 0.196875 0.33125
2 0.44921875 0.43359375 0.1984375 0.346875
7 0.55234375 0.41328125 0.1359375 0.340625
1 0.696875 0.4234375 0.1765625 0.35
8 0.8328125 0.40546875 0.2 0.36875
54 0.540625 0.728125 0.6890625 0.2125