50 0.10546875 0.4171875 0.1890625 0.31640625
28 0.26875 0.4265625 0.17578125 0.31953125
2 0.45390625 0.43046875 0.175 0.33515625
7 0.55859375 0.4171875 0.11328125 0.33359375
1 0.7015625 0.4375 0.153125 0.340625
8 0.83828125 0.42890625 0.17578125 0.3578125
54 0.52421875 0.73046875 0.67890625 0.1648437550 0.10546875 0.4171875 0.1890625 0.31640625
28 0.26875 0.4265625 0.17578125 0.31953125
2 0.45390625 0.43046875 0.175 0.33515625
7 0.55859375 0.4171875 0.11328125 0.33359375
1 0.7015625 0.4375 0.153125 0.340625
8 0.83828125 0.42890625 0.17578125 0.3578125
54 0.52421875 0.73046875 0.67890625 0.1648437550 0.10546875 0.4171875 0.1890625 0.31640625
28 0.26875 0.4265625 0.17578125 0.31953125
2 0.45390625 0.43046875 0.175 0.33515625
7 0.55859375 0.4171875 0.11328125 0.33359375
1 0.7015625 0.4375 0.153125 0.340625
8 0.83828125 0.42890625 0.17578125 0.3578125
54 0.52421875 0.73046875 0.67890625 0.16484375