50 0.1015625 0.43828125 0.203125 0.3265625
28 0.26484375 0.4390625 0.1921875 0.328125
2 0.45 0.4328125 0.1921875 0.34375
7 0.55390625 0.4140625 0.13125 0.3390625
1 0.69765625 0.42734375 0.1703125 0.3484375
8 0.834375 0.4109375 0.19375 0.3671875
54 0.5359375 0.72890625 0.6859375 0.250 0.1015625 0.43828125 0.203125 0.3265625
28 0.26484375 0.4390625 0.1921875 0.328125
2 0.45 0.4328125 0.1921875 0.34375
7 0.55390625 0.4140625 0.13125 0.3390625
1 0.69765625 0.42734375 0.1703125 0.3484375
8 0.834375 0.4109375 0.19375 0.3671875
54 0.5359375 0.72890625 0.6859375 0.250 0.1015625 0.43828125 0.203125 0.3265625
28 0.26484375 0.4390625 0.1921875 0.328125
2 0.45 0.4328125 0.1921875 0.34375
7 0.55390625 0.4140625 0.13125 0.3390625
1 0.69765625 0.42734375 0.1703125 0.3484375
8 0.834375 0.4109375 0.19375 0.3671875
54 0.5359375 0.72890625 0.6859375 0.2