14 0.21015625 0.33046875 0.1703125 0.38125
32 0.35859375 0.34140625 0.18125 0.3953125
2 0.61875 0.35546875 0.15625 0.3953125
7 0.7265625 0.35703125 0.1453125 0.40625
2 0.8515625 0.3734375 0.146875 0.4
63 0.50078125 0.76328125 0.3359375 0.29062514 0.21015625 0.33046875 0.1703125 0.38125
32 0.35859375 0.34140625 0.18125 0.3953125
2 0.61875 0.35546875 0.15625 0.3953125
7 0.7265625 0.35703125 0.1453125 0.40625
2 0.8515625 0.3734375 0.146875 0.4
63 0.50078125 0.76328125 0.3359375 0.29062514 0.21015625 0.33046875 0.1703125 0.38125
32 0.35859375 0.34140625 0.18125 0.3953125
2 0.61875 0.35546875 0.15625 0.3953125
7 0.7265625 0.35703125 0.1453125 0.40625
2 0.8515625 0.3734375 0.146875 0.4
63 0.50078125 0.76328125 0.3359375 0.290625