14 0.2015625 0.3453125 0.1515625 0.375
32 0.35 0.34921875 0.1609375 0.3875
2 0.6109375 0.34921875 0.1359375 0.3890625
7 0.71953125 0.3453125 0.125 0.4015625
2 0.84453125 0.35546875 0.1265625 0.39375
63 0.5140625 0.7625 0.321875 0.27514 0.2015625 0.3453125 0.1515625 0.375
32 0.35 0.34921875 0.1609375 0.3875
2 0.6109375 0.34921875 0.1359375 0.3890625
7 0.71953125 0.3453125 0.125 0.4015625
2 0.84453125 0.35546875 0.1265625 0.39375
63 0.5140625 0.7625 0.321875 0.27514 0.2015625 0.3453125 0.1515625 0.375
32 0.35 0.34921875 0.1609375 0.3875
2 0.6109375 0.34921875 0.1359375 0.3890625
7 0.71953125 0.3453125 0.125 0.4015625
2 0.84453125 0.35546875 0.1265625 0.39375
63 0.5140625 0.7625 0.321875 0.275