14 0.1796875 0.4 0.2015625 0.390625
32 0.3265625 0.37734375 0.2125 0.4046875
2 0.58359375 0.3328125 0.1875 0.403125
7 0.6890625 0.309375 0.1796875 0.4125
2 0.8140625 0.29765625 0.1796875 0.40625
63 0.559375 0.75625 0.35625 0.31562514 0.1796875 0.4 0.2015625 0.390625
32 0.3265625 0.37734375 0.2125 0.4046875
2 0.58359375 0.3328125 0.1875 0.403125
7 0.6890625 0.309375 0.1796875 0.4125
2 0.8140625 0.29765625 0.1796875 0.40625
63 0.559375 0.75625 0.35625 0.31562514 0.1796875 0.4 0.2015625 0.390625
32 0.3265625 0.37734375 0.2125 0.4046875
2 0.58359375 0.3328125 0.1875 0.403125
7 0.6890625 0.309375 0.1796875 0.4125
2 0.8140625 0.29765625 0.1796875 0.40625
63 0.559375 0.75625 0.35625 0.315625