35 0.2046875 0.371875 0.15625 0.36328125
47 0.33671875 0.3859375 0.125 0.36484375
2 0.52890625 0.38828125 0.13515625 0.36484375
7 0.640625 0.3859375 0.1078125 0.37890625
3 0.734375 0.39375 0.1109375 0.3609375
4 0.86328125 0.390625 0.12109375 0.39765625
63 0.47890625 0.7296875 0.26171875 0.2148437535 0.2046875 0.371875 0.15625 0.36328125
47 0.33671875 0.3859375 0.125 0.36484375
2 0.52890625 0.38828125 0.13515625 0.36484375
7 0.640625 0.3859375 0.1078125 0.37890625
3 0.734375 0.39375 0.1109375 0.3609375
4 0.86328125 0.390625 0.12109375 0.39765625
63 0.47890625 0.7296875 0.26171875 0.2148437535 0.2046875 0.371875 0.15625 0.36328125
47 0.33671875 0.3859375 0.125 0.36484375
2 0.52890625 0.38828125 0.13515625 0.36484375
7 0.640625 0.3859375 0.1078125 0.37890625
3 0.734375 0.39375 0.1109375 0.3609375
4 0.86328125 0.390625 0.12109375 0.39765625
63 0.47890625 0.7296875 0.26171875 0.21484375