35 0.22578125 0.33203125 0.2046875 0.38125
47 0.35390625 0.3640625 0.175 0.378125
2 0.54453125 0.39375 0.184375 0.3796875
7 0.65546875 0.40625 0.159375 0.390625
3 0.746875 0.42734375 0.159375 0.3734375
4 0.875 0.4421875 0.175 0.4109375
63 0.446875 0.72421875 0.2890625 0.248437535 0.22578125 0.33203125 0.2046875 0.38125
47 0.35390625 0.3640625 0.175 0.378125
2 0.54453125 0.39375 0.184375 0.3796875
7 0.65546875 0.40625 0.159375 0.390625
3 0.746875 0.42734375 0.159375 0.3734375
4 0.875 0.4421875 0.175 0.4109375
63 0.446875 0.72421875 0.2890625 0.248437535 0.22578125 0.33203125 0.2046875 0.38125
47 0.35390625 0.3640625 0.175 0.378125
2 0.54453125 0.39375 0.184375 0.3796875
7 0.65546875 0.40625 0.159375 0.390625
3 0.746875 0.42734375 0.159375 0.3734375
4 0.875 0.4421875 0.175 0.4109375
63 0.446875 0.72421875 0.2890625 0.2484375