35 0.1984375 0.3875 0.175 0.3703125
47 0.33125 0.39453125 0.14375 0.3703125
2 0.52265625 0.38671875 0.1546875 0.371875
7 0.634375 0.37890625 0.128125 0.384375
3 0.728125 0.38125 0.1296875 0.365625
4 0.85703125 0.371875 0.1421875 0.403125
63 0.490625 0.73046875 0.271875 0.22812535 0.1984375 0.3875 0.175 0.3703125
47 0.33125 0.39453125 0.14375 0.3703125
2 0.52265625 0.38671875 0.1546875 0.371875
7 0.634375 0.37890625 0.128125 0.384375
3 0.728125 0.38125 0.1296875 0.365625
4 0.85703125 0.371875 0.1421875 0.403125
63 0.490625 0.73046875 0.271875 0.22812535 0.1984375 0.3875 0.175 0.3703125
47 0.33125 0.39453125 0.14375 0.3703125
2 0.52265625 0.38671875 0.1546875 0.371875
7 0.634375 0.37890625 0.128125 0.384375
3 0.728125 0.38125 0.1296875 0.365625
4 0.85703125 0.371875 0.1421875 0.403125
63 0.490625 0.73046875 0.271875 0.228125