11 0.24609375 0.3171875 0.2203125 0.4328125
2 0.46484375 0.3484375 0.1703125 0.428125
7 0.56953125 0.35 0.1546875 0.409375
3 0.68046875 0.35390625 0.165625 0.4265625
3 0.80234375 0.38125 0.1765625 0.45
88 0.521875 0.690625 0.409375 0.267187511 0.24609375 0.3171875 0.2203125 0.4328125
2 0.46484375 0.3484375 0.1703125 0.428125
7 0.56953125 0.35 0.1546875 0.409375
3 0.68046875 0.35390625 0.165625 0.4265625
3 0.80234375 0.38125 0.1765625 0.45
88 0.521875 0.690625 0.409375 0.267187511 0.24609375 0.3171875 0.2203125 0.4328125
2 0.46484375 0.3484375 0.1703125 0.428125
7 0.56953125 0.35 0.1546875 0.409375
3 0.68046875 0.35390625 0.165625 0.4265625
3 0.80234375 0.38125 0.1765625 0.45
88 0.521875 0.690625 0.409375 0.2671875