11 0.23359375 0.33515625 0.19140625 0.4203125
2 0.4546875 0.3515625 0.1421875 0.41875
7 0.55859375 0.3453125 0.1265625 0.40078125
3 0.66953125 0.34140625 0.1375 0.41875
3 0.79296875 0.36015625 0.14609375 0.44140625
88 0.53515625 0.68828125 0.39375 0.2398437511 0.23359375 0.33515625 0.19140625 0.4203125
2 0.4546875 0.3515625 0.1421875 0.41875
7 0.55859375 0.3453125 0.1265625 0.40078125
3 0.66953125 0.34140625 0.1375 0.41875
3 0.79296875 0.36015625 0.14609375 0.44140625
88 0.53515625 0.68828125 0.39375 0.2398437511 0.23359375 0.33515625 0.19140625 0.4203125
2 0.4546875 0.3515625 0.1421875 0.41875
7 0.55859375 0.3453125 0.1265625 0.40078125
3 0.66953125 0.34140625 0.1375 0.41875
3 0.79296875 0.36015625 0.14609375 0.44140625
88 0.53515625 0.68828125 0.39375 0.23984375