11 0.23984375 0.32578125 0.20625 0.4265625
2 0.46015625 0.35 0.15625 0.4234375
7 0.5640625 0.34765625 0.140625 0.4046875
3 0.675 0.34765625 0.1515625 0.4234375
3 0.79765625 0.3703125 0.1609375 0.446875
88 0.52890625 0.6890625 0.4015625 0.25312511 0.23984375 0.32578125 0.20625 0.4265625
2 0.46015625 0.35 0.15625 0.4234375
7 0.5640625 0.34765625 0.140625 0.4046875
3 0.675 0.34765625 0.1515625 0.4234375
3 0.79765625 0.3703125 0.1609375 0.446875
88 0.52890625 0.6890625 0.4015625 0.25312511 0.23984375 0.32578125 0.20625 0.4265625
2 0.46015625 0.35 0.15625 0.4234375
7 0.5640625 0.34765625 0.140625 0.4046875
3 0.675 0.34765625 0.1515625 0.4234375
3 0.79765625 0.3703125 0.1609375 0.446875
88 0.52890625 0.6890625 0.4015625 0.253125