29 0.14453125 0.39453125 0.16328125 0.45859375
42 0.3046875 0.39296875 0.171875 0.44765625
2 0.49296875 0.38671875 0.13046875 0.43046875
7 0.63984375 0.39296875 0.1265625 0.4390625
4 0.7578125 0.3875 0.1125 0.434375
4 0.88828125 0.3875 0.14609375 0.440625
54 0.5140625 0.79609375 0.6734375 0.1460937529 0.14453125 0.39453125 0.16328125 0.45859375
42 0.3046875 0.39296875 0.171875 0.44765625
2 0.49296875 0.38671875 0.13046875 0.43046875
7 0.63984375 0.39296875 0.1265625 0.4390625
4 0.7578125 0.3875 0.1125 0.434375
4 0.88828125 0.3875 0.14609375 0.440625
54 0.5140625 0.79609375 0.6734375 0.1460937529 0.14453125 0.39453125 0.16328125 0.45859375
42 0.3046875 0.39296875 0.171875 0.44765625
2 0.49296875 0.38671875 0.13046875 0.43046875
7 0.63984375 0.39296875 0.1265625 0.4390625
4 0.7578125 0.3875 0.1125 0.434375
4 0.88828125 0.3875 0.14609375 0.440625
54 0.5140625 0.79609375 0.6734375 0.14609375