29 0.13359375 0.4453125 0.225 0.4765625
42 0.29140625 0.42109375 0.2328125 0.4671875
2 0.47734375 0.3890625 0.1890625 0.44375
7 0.6234375 0.37421875 0.1859375 0.453125
4 0.73984375 0.35234375 0.171875 0.4453125
4 0.86875 0.334375 0.20625 0.45625
54 0.55546875 0.79140625 0.6875 0.239062529 0.13359375 0.4453125 0.225 0.4765625
42 0.29140625 0.42109375 0.2328125 0.4671875
2 0.47734375 0.3890625 0.1890625 0.44375
7 0.6234375 0.37421875 0.1859375 0.453125
4 0.73984375 0.35234375 0.171875 0.4453125
4 0.86875 0.334375 0.20625 0.45625
54 0.55546875 0.79140625 0.6875 0.239062529 0.13359375 0.4453125 0.225 0.4765625
42 0.29140625 0.42109375 0.2328125 0.4671875
2 0.47734375 0.3890625 0.1890625 0.44375
7 0.6234375 0.37421875 0.1859375 0.453125
4 0.73984375 0.35234375 0.171875 0.4453125
4 0.86875 0.334375 0.20625 0.45625
54 0.55546875 0.79140625 0.6875 0.2390625