29 0.14296875 0.40078125 0.171875 0.4609375
42 0.303125 0.39609375 0.1796875 0.45
2 0.490625 0.38671875 0.1375 0.4328125
7 0.63828125 0.390625 0.134375 0.440625
4 0.75546875 0.3828125 0.1203125 0.4359375
4 0.8859375 0.38046875 0.153125 0.44375
54 0.51953125 0.79609375 0.6765625 0.157812529 0.14296875 0.40078125 0.171875 0.4609375
42 0.303125 0.39609375 0.1796875 0.45
2 0.490625 0.38671875 0.1375 0.4328125
7 0.63828125 0.390625 0.134375 0.440625
4 0.75546875 0.3828125 0.1203125 0.4359375
4 0.8859375 0.38046875 0.153125 0.44375
54 0.51953125 0.79609375 0.6765625 0.157812529 0.14296875 0.40078125 0.171875 0.4609375
42 0.303125 0.39609375 0.1796875 0.45
2 0.490625 0.38671875 0.1375 0.4328125
7 0.63828125 0.390625 0.134375 0.440625
4 0.75546875 0.3828125 0.1203125 0.4359375
4 0.8859375 0.38046875 0.153125 0.44375
54 0.51953125 0.79609375 0.6765625 0.1578125