29 0.153125 0.3703125 0.1953125 0.46875
42 0.3125 0.3796875 0.203125 0.4578125
2 0.50078125 0.38671875 0.1609375 0.4390625
7 0.646875 0.403125 0.15625 0.446875
4 0.76484375 0.40546875 0.1421875 0.440625
4 0.8953125 0.41484375 0.1765625 0.45
54 0.49375 0.79609375 0.68125 0.192187529 0.153125 0.3703125 0.1953125 0.46875
42 0.3125 0.3796875 0.203125 0.4578125
2 0.50078125 0.38671875 0.1609375 0.4390625
7 0.646875 0.403125 0.15625 0.446875
4 0.76484375 0.40546875 0.1421875 0.440625
4 0.8953125 0.41484375 0.1765625 0.45
54 0.49375 0.79609375 0.68125 0.192187529 0.153125 0.3703125 0.1953125 0.46875
42 0.3125 0.3796875 0.203125 0.4578125
2 0.50078125 0.38671875 0.1609375 0.4390625
7 0.646875 0.403125 0.15625 0.446875
4 0.76484375 0.40546875 0.1421875 0.440625
4 0.8953125 0.41484375 0.1765625 0.45
54 0.49375 0.79609375 0.68125 0.1921875