29 0.14609375 0.38828125 0.171875 0.4609375
42 0.30625 0.38984375 0.1796875 0.45
2 0.4953125 0.38671875 0.1375 0.4328125
7 0.64140625 0.3953125 0.134375 0.440625
4 0.759375 0.3921875 0.1203125 0.4359375
4 0.88984375 0.39453125 0.153125 0.44375
54 0.50859375 0.79609375 0.6765625 0.157812529 0.14609375 0.38828125 0.171875 0.4609375
42 0.30625 0.38984375 0.1796875 0.45
2 0.4953125 0.38671875 0.1375 0.4328125
7 0.64140625 0.3953125 0.134375 0.440625
4 0.759375 0.3921875 0.1203125 0.4359375
4 0.88984375 0.39453125 0.153125 0.44375
54 0.50859375 0.79609375 0.6765625 0.157812529 0.14609375 0.38828125 0.171875 0.4609375
42 0.30625 0.38984375 0.1796875 0.45
2 0.4953125 0.38671875 0.1375 0.4328125
7 0.64140625 0.3953125 0.134375 0.440625
4 0.759375 0.3921875 0.1203125 0.4359375
4 0.88984375 0.39453125 0.153125 0.44375
54 0.50859375 0.79609375 0.6765625 0.1578125