10 0.20546875 0.38515625 0.190625 0.3734375
43 0.35625 0.37421875 0.1984375 0.3859375
2 0.64140625 0.321875 0.1625 0.3796875
7 0.74609375 0.31328125 0.19375 0.375
98 0.5265625 0.71484375 0.3046875 0.29687510 0.20546875 0.38515625 0.190625 0.3734375
43 0.35625 0.37421875 0.1984375 0.3859375
2 0.64140625 0.321875 0.1625 0.3796875
7 0.74609375 0.31328125 0.19375 0.375
98 0.5265625 0.71484375 0.3046875 0.29687510 0.20546875 0.38515625 0.190625 0.3734375
43 0.35625 0.37421875 0.1984375 0.3859375
2 0.64140625 0.321875 0.1625 0.3796875
7 0.74609375 0.31328125 0.19375 0.375
98 0.5265625 0.71484375 0.3046875 0.296875