10 0.19921875 0.40078125 0.2078125 0.378125
43 0.35 0.38203125 0.215625 0.3921875
2 0.63203125 0.31484375 0.18125 0.3828125
7 0.7359375 0.30078125 0.2109375 0.38125
98 0.5375 0.71328125 0.315625 0.30937510 0.19921875 0.40078125 0.2078125 0.378125
43 0.35 0.38203125 0.215625 0.3921875
2 0.63203125 0.31484375 0.18125 0.3828125
7 0.7359375 0.30078125 0.2109375 0.38125
98 0.5375 0.71328125 0.315625 0.30937510 0.19921875 0.40078125 0.2078125 0.378125
43 0.35 0.38203125 0.215625 0.3921875
2 0.63203125 0.31484375 0.18125 0.3828125
7 0.7359375 0.30078125 0.2109375 0.38125
98 0.5375 0.71328125 0.315625 0.309375