10 0.21875 0.3546875 0.153125 0.359375
43 0.3703125 0.36015625 0.16015625 0.37109375
2 0.659375 0.3375 0.125 0.36796875
7 0.7640625 0.33984375 0.15625 0.3609375
98 0.50390625 0.71640625 0.27734375 0.2687510 0.21875 0.3546875 0.153125 0.359375
43 0.3703125 0.36015625 0.16015625 0.37109375
2 0.659375 0.3375 0.125 0.36796875
7 0.7640625 0.33984375 0.15625 0.3609375
98 0.50390625 0.71640625 0.27734375 0.2687510 0.21875 0.3546875 0.153125 0.359375
43 0.3703125 0.36015625 0.16015625 0.37109375
2 0.659375 0.3375 0.125 0.36796875
7 0.7640625 0.33984375 0.15625 0.3609375
98 0.50390625 0.71640625 0.27734375 0.26875