10 0.2296875 0.33515625 0.178125 0.36875
43 0.38046875 0.3515625 0.1859375 0.38125
2 0.6703125 0.34921875 0.15 0.3765625
7 0.77421875 0.35859375 0.18125 0.3703125
98 0.4890625 0.71640625 0.2953125 0.287510 0.2296875 0.33515625 0.178125 0.36875
43 0.38046875 0.3515625 0.1859375 0.38125
2 0.6703125 0.34921875 0.15 0.3765625
7 0.77421875 0.35859375 0.18125 0.3703125
98 0.4890625 0.71640625 0.2953125 0.287510 0.2296875 0.33515625 0.178125 0.36875
43 0.38046875 0.3515625 0.1859375 0.38125
2 0.6703125 0.34921875 0.15 0.3765625
7 0.77421875 0.35859375 0.18125 0.3703125
98 0.4890625 0.71640625 0.2953125 0.2875