43 0.17890625 0.3828125 0.15078125 0.38515625
16 0.334375 0.38984375 0.171875 0.40234375
2 0.58671875 0.37578125 0.13359375 0.39375
8 0.709375 0.37109375 0.12890625 0.37890625
0 0.8171875 0.3609375 0.11484375 0.39453125
54 0.53515625 0.74765625 0.67578125 0.1945312543 0.17890625 0.3828125 0.15078125 0.38515625
16 0.334375 0.38984375 0.171875 0.40234375
2 0.58671875 0.37578125 0.13359375 0.39375
8 0.709375 0.37109375 0.12890625 0.37890625
0 0.8171875 0.3609375 0.11484375 0.39453125
54 0.53515625 0.74765625 0.67578125 0.1945312543 0.17890625 0.3828125 0.15078125 0.38515625
16 0.334375 0.38984375 0.171875 0.40234375
2 0.58671875 0.37578125 0.13359375 0.39375
8 0.709375 0.37109375 0.12890625 0.37890625
0 0.8171875 0.3609375 0.11484375 0.39453125
54 0.53515625 0.74765625 0.67578125 0.19453125