43 0.16328125 0.440625 0.215625 0.40625
16 0.31796875 0.4203125 0.2390625 0.4265625
2 0.5640625 0.3625 0.2 0.4109375
8 0.68359375 0.33671875 0.1921875 0.3953125
0 0.78828125 0.3078125 0.18125 0.4078125
54 0.57734375 0.7375 0.7 0.30937543 0.16328125 0.440625 0.215625 0.40625
16 0.31796875 0.4203125 0.2390625 0.4265625
2 0.5640625 0.3625 0.2 0.4109375
8 0.68359375 0.33671875 0.1921875 0.3953125
0 0.78828125 0.3078125 0.18125 0.4078125
54 0.57734375 0.7375 0.7 0.30937543 0.16328125 0.440625 0.215625 0.40625
16 0.31796875 0.4203125 0.2390625 0.4265625
2 0.5640625 0.3625 0.2 0.4109375
8 0.68359375 0.33671875 0.1921875 0.3953125
0 0.78828125 0.3078125 0.18125 0.4078125
54 0.57734375 0.7375 0.7 0.309375