43 0.1765625 0.38828125 0.1578125 0.3875
16 0.3328125 0.39296875 0.178125 0.4046875
2 0.584375 0.37421875 0.140625 0.3953125
8 0.70703125 0.3671875 0.1359375 0.38125
0 0.81484375 0.35546875 0.121875 0.396875
54 0.53984375 0.746875 0.6796875 0.2062543 0.1765625 0.38828125 0.1578125 0.3875
16 0.3328125 0.39296875 0.178125 0.4046875
2 0.584375 0.37421875 0.140625 0.3953125
8 0.70703125 0.3671875 0.1359375 0.38125
0 0.81484375 0.35546875 0.121875 0.396875
54 0.53984375 0.746875 0.6796875 0.2062543 0.1765625 0.38828125 0.1578125 0.3875
16 0.3328125 0.39296875 0.178125 0.4046875
2 0.584375 0.37421875 0.140625 0.3953125
8 0.70703125 0.3671875 0.1359375 0.38125
0 0.81484375 0.35546875 0.121875 0.396875
54 0.53984375 0.746875 0.6796875 0.20625