20 0.3171875 0.36484375 0.30625 0.35
2 0.53359375 0.4046875 0.2171875 0.3
8 0.66484375 0.4328125 0.2 0.2953125
2 0.790625 0.45234375 0.2171875 0.2890625
5 0.90703125 0.4765625 0.1859375 0.28125
54 0.44765625 0.65 0.7859375 0.27520 0.3171875 0.36484375 0.30625 0.35
2 0.53359375 0.4046875 0.2171875 0.3
8 0.66484375 0.4328125 0.2 0.2953125
2 0.790625 0.45234375 0.2171875 0.2890625
5 0.90703125 0.4765625 0.1859375 0.28125
54 0.44765625 0.65 0.7859375 0.27520 0.3171875 0.36484375 0.30625 0.35
2 0.53359375 0.4046875 0.2171875 0.3
8 0.66484375 0.4328125 0.2 0.2953125
2 0.790625 0.45234375 0.2171875 0.2890625
5 0.90703125 0.4765625 0.1859375 0.28125
54 0.44765625 0.65 0.7859375 0.275