20 0.2984375 0.39453125 0.2703125 0.3203125
2 0.51875 0.40078125 0.1859375 0.28125
8 0.65234375 0.4078125 0.16875 0.278125
2 0.7796875 0.4078125 0.1859375 0.26875
5 0.91015625 0.4109375 0.1796875 0.2625
54 0.47109375 0.65703125 0.771875 0.18437520 0.2984375 0.39453125 0.2703125 0.3203125
2 0.51875 0.40078125 0.1859375 0.28125
8 0.65234375 0.4078125 0.16875 0.278125
2 0.7796875 0.4078125 0.1859375 0.26875
5 0.91015625 0.4109375 0.1796875 0.2625
54 0.47109375 0.65703125 0.771875 0.18437520 0.2984375 0.39453125 0.2703125 0.3203125
2 0.51875 0.40078125 0.1859375 0.28125
8 0.65234375 0.4078125 0.16875 0.278125
2 0.7796875 0.4078125 0.1859375 0.26875
5 0.91015625 0.4109375 0.1796875 0.2625
54 0.47109375 0.65703125 0.771875 0.184375