44 0.146875 0.38125 0.1578125 0.45
42 0.2984375 0.38984375 0.15625 0.43359375
2 0.48125 0.40234375 0.15078125 0.4515625
8 0.609375 0.40234375 0.14765625 0.41171875
4 0.721875 0.3984375 0.121875 0.44453125
1 0.86328125 0.40390625 0.12890625 0.44140625
54 0.4953125 0.79296875 0.65234375 0.1773437544 0.146875 0.38125 0.1578125 0.45
42 0.2984375 0.38984375 0.15625 0.43359375
2 0.48125 0.40234375 0.15078125 0.4515625
8 0.609375 0.40234375 0.14765625 0.41171875
4 0.721875 0.3984375 0.121875 0.44453125
1 0.86328125 0.40390625 0.12890625 0.44140625
54 0.4953125 0.79296875 0.65234375 0.1773437544 0.146875 0.38125 0.1578125 0.45
42 0.2984375 0.38984375 0.15625 0.43359375
2 0.48125 0.40234375 0.15078125 0.4515625
8 0.609375 0.40234375 0.14765625 0.41171875
4 0.721875 0.3984375 0.121875 0.44453125
1 0.86328125 0.40390625 0.12890625 0.44140625
54 0.4953125 0.79296875 0.65234375 0.17734375