44 0.14140625 0.4 0.18125 0.4578125
42 0.29296875 0.40078125 0.178125 0.440625
2 0.47578125 0.403125 0.1734375 0.459375
8 0.60390625 0.396875 0.16875 0.41875
4 0.71640625 0.38671875 0.1453125 0.45
1 0.8578125 0.38515625 0.1515625 0.446875
54 0.5109375 0.79296875 0.6609375 0.210937544 0.14140625 0.4 0.18125 0.4578125
42 0.29296875 0.40078125 0.178125 0.440625
2 0.47578125 0.403125 0.1734375 0.459375
8 0.60390625 0.396875 0.16875 0.41875
4 0.71640625 0.38671875 0.1453125 0.45
1 0.8578125 0.38515625 0.1515625 0.446875
54 0.5109375 0.79296875 0.6609375 0.210937544 0.14140625 0.4 0.18125 0.4578125
42 0.29296875 0.40078125 0.178125 0.440625
2 0.47578125 0.403125 0.1734375 0.459375
8 0.60390625 0.396875 0.16875 0.41875
4 0.71640625 0.38671875 0.1453125 0.45
1 0.8578125 0.38515625 0.1515625 0.446875
54 0.5109375 0.79296875 0.6609375 0.2109375