44 0.1515625 0.36875 0.1734375 0.4546875
42 0.30234375 0.3828125 0.171875 0.4390625
2 0.484375 0.4015625 0.1671875 0.45625
8 0.6125 0.40625 0.1625 0.4171875
4 0.725 0.40625 0.1375 0.4484375
1 0.86640625 0.41640625 0.14375 0.4453125
54 0.48515625 0.79296875 0.6578125 0.244 0.1515625 0.36875 0.1734375 0.4546875
42 0.30234375 0.3828125 0.171875 0.4390625
2 0.484375 0.4015625 0.1671875 0.45625
8 0.6125 0.40625 0.1625 0.4171875
4 0.725 0.40625 0.1375 0.4484375
1 0.86640625 0.41640625 0.14375 0.4453125
54 0.48515625 0.79296875 0.6578125 0.244 0.1515625 0.36875 0.1734375 0.4546875
42 0.30234375 0.3828125 0.171875 0.4390625
2 0.484375 0.4015625 0.1671875 0.45625
8 0.6125 0.40625 0.1625 0.4171875
4 0.725 0.40625 0.1375 0.4484375
1 0.86640625 0.41640625 0.14375 0.4453125
54 0.48515625 0.79296875 0.6578125 0.2