44 0.16953125 0.32734375 0.2265625 0.46875
42 0.31796875 0.359375 0.221875 0.453125
2 0.496875 0.40078125 0.2203125 0.4703125
8 0.6234375 0.4203125 0.2109375 0.4296875
4 0.73515625 0.434375 0.190625 0.4578125
1 0.87421875 0.46171875 0.196875 0.45625
54 0.44921875 0.78828125 0.671875 0.276562544 0.16953125 0.32734375 0.2265625 0.46875
42 0.31796875 0.359375 0.221875 0.453125
2 0.496875 0.40078125 0.2203125 0.4703125
8 0.6234375 0.4203125 0.2109375 0.4296875
4 0.73515625 0.434375 0.190625 0.4578125
1 0.87421875 0.46171875 0.196875 0.45625
54 0.44921875 0.78828125 0.671875 0.276562544 0.16953125 0.32734375 0.2265625 0.46875
42 0.31796875 0.359375 0.221875 0.453125
2 0.496875 0.40078125 0.2203125 0.4703125
8 0.6234375 0.4203125 0.2109375 0.4296875
4 0.73515625 0.434375 0.190625 0.4578125
1 0.87421875 0.46171875 0.196875 0.45625
54 0.44921875 0.78828125 0.671875 0.2765625