46 0.140625 0.3921875 0.2234375 0.428125
10 0.2734375 0.37734375 0.1921875 0.396875
2 0.46875 0.359375 0.2 0.4203125
8 0.590625 0.3453125 0.175 0.3921875
7 0.72578125 0.33984375 0.2046875 0.4359375
4 0.8390625 0.32421875 0.21875 0.4078125
54 0.521875 0.746875 0.6921875 0.34687546 0.140625 0.3921875 0.2234375 0.428125
10 0.2734375 0.37734375 0.1921875 0.396875
2 0.46875 0.359375 0.2 0.4203125
8 0.590625 0.3453125 0.175 0.3921875
7 0.72578125 0.33984375 0.2046875 0.4359375
4 0.8390625 0.32421875 0.21875 0.4078125
54 0.521875 0.746875 0.6921875 0.34687546 0.140625 0.3921875 0.2234375 0.428125
10 0.2734375 0.37734375 0.1921875 0.396875
2 0.46875 0.359375 0.2 0.4203125
8 0.590625 0.3453125 0.175 0.3921875
7 0.72578125 0.33984375 0.2046875 0.4359375
4 0.8390625 0.32421875 0.21875 0.4078125
54 0.521875 0.746875 0.6921875 0.346875