38 0.178125 0.4 0.2296875 0.3234375
43 0.325 0.39453125 0.240625 0.3171875
2 0.56953125 0.403125 0.2109375 0.3109375
8 0.7078125 0.4078125 0.1875 0.3234375
7 0.7953125 0.39140625 0.1640625 0.3109375
54 0.57109375 0.703125 0.746875 0.238 0.178125 0.4 0.2296875 0.3234375
43 0.325 0.39453125 0.240625 0.3171875
2 0.56953125 0.403125 0.2109375 0.3109375
8 0.7078125 0.4078125 0.1875 0.3234375
7 0.7953125 0.39140625 0.1640625 0.3109375
54 0.57109375 0.703125 0.746875 0.238 0.178125 0.4 0.2296875 0.3234375
43 0.325 0.39453125 0.240625 0.3171875
2 0.56953125 0.403125 0.2109375 0.3109375
8 0.7078125 0.4078125 0.1875 0.3234375
7 0.7953125 0.39140625 0.1640625 0.3109375
54 0.57109375 0.703125 0.746875 0.2