46 0.184375 0.29765625 0.2109375 0.425
10 0.315625 0.3203125 0.1796875 0.39375
2 0.509375 0.35625 0.1875 0.4171875
8 0.62890625 0.3765625 0.1609375 0.390625
7 0.7609375 0.40859375 0.190625 0.4328125
4 0.87421875 0.425 0.2046875 0.4046875
54 0.453125 0.74296875 0.6875 0.32546 0.184375 0.29765625 0.2109375 0.425
10 0.315625 0.3203125 0.1796875 0.39375
2 0.509375 0.35625 0.1875 0.4171875
8 0.62890625 0.3765625 0.1609375 0.390625
7 0.7609375 0.40859375 0.190625 0.4328125
4 0.87421875 0.425 0.2046875 0.4046875
54 0.453125 0.74296875 0.6875 0.32546 0.184375 0.29765625 0.2109375 0.425
10 0.315625 0.3203125 0.1796875 0.39375
2 0.509375 0.35625 0.1875 0.4171875
8 0.62890625 0.3765625 0.1609375 0.390625
7 0.7609375 0.40859375 0.190625 0.4328125
4 0.87421875 0.425 0.2046875 0.4046875
54 0.453125 0.74296875 0.6875 0.325