46 0.16171875 0.3375 0.16171875 0.4078125
10 0.2953125 0.34375 0.13359375 0.38046875
2 0.49140625 0.35625 0.1390625 0.403125
8 0.61328125 0.36171875 0.11640625 0.37890625
7 0.74765625 0.37734375 0.140625 0.41875
4 0.8625 0.3796875 0.159375 0.3875
54 0.4828125 0.746875 0.66171875 0.24687546 0.16171875 0.3375 0.16171875 0.4078125
10 0.2953125 0.34375 0.13359375 0.38046875
2 0.49140625 0.35625 0.1390625 0.403125
8 0.61328125 0.36171875 0.11640625 0.37890625
7 0.74765625 0.37734375 0.140625 0.41875
4 0.8625 0.3796875 0.159375 0.3875
54 0.4828125 0.746875 0.66171875 0.24687546 0.16171875 0.3375 0.16171875 0.4078125
10 0.2953125 0.34375 0.13359375 0.38046875
2 0.49140625 0.35625 0.1390625 0.403125
8 0.61328125 0.36171875 0.11640625 0.37890625
7 0.74765625 0.37734375 0.140625 0.41875
4 0.8625 0.3796875 0.159375 0.3875
54 0.4828125 0.746875 0.66171875 0.246875