38 0.1765625 0.40546875 0.225 0.3203125
43 0.32265625 0.39765625 0.2359375 0.3140625
2 0.56796875 0.40234375 0.2046875 0.3078125
8 0.70625 0.4046875 0.18125 0.3203125
7 0.79375 0.38671875 0.1578125 0.3078125
54 0.57421875 0.70234375 0.74375 0.187538 0.1765625 0.40546875 0.225 0.3203125
43 0.32265625 0.39765625 0.2359375 0.3140625
2 0.56796875 0.40234375 0.2046875 0.3078125
8 0.70625 0.4046875 0.18125 0.3203125
7 0.79375 0.38671875 0.1578125 0.3078125
54 0.57421875 0.70234375 0.74375 0.187538 0.1765625 0.40546875 0.225 0.3203125
43 0.32265625 0.39765625 0.2359375 0.3140625
2 0.56796875 0.40234375 0.2046875 0.3078125
8 0.70625 0.4046875 0.18125 0.3203125
7 0.79375 0.38671875 0.1578125 0.3078125
54 0.57421875 0.70234375 0.74375 0.1875