38 0.175 0.4109375 0.21875 0.31640625
43 0.32109375 0.40078125 0.23046875 0.309375
2 0.56640625 0.40078125 0.2 0.30390625
8 0.7046875 0.40078125 0.17578125 0.31796875
7 0.79140625 0.38125 0.153125 0.30546875
54 0.578125 0.70078125 0.74140625 0.17538 0.175 0.4109375 0.21875 0.31640625
43 0.32109375 0.40078125 0.23046875 0.309375
2 0.56640625 0.40078125 0.2 0.30390625
8 0.7046875 0.40078125 0.17578125 0.31796875
7 0.79140625 0.38125 0.153125 0.30546875
54 0.578125 0.70078125 0.74140625 0.17538 0.175 0.4109375 0.21875 0.31640625
43 0.32109375 0.40078125 0.23046875 0.309375
2 0.56640625 0.40078125 0.2 0.30390625
8 0.7046875 0.40078125 0.17578125 0.31796875
7 0.79140625 0.38125 0.153125 0.30546875
54 0.578125 0.70078125 0.74140625 0.175