46 0.1421875 0.3859375 0.2171875 0.4265625
10 0.27578125 0.3734375 0.1859375 0.3953125
2 0.47109375 0.35859375 0.19375 0.41875
8 0.59296875 0.34765625 0.16875 0.3921875
7 0.728125 0.34375 0.196875 0.434375
4 0.8421875 0.33046875 0.2125 0.40625
54 0.5171875 0.746875 0.6890625 0.335937546 0.1421875 0.3859375 0.2171875 0.4265625
10 0.27578125 0.3734375 0.1859375 0.3953125
2 0.47109375 0.35859375 0.19375 0.41875
8 0.59296875 0.34765625 0.16875 0.3921875
7 0.728125 0.34375 0.196875 0.434375
4 0.8421875 0.33046875 0.2125 0.40625
54 0.5171875 0.746875 0.6890625 0.335937546 0.1421875 0.3859375 0.2171875 0.4265625
10 0.27578125 0.3734375 0.1859375 0.3953125
2 0.47109375 0.35859375 0.19375 0.41875
8 0.59296875 0.34765625 0.16875 0.3921875
7 0.728125 0.34375 0.196875 0.434375
4 0.8421875 0.33046875 0.2125 0.40625
54 0.5171875 0.746875 0.6890625 0.3359375