38 0.175 0.4109375 0.21875 0.315625
43 0.32109375 0.40078125 0.23125 0.309375
2 0.56640625 0.40078125 0.2 0.303125
8 0.7046875 0.40078125 0.175 0.31875
7 0.79140625 0.38125 0.153125 0.30625
54 0.578125 0.70078125 0.740625 0.17538 0.175 0.4109375 0.21875 0.315625
43 0.32109375 0.40078125 0.23125 0.309375
2 0.56640625 0.40078125 0.2 0.303125
8 0.7046875 0.40078125 0.175 0.31875
7 0.79140625 0.38125 0.153125 0.30625
54 0.578125 0.70078125 0.740625 0.17538 0.175 0.4109375 0.21875 0.315625
43 0.32109375 0.40078125 0.23125 0.309375
2 0.56640625 0.40078125 0.2 0.303125
8 0.7046875 0.40078125 0.175 0.31875
7 0.79140625 0.38125 0.153125 0.30625
54 0.578125 0.70078125 0.740625 0.175