50 0.19921875 0.3609375 0.15078125 0.40078125
41 0.33984375 0.36015625 0.14921875 0.38203125
2 0.5328125 0.3671875 0.153125 0.38515625
8 0.64453125 0.37265625 0.10234375 0.35625
8 0.7671875 0.375 0.1390625 0.375
9 0.88125 0.37109375 0.14609375 0.371875
54 0.5078125 0.76171875 0.64609375 0.187550 0.19921875 0.3609375 0.15078125 0.40078125
41 0.33984375 0.36015625 0.14921875 0.38203125
2 0.5328125 0.3671875 0.153125 0.38515625
8 0.64453125 0.37265625 0.10234375 0.35625
8 0.7671875 0.375 0.1390625 0.375
9 0.88125 0.37109375 0.14609375 0.371875
54 0.5078125 0.76171875 0.64609375 0.187550 0.19921875 0.3609375 0.15078125 0.40078125
41 0.33984375 0.36015625 0.14921875 0.38203125
2 0.5328125 0.3671875 0.153125 0.38515625
8 0.64453125 0.37265625 0.10234375 0.35625
8 0.7671875 0.375 0.1390625 0.375
9 0.88125 0.37109375 0.14609375 0.371875
54 0.5078125 0.76171875 0.64609375 0.1875