50 0.184375 0.3984375 0.1984375 0.415625
41 0.32421875 0.38046875 0.1953125 0.396875
2 0.51640625 0.3640625 0.1984375 0.4015625
8 0.628125 0.35625 0.1453125 0.365625
8 0.75 0.34375 0.184375 0.3890625
9 0.8625 0.32578125 0.190625 0.3875
54 0.53984375 0.75859375 0.6640625 0.264062550 0.184375 0.3984375 0.1984375 0.415625
41 0.32421875 0.38046875 0.1953125 0.396875
2 0.51640625 0.3640625 0.1984375 0.4015625
8 0.628125 0.35625 0.1453125 0.365625
8 0.75 0.34375 0.184375 0.3890625
9 0.8625 0.32578125 0.190625 0.3875
54 0.53984375 0.75859375 0.6640625 0.264062550 0.184375 0.3984375 0.1984375 0.415625
41 0.32421875 0.38046875 0.1953125 0.396875
2 0.51640625 0.3640625 0.1984375 0.4015625
8 0.628125 0.35625 0.1453125 0.365625
8 0.75 0.34375 0.184375 0.3890625
9 0.8625 0.32578125 0.190625 0.3875
54 0.53984375 0.75859375 0.6640625 0.2640625