50 0.209375 0.340625 0.178125 0.4109375
41 0.35 0.34921875 0.175 0.3921875
2 0.5421875 0.36953125 0.1796875 0.3953125
8 0.653125 0.3828125 0.1265625 0.3625
8 0.775 0.39375 0.165625 0.384375
9 0.8890625 0.39765625 0.171875 0.38125
54 0.48984375 0.76171875 0.6578125 0.232812550 0.209375 0.340625 0.178125 0.4109375
41 0.35 0.34921875 0.175 0.3921875
2 0.5421875 0.36953125 0.1796875 0.3953125
8 0.653125 0.3828125 0.1265625 0.3625
8 0.775 0.39375 0.165625 0.384375
9 0.8890625 0.39765625 0.171875 0.38125
54 0.48984375 0.76171875 0.6578125 0.232812550 0.209375 0.340625 0.178125 0.4109375
41 0.35 0.34921875 0.175 0.3921875
2 0.5421875 0.36953125 0.1796875 0.3953125
8 0.653125 0.3828125 0.1265625 0.3625
8 0.775 0.39375 0.165625 0.384375
9 0.8890625 0.39765625 0.171875 0.38125
54 0.48984375 0.76171875 0.6578125 0.2328125