35 0.12109375 0.45546875 0.2390625 0.4703125
36 0.275 0.4296875 0.246875 0.4890625
2 0.52109375 0.39453125 0.2640625 0.50625
8 0.6390625 0.36484375 0.2203125 0.4890625
8 0.76875 0.34375 0.20625 0.4796875
63 0.58203125 0.79921875 0.325 0.2812535 0.12109375 0.45546875 0.2390625 0.4703125
36 0.275 0.4296875 0.246875 0.4890625
2 0.52109375 0.39453125 0.2640625 0.50625
8 0.6390625 0.36484375 0.2203125 0.4890625
8 0.76875 0.34375 0.20625 0.4796875
63 0.58203125 0.79921875 0.325 0.2812535 0.12109375 0.45546875 0.2390625 0.4703125
36 0.275 0.4296875 0.246875 0.4890625
2 0.52109375 0.39453125 0.2640625 0.50625
8 0.6390625 0.36484375 0.2203125 0.4890625
8 0.76875 0.34375 0.20625 0.4796875
63 0.58203125 0.79921875 0.325 0.28125