8 0.6078125 0.46171875 0.1078125 0.44765625
7 0.11796875 0.48125 0.11484375 0.45703125
4 0.4765625 0.46640625 0.11484375 0.45703125
7 0.11796875 0.45234375 0.11484375 0.390625
7 0.11796875 0.3953125 0.11484375 0.2859375
2 0.86796875 0.44765625 0.11484375 0.42890625
2 0.253125 0.46171875 0.1078125 0.42890625
2 0.86796875 0.42890625 0.11484375 0.390625
2 0.73671875 0.44296875 0.11484375 0.42890625
2 0.253125 0.5 0.11484375 0.43828125
2 0.73671875 0.4765625 0.11484375 0.42890625
2 0.871875 0.46640625 0.11484375 0.44765625
107 0.5171875 0.846875 0.58984375 0.2265625