8 0.609375 0.4671875 0.13125 0.453125
7 0.11953125 0.4609375 0.1390625 0.4625
4 0.478125 0.46484375 0.1390625 0.4625
7 0.12109375 0.43203125 0.134375 0.396875
7 0.12421875 0.37578125 0.1296875 0.2921875
2 0.8703125 0.4671875 0.1375 0.434375
2 0.25546875 0.44921875 0.1296875 0.434375
2 0.87109375 0.4484375 0.134375 0.396875
2 0.7390625 0.45546875 0.1375 0.434375
2 0.253125 0.48671875 0.1375 0.44375
2 0.7375 0.4890625 0.1375 0.434375
2 0.8734375 0.4859375 0.1375 0.453125
107 0.49921875 0.84765625 0.6015625 0.2578125