44 0.30546875 0.27734375 0.1515625 0.496875
44 0.30859375 0.25 0.15 0.4421875
4 0.5015625 0.2953125 0.125 0.496875
4 0.63671875 0.29609375 0.125 0.4890625
44 0.31015625 0.2046875 0.146875 0.3515625
44 0.3015625 0.30546875 0.1453125 0.4421875
4 0.63828125 0.2515625 0.121875 0.4
4 0.6390625 0.23046875 0.1203125 0.3578125
19 0.13984375 0.3 0.171875 0.428125
19 0.140625 0.27890625 0.1734375 0.4765625
4 0.50234375 0.27109375 0.1234375 0.4484375
5 0.77578125 0.196875 0.1171875 0.275
54 0.48203125 0.82109375 0.7515625 0.3328125