44 0.28671875 0.2953125 0.1609375 0.5
44 0.2875 0.26796875 0.1578125 0.44375
4 0.48359375 0.29609375 0.1328125 0.4984375
4 0.61875 0.28515625 0.1328125 0.490625
44 0.28515625 0.22265625 0.153125 0.353125
44 0.28515625 0.3234375 0.153125 0.44375
4 0.61640625 0.240625 0.128125 0.4015625
4 0.61484375 0.21953125 0.1265625 0.359375
19 0.1234375 0.33203125 0.1796875 0.43125
19 0.12265625 0.3109375 0.18125 0.4796875
4 0.4828125 0.271875 0.13125 0.45
5 0.7484375 0.17421875 0.121875 0.2765625
54 0.51015625 0.821875 0.75625 0.3453125