8 0.88046875 0.4734375 0.1296875 0.4640625
8 0.74921875 0.47265625 0.1296875 0.471875
4 0.25546875 0.45546875 0.1359375 0.45625
7 0.121875 0.44296875 0.1296875 0.440625
7 0.125 0.359375 0.1234375 0.2734375
7 0.625 0.36875 0.1234375 0.2734375
7 0.61875 0.45234375 0.1296875 0.4328125
2 0.48828125 0.43984375 0.128125 0.4078125
7 0.12421875 0.39140625 0.1265625 0.3453125
2 0.48125 0.44765625 0.134375 0.425
7 0.62109375 0.396875 0.125 0.3296875
2 0.4875 0.45546875 0.1234375 0.4484375
107 0.496875 0.85859375 0.6265625 0.225