4 0.890625 0.459375 0.14375 0.4734375
7 0.47578125 0.440625 0.1296875 0.4546875
7 0.1234375 0.4328125 0.121875 0.4453125
5 0.746875 0.4546875 0.14375 0.4640625
7 0.4765625 0.409375 0.128125 0.390625
2 0.609375 0.43203125 0.1359375 0.41875
7 0.478125 0.3734375 0.125 0.31875
7 0.12578125 0.3515625 0.1171875 0.2921875
1 0.25703125 0.42421875 0.0609375 0.40625
2 0.61015625 0.4140625 0.134375 0.3828125
1 0.25703125 0.4328125 0.0609375 0.415625
2 0.61171875 0.4859375 0.140625 0.4
63 0.5078125 0.8296875 0.2875 0.246875