4 0.4828125 0.45703125 0.11796875 0.47109375
6 0.88515625 0.4515625 0.11796875 0.46171875
7 0.121875 0.4421875 0.10390625 0.4421875
2 0.61796875 0.4421875 0.11796875 0.4328125
2 0.26015625 0.4328125 0.11796875 0.41328125
7 0.125 0.3703125 0.10390625 0.28828125
2 0.61796875 0.4234375 0.11796875 0.39453125
7 0.125 0.39921875 0.10390625 0.35546875
2 0.26015625 0.4515625 0.11796875 0.4421875
1 0.753125 0.4421875 0.04140625 0.4234375
7 0.121875 0.4234375 0.10390625 0.40390625
107 0.509375 0.8625 0.60390625 0.2140625