9 0.884375 0.459375 0.115625 0.46875
3 0.253125 0.4640625 0.121875 0.46875
7 0.74375 0.4546875 0.115625 0.45078125
9 0.6125 0.459375 0.121875 0.459375
7 0.115625 0.4546875 0.115625 0.459375
9 0.48046875 0.4546875 0.115625 0.459375
7 0.74375 0.36484375 0.115625 0.27890625
7 0.115625 0.36953125 0.115625 0.28828125
7 0.74375 0.4234375 0.115625 0.39609375
7 0.115625 0.4140625 0.115625 0.378125
0 0.6125 0.459375 0.121875 0.459375
7 0.74375 0.3828125 0.115625 0.315625
107 0.50859375 0.865625 0.6140625 0.23203125