9 0.8796875 0.42578125 0.15625 0.4765625
3 0.25078125 0.4859375 0.1625 0.478125
7 0.7390625 0.43359375 0.1546875 0.459375
9 0.60859375 0.45 0.1609375 0.46875
7 0.11328125 0.48828125 0.1546875 0.4671875
9 0.4765625 0.45625 0.1546875 0.4671875
7 0.73125 0.34375 0.1390625 0.2875
7 0.10546875 0.40390625 0.140625 0.296875
7 0.7359375 0.40234375 0.15 0.4046875
7 0.109375 0.44765625 0.1484375 0.3875
0 0.60859375 0.45 0.1609375 0.46875
7 0.7328125 0.36171875 0.1421875 0.325
107 0.540625 0.86015625 0.63125 0.2796875