9 0.88515625 0.46640625 0.1234375 0.4703125
3 0.25390625 0.459375 0.1296875 0.4703125
7 0.74453125 0.45859375 0.1234375 0.453125
9 0.61328125 0.46171875 0.1296875 0.4609375
7 0.11640625 0.44765625 0.1234375 0.4609375
9 0.48125 0.4546875 0.1234375 0.4609375
7 0.74609375 0.36875 0.1203125 0.28125
7 0.11796875 0.3625 0.1203125 0.290625
7 0.7453125 0.42734375 0.121875 0.3984375
7 0.1171875 0.40703125 0.121875 0.3796875
0 0.61328125 0.46171875 0.1296875 0.4609375
7 0.74609375 0.38671875 0.121875 0.3171875
107 0.50234375 0.865625 0.61875 0.2421875