9 0.93671875 0.459375 0.1265625 0.46640625
0 0.271875 0.45234375 0.13203125 0.46640625
6 0.79453125 0.45234375 0.1265625 0.459375
4 0.51015625 0.4390625 0.13203125 0.46640625
7 0.1265625 0.44609375 0.13671875 0.48671875
2 0.65 0.42265625 0.13203125 0.3984375
7 0.13203125 0.41875 0.121875 0.4328125
2 0.646875 0.49296875 0.13203125 0.38515625
7 0.13203125 0.3578125 0.121875 0.3109375
7 0.13203125 0.378125 0.121875 0.3515625
2 0.65 0.4390625 0.13203125 0.41875
66 0.51796875 0.83515625 0.55859375 0.215625