9 0.890625 0.43671875 0.1203125 0.459375
7 0.12578125 0.471875 0.1203125 0.4671875
5 0.62265625 0.45 0.1265625 0.4671875
7 0.75546875 0.44375 0.1203125 0.4671875
7 0.125 0.39453125 0.1171875 0.3125
7 0.12578125 0.44140625 0.11875 0.4078125
7 0.75390625 0.36171875 0.1171875 0.303125
2 0.2640625 0.4390625 0.125 0.415625
2 0.2640625 0.4609375 0.1265625 0.459375
1 0.490625 0.45703125 0.0375 0.4578125
5 0.62109375 0.35078125 0.115625 0.26875
1 0.48984375 0.4265625 0.0359375 0.396875
107 0.528125 0.8609375 0.5890625 0.2265625