7 0.1171875 0.47734375 0.1203125 0.46875
7 0.74609375 0.44453125 0.1203125 0.4765625
7 0.87890625 0.44296875 0.1203125 0.4765625
9 0.47890625 0.46171875 0.1203125 0.46875
7 0.87734375 0.3625 0.1171875 0.315625
7 0.74453125 0.35234375 0.1171875 0.290625
7 0.11796875 0.38828125 0.1109375 0.290625
2 0.25234375 0.4453125 0.125 0.409375
7 0.7453125 0.403125 0.11875 0.3921875
2 0.6109375 0.43515625 0.125 0.4171875
2 0.25234375 0.4625 0.125 0.4421875
7 0.878125 0.41328125 0.11875 0.4171875
7 0.11875 0.421875 0.1171875 0.3578125
7 0.74453125 0.3734375 0.1171875 0.3328125
0 0.47890625 0.46171875 0.1203125 0.459375
2 0.6140625 0.446875 0.1265625 0.459375
107 0.51328125 0.8609375 0.6296875 0.196875