6 0.59921875 0.46875 0.1375 0.4890625
7 0.10546875 0.4625 0.1359375 0.471875
2 0.87421875 0.42109375 0.1265625 0.4046875
2 0.7375 0.43515625 0.1359375 0.434375
2 0.875 0.43984375 0.1359375 0.44375
2 0.2375 0.4390625 0.128125 0.4328125
7 0.10234375 0.37890625 0.13125 0.303125
7 0.103125 0.4015625 0.1328125 0.35
2 0.7375 0.52890625 0.1328125 0.36875
1 0.4609375 0.4359375 0.0484375 0.4125
2 0.87421875 0.50546875 0.134375 0.40625
2 0.234375 0.5375 0.1328125 0.35
107 0.49296875 0.86953125 0.6171875 0.209375