6 0.6 0.471875 0.1203125 0.4859375
7 0.10703125 0.4484375 0.1203125 0.4671875
2 0.8765625 0.434375 0.11328125 0.4015625
2 0.73984375 0.44375 0.1203125 0.4296875
2 0.8765625 0.453125 0.1203125 0.4390625
2 0.23984375 0.4296875 0.11328125 0.4296875
7 0.10703125 0.36484375 0.1203125 0.29921875
7 0.10703125 0.3875 0.1203125 0.34609375
2 0.73671875 0.5375 0.1203125 0.36484375
1 0.46328125 0.434375 0.03359375 0.4109375
2 0.8734375 0.51875 0.1203125 0.4015625
2 0.23359375 0.528125 0.1203125 0.34609375
107 0.48046875 0.86875 0.6109375 0.18828125