8 0.46953125 0.4859375 0.1328125 0.4234375
7 0.85859375 0.41171875 0.125 0.2703125
5 0.72890625 0.4046875 0.13125 0.253125
7 0.1453125 0.39140625 0.125 0.2625
5 0.72734375 0.43515625 0.134375 0.321875
7 0.85546875 0.45859375 0.1296875 0.3640625
2 0.59921875 0.47109375 0.13125 0.38125
7 0.14375 0.42109375 0.128125 0.321875
1 0.2640625 0.4578125 0.0609375 0.36875
7 0.85703125 0.43359375 0.128125 0.3125
2 0.596875 0.453125 0.1296875 0.35625
7 0.1375 0.47734375 0.134375 0.4328125
5 0.72421875 0.490625 0.140625 0.425
57 0.48125 0.8453125 0.46875 0.2171875