6 0.571875 0.2828125 0.1 0.4078125
9 0.921875 0.26015625 0.09453125 0.39453125
0 0.69453125 0.2765625 0.09453125 0.41484375
7 0.80546875 0.26640625 0.0890625 0.4015625
10 0.24140625 0.30234375 0.128125 0.42109375
7 0.80859375 0.190625 0.0890625 0.24375
6 0.09140625 0.30625 0.1109375 0.42109375
7 0.80859375 0.22734375 0.0890625 0.32265625
42 0.403125 0.29609375 0.128125 0.4078125
7 0.80546875 0.20390625 0.0890625 0.2765625
54 0.1620350609375 0.913070059375 0.9077446437500001 0.8209109671875 0.9021898828125 0.5987420203125 0.1439824609375 0.6711526250000001 0.1620350609375 0.913070059375