6 0.5828125 0.28671875 0.121875 0.4125
9 0.93359375 0.2828125 0.115625 0.3984375
0 0.70625 0.28671875 0.115625 0.41875
7 0.8171875 0.2828125 0.109375 0.40625
10 0.25234375 0.2890625 0.15 0.4265625
7 0.82421875 0.20703125 0.1015625 0.2484375
6 0.10234375 0.28515625 0.1328125 0.4265625
7 0.82265625 0.24375 0.10625 0.3265625
42 0.4140625 0.29140625 0.15 0.4140625
7 0.8203125 0.2203125 0.103125 0.28125
54 0.8964709375 0.6196556906249999 0.135512934375 0.6522855484375001 0.1408798140625 0.8948162421875001 0.8903906609375 0.841810875 0.8964709375 0.6196556906249999