48 0.371875 0.31640625 0.1484375 0.459375
7 0.5421875 0.31875 0.1171875 0.4421875
5 0.66328125 0.278125 0.1078125 0.3609375
5 0.66484375 0.2375 0.1046875 0.271875
9 0.7875 0.31875 0.1125 0.4578125
9 0.91015625 0.32265625 0.1234375 0.459375
48 0.375 0.22265625 0.1421875 0.28125
5 0.66484375 0.32265625 0.1171875 0.45
10 0.225 0.31953125 0.134375 0.4421875
5 0.665625 0.22109375 0.1046875 0.246875
2 0.08671875 0.31875 0.1171875 0.434375
7 0.54453125 0.24921875 0.1125 0.3125
2 0.0875 0.2984375 0.115625 0.4265625
54 0.49140625 0.84375 0.7734375 0.3125