45 0.60390625 0.45234375 0.146875 0.4546875
44 0.11796875 0.51484375 0.1546875 0.465625
27 0.4734375 0.46875 0.1546875 0.465625
44 0.115625 0.4859375 0.1484375 0.3984375
44 0.11015625 0.42890625 0.1390625 0.2953125
10 0.86171875 0.415625 0.1515625 0.4375
10 0.25078125 0.48359375 0.1453125 0.4359375
10 0.86015625 0.396875 0.1484375 0.3984375
10 0.73046875 0.42265625 0.1515625 0.4375
10 0.25390625 0.521875 0.153125 0.446875
10 0.73359375 0.45625 0.1515625 0.4375
10 0.8671875 0.434375 0.153125 0.45625
97 0.54765625 0.84375 0.6078125 0.2765625