45 0.5890625 0.45625 0.10703125 0.43515625
46 0.72109375 0.4609375 0.1140625 0.42578125
46 0.85703125 0.45625 0.1140625 0.42578125
44 0.4609375 0.43515625 0.10703125 0.4
44 0.10703125 0.44375 0.1140625 0.4171875
44 0.45703125 0.45625 0.1140625 0.43515625
44 0.4609375 0.378125 0.10703125 0.28671875
10 0.2390625 0.42578125 0.10703125 0.36484375
0 0.72109375 0.378125 0.1140625 0.26953125
0 0.85703125 0.37421875 0.10703125 0.26953125
44 0.4609375 0.4 0.10703125 0.321875
44 0.10703125 0.4609375 0.1140625 0.43515625
10 0.2390625 0.5 0.1140625 0.34765625
97 0.47890625 0.82421875 0.60078125 0.19453125