45 0.5921875 0.4625 0.1375 0.4421875
46 0.7234375 0.4765625 0.14375 0.4328125
46 0.859375 0.48125 0.14375 0.4328125
44 0.465625 0.4328125 0.134375 0.40625
44 0.11171875 0.41640625 0.1421875 0.4234375
44 0.46015625 0.453125 0.14375 0.4421875
44 0.46953125 0.37578125 0.1265625 0.29375
10 0.24453125 0.4078125 0.1328125 0.371875
0 0.72890625 0.39375 0.1328125 0.2765625
0 0.86484375 0.39921875 0.125 0.2765625
44 0.46796875 0.39765625 0.1296875 0.328125
44 0.1109375 0.43359375 0.14375 0.4421875
10 0.23984375 0.48203125 0.1375 0.3546875
97 0.45625 0.821875 0.6125 0.2359375