45 0.5875 0.453125 0.121875 0.4390625
46 0.71953125 0.453125 0.128125 0.4296875
46 0.85546875 0.44375 0.128125 0.4296875
44 0.45859375 0.43671875 0.1203125 0.403125
44 0.10546875 0.4578125 0.128125 0.4203125
44 0.45546875 0.4578125 0.1296875 0.4390625
44 0.45703125 0.3796875 0.1171875 0.290625
10 0.23671875 0.43515625 0.1203125 0.36875
0 0.71640625 0.3703125 0.1234375 0.2734375
0 0.85234375 0.36171875 0.115625 0.2734375
44 0.4578125 0.4015625 0.11875 0.325
44 0.10625 0.475 0.1296875 0.4390625
10 0.2390625 0.509375 0.1265625 0.3515625
97 0.48984375 0.825 0.6078125 0.215625