35 0.29765625 0.284375 0.13515625 0.49296875
35 0.3 0.25703125 0.13515625 0.4375
27 0.49453125 0.2953125 0.1078125 0.49296875
27 0.6296875 0.29140625 0.1078125 0.4859375
35 0.3 0.21171875 0.13515625 0.346875
35 0.29453125 0.3125 0.1296875 0.4375
27 0.6296875 0.246875 0.1078125 0.39609375
27 0.6296875 0.22578125 0.1078125 0.35390625
11 0.1328125 0.3125 0.15703125 0.4234375
11 0.1328125 0.29140625 0.15703125 0.471875
27 0.49453125 0.27109375 0.1078125 0.44453125
38 0.76484375 0.1875 0.1078125 0.27109375
49 0.49296875 0.821875 0.74140625 0.30703125