45 0.5859375 0.475 0.1140625 0.45
44 0.73203125 0.475 0.12109375 0.4703125
38 0.8640625 0.4796875 0.12890625 0.46015625
44 0.10390625 0.45 0.10703125 0.46015625
44 0.10390625 0.3703125 0.10703125 0.3
44 0.10390625 0.41484375 0.10703125 0.3796875
10 0.23203125 0.43984375 0.1140625 0.41015625
44 0.73203125 0.4546875 0.1140625 0.4296875
10 0.22890625 0.4546875 0.1140625 0.43984375
38 0.86796875 0.38515625 0.12109375 0.2703125
1 0.45703125 0.45 0.04296875 0.4203125
44 0.1 0.4546875 0.1140625 0.4703125
103 0.47578125 0.8703125 0.31796875 0.18828125