45 0.58671875 0.478125 0.1296875 0.453125
44 0.7328125 0.4828125 0.1375 0.475
38 0.86484375 0.4921875 0.1453125 0.4640625
44 0.10625 0.4359375 0.1234375 0.4640625
44 0.10859375 0.35625 0.1171875 0.303125
44 0.10703125 0.40078125 0.1203125 0.3828125
10 0.234375 0.43046875 0.128125 0.4140625
44 0.73359375 0.4625 0.1296875 0.4328125
10 0.23046875 0.4453125 0.1296875 0.44375
38 0.871875 0.3984375 0.1296875 0.275
1 0.45859375 0.4484375 0.0578125 0.421875
44 0.1015625 0.440625 0.1296875 0.4734375
103 0.4625 0.86953125 0.325 0.2