45 0.58515625 0.4734375 0.121875 0.4515625
44 0.73125 0.47109375 0.1296875 0.471875
38 0.86328125 0.4734375 0.1375 0.4625
44 0.103125 0.45703125 0.115625 0.4625
44 0.1015625 0.37734375 0.1125 0.3015625
44 0.10234375 0.421875 0.1140625 0.38125
10 0.23125 0.44453125 0.121875 0.4125
44 0.73125 0.45078125 0.121875 0.43125
10 0.228125 0.459375 0.121875 0.4421875
38 0.865625 0.37890625 0.1265625 0.271875
1 0.45625 0.45078125 0.05 0.4203125
44 0.09921875 0.46171875 0.121875 0.471875
103 0.48203125 0.8703125 0.321875 0.19375