27 0.89765625 0.453125 0.11953125 0.4671875
44 0.11953125 0.4390625 0.11953125 0.4484375
38 0.4890625 0.453125 0.1265625 0.4578125
46 0.6234375 0.453125 0.11953125 0.4578125
10 0.25703125 0.4296875 0.11953125 0.4015625
44 0.11953125 0.37421875 0.11953125 0.31796875
0 0.6234375 0.36953125 0.11953125 0.28984375
44 0.11953125 0.396875 0.11953125 0.35546875
38 0.7609375 0.453125 0.11953125 0.4671875
44 0.11953125 0.35546875 0.11953125 0.28046875
0 0.6234375 0.434375 0.11953125 0.4203125
100 0.51640625 0.84296875 0.32421875 0.22734375