45 0.8828125 0.46015625 0.1359375 0.484375
27 0.47890625 0.45078125 0.128125 0.484375
0 0.2546875 0.4484375 0.134375 0.475
44 0.7484375 0.45078125 0.128125 0.484375
44 0.1203125 0.44375 0.121875 0.475
44 0.7515625 0.359375 0.121875 0.2921875
44 0.1234375 0.36640625 0.115625 0.3109375
10 0.6171875 0.43671875 0.1265625 0.4359375
44 0.121875 0.4046875 0.11875 0.3984375
44 0.75 0.421875 0.1265625 0.4265625
44 0.12421875 0.34765625 0.115625 0.2828125
10 0.61328125 0.465625 0.134375 0.4546875
44 0.7515625 0.37890625 0.1234375 0.340625
91 0.4921875 0.8484375 0.6828125 0.25