45 0.88125 0.446875 0.11875 0.48046875
27 0.47734375 0.4515625 0.11171875 0.48046875
0 0.253125 0.45703125 0.11875 0.47109375
44 0.746875 0.4421875 0.11171875 0.48046875
44 0.11875 0.45703125 0.10546875 0.47109375
44 0.746875 0.35078125 0.11171875 0.28828125
44 0.11875 0.3796875 0.10546875 0.3078125
10 0.61484375 0.4328125 0.11171875 0.4328125
44 0.11875 0.41796875 0.10546875 0.39453125
44 0.746875 0.41328125 0.11171875 0.4234375
44 0.11875 0.3609375 0.10546875 0.27890625
10 0.61171875 0.46171875 0.11875 0.4515625
44 0.746875 0.3703125 0.11171875 0.33671875
91 0.5046875 0.8484375 0.675 0.2265625