45 0.88359375 0.4671875 0.14375 0.4859375
27 0.4796875 0.45078125 0.1359375 0.4859375
0 0.25546875 0.44453125 0.14375 0.4765625
44 0.74921875 0.45546875 0.1359375 0.4859375
44 0.121875 0.4375 0.1296875 0.4765625
44 0.7546875 0.3640625 0.1265625 0.29375
44 0.12578125 0.36015625 0.121875 0.3125
10 0.61796875 0.4390625 0.134375 0.4375
44 0.1234375 0.3984375 0.1265625 0.4
44 0.75078125 0.4265625 0.134375 0.428125
44 0.1265625 0.34140625 0.1203125 0.284375
10 0.61328125 0.46796875 0.1421875 0.4578125
44 0.753125 0.38359375 0.1296875 0.3421875
91 0.48671875 0.8484375 0.6859375 0.2609375