18 0.47890625 0.4546875 0.1359375 0.4734375
0 0.61953125 0.446875 0.1359375 0.4734375
44 0.1109375 0.46171875 0.128125 0.4734375
10 0.246875 0.4375 0.128125 0.4171875
10 0.7546875 0.42265625 0.128125 0.440625
44 0.8890625 0.3296875 0.125 0.29375
44 0.88984375 0.375 0.1265625 0.384375
44 0.11015625 0.434375 0.128125 0.4171875
10 0.7546875 0.40546875 0.1265625 0.3953125
44 0.88984375 0.346875 0.1265625 0.328125
10 0.75546875 0.47265625 0.1359375 0.40625
44 0.109375 0.3890625 0.134375 0.328125
10 0.2515625 0.459375 0.1359375 0.4515625
100 0.5203125 0.8578125 0.3625 0.25