18 0.265625 0.46640625 0.1171875 0.446875
45 0.75859375 0.446875 0.11015625 0.446875
44 0.13125 0.46640625 0.11015625 0.45625
44 0.49296875 0.4515625 0.11015625 0.446875
38 0.62734375 0.44140625 0.1171875 0.43671875
44 0.49296875 0.3640625 0.11015625 0.2625
38 0.62421875 0.359375 0.1171875 0.2625
44 0.49296875 0.37890625 0.11015625 0.30078125
44 0.13125 0.39296875 0.11015625 0.3109375
44 0.13125 0.43671875 0.11015625 0.38828125
1 0.896875 0.44140625 0.034375 0.43671875
97 0.5140625 0.84375 0.640625 0.2328125