18 0.75859375 0.46875 0.11328125 0.45703125
0 0.26796875 0.47265625 0.11875 0.47265625
44 0.13125 0.47265625 0.11328125 0.47265625
44 0.628125 0.37421875 0.11328125 0.28359375
43 0.496875 0.47265625 0.11328125 0.46484375
44 0.628125 0.46875 0.11328125 0.47265625
1 0.89296875 0.42109375 0.0359375 0.3859375
44 0.63125 0.39375 0.11328125 0.31484375
44 0.13125 0.378125 0.11328125 0.28359375
44 0.13125 0.39765625 0.11328125 0.32265625
1 0.89296875 0.440625 0.0359375 0.4171875
108 0.52109375 0.87265625 0.25234375 0.203125