45 0.88203125 0.49375 0.153125 0.46875
45 0.75078125 0.4859375 0.1546875 0.4765625
27 0.2578125 0.44296875 0.159375 0.4609375
44 0.12578125 0.4234375 0.1515625 0.4453125
44 0.1328125 0.33984375 0.1375 0.278125
44 0.63125 0.37578125 0.1375 0.278125
44 0.62109375 0.45859375 0.1515625 0.4375
10 0.49140625 0.43984375 0.1484375 0.4125
44 0.1296875 0.371875 0.14375 0.35
10 0.484375 0.446875 0.15625 0.4296875
44 0.62578125 0.40390625 0.1421875 0.334375
10 0.48984375 0.45546875 0.146875 0.4515625
97 0.478125 0.8578125 0.634375 0.25625