44 0.1328125 0.48203125 0.13125 0.4828125
44 0.87890625 0.47578125 0.1234375 0.4609375
44 0.62890625 0.48359375 0.1234375 0.471875
46 0.50078125 0.484375 0.1234375 0.4609375
10 0.75390625 0.4875 0.1234375 0.4609375
44 0.63125 0.40390625 0.11875 0.3125
44 0.88125 0.40703125 0.11875 0.3234375
44 0.63046875 0.44609375 0.121875 0.396875
1 0.2703125 0.48671875 0.0578125 0.4796875
0 0.50078125 0.484375 0.1234375 0.4609375
44 0.134375 0.41796875 0.1265625 0.34375
58 0.51484375 0.87734375 0.2890625 0.2453125