44 0.13203125 0.49453125 0.11484375 0.47890625
44 0.878125 0.4625 0.1078125 0.4578125
44 0.628125 0.47890625 0.1078125 0.46796875
46 0.5 0.484375 0.1078125 0.4578125
10 0.753125 0.47890625 0.1078125 0.4578125
44 0.628125 0.39921875 0.1078125 0.30859375
44 0.878125 0.39375 0.1078125 0.31953125
44 0.628125 0.44140625 0.1078125 0.39375
1 0.2703125 0.49453125 0.040625 0.47890625
0 0.5 0.484375 0.1078125 0.4578125
44 0.13203125 0.43046875 0.11484375 0.340625
58 0.52890625 0.8796875 0.28046875 0.240625