27 0.26953125 0.46171875 0.11015625 0.46171875
27 0.77265625 0.4578125 0.1171875 0.46953125
46 0.909375 0.5078125 0.1171875 0.35390625
44 0.1265625 0.384375 0.11015625 0.3
27 0.26953125 0.40390625 0.1171875 0.35390625
46 0.909375 0.46171875 0.1171875 0.44609375
27 0.77265625 0.415625 0.1171875 0.384375
44 0.1265625 0.365625 0.11015625 0.26953125
10 0.63984375 0.5234375 0.1234375 0.33828125
10 0.5 0.51953125 0.1171875 0.34609375
10 0.63984375 0.41953125 0.1171875 0.36953125
97 0.5234375 0.86015625 0.62578125 0.21015625