27 0.8828125 0.4125 0.1671875 0.478125
44 0.46875 0.44375 0.153125 0.459375
44 0.11796875 0.4796875 0.1453125 0.4484375
38 0.73984375 0.425 0.1671875 0.46875
44 0.465625 0.4125 0.146875 0.3953125
10 0.6 0.41875 0.15625 0.4234375
44 0.4625 0.37734375 0.140625 0.325
44 0.1109375 0.3984375 0.13125 0.296875
1 0.25 0.4546875 0.0828125 0.4078125
10 0.5984375 0.40078125 0.153125 0.3875
1 0.25078125 0.46328125 0.0828125 0.4171875
10 0.60859375 0.47265625 0.1609375 0.40625
58 0.5484375 0.82578125 0.3 0.2609375