44 0.13359375 0.50546875 0.1125 0.46796875
44 0.63046875 0.484375 0.10546875 0.46796875
44 0.88359375 0.46796875 0.10546875 0.46796875
10 0.75703125 0.47890625 0.10546875 0.46796875
44 0.63046875 0.40390625 0.10546875 0.30859375
46 0.50390625 0.49453125 0.1125 0.4578125
44 0.63046875 0.42578125 0.10546875 0.35078125
44 0.88359375 0.39375 0.10546875 0.31953125
1 0.275 0.5 0.0421875 0.4578125
0 0.50390625 0.484375 0.10546875 0.4359375
44 0.88359375 0.44140625 0.10546875 0.40390625
58 0.528125 0.8828125 0.26796875 0.234375