18 0.85 0.38671875 0.171875 0.4578125
18 0.71796875 0.4046875 0.153125 0.45625
44 0.121875 0.4875 0.1515625 0.440625
38 0.58828125 0.4265625 0.159375 0.4578125
44 0.453125 0.33984375 0.13125 0.25
10 0.24453125 0.45859375 0.1546875 0.4171875
44 0.459375 0.39609375 0.14375 0.3609375
44 0.1171875 0.415625 0.13125 0.296875
44 0.4546875 0.35625 0.134375 0.28125
44 0.45703125 0.37578125 0.1390625 0.321875
44 0.46171875 0.4515625 0.1609375 0.465625
44 0.11875 0.43203125 0.134375 0.3296875
38 0.58046875 0.3546875 0.14375 0.3140625
44 0.4625 0.42421875 0.1484375 0.4171875
72 0.52734375 0.83515625 0.3765625 0.25