18 0.86484375 0.44921875 0.15625 0.4546875
18 0.73125 0.44375 0.1375 0.4546875
44 0.1296875 0.421875 0.1375 0.4390625
38 0.59921875 0.44296875 0.14375 0.4546875
44 0.48203125 0.334375 0.1234375 0.246875
10 0.25546875 0.41484375 0.1421875 0.4140625
44 0.478125 0.390625 0.13125 0.359375
44 0.1375 0.35 0.121875 0.2953125
44 0.48046875 0.35078125 0.125 0.278125
44 0.4796875 0.3703125 0.128125 0.31875
44 0.47109375 0.4453125 0.1453125 0.4625
44 0.13671875 0.36640625 0.1234375 0.3265625
38 0.6046875 0.37109375 0.134375 0.3109375
44 0.47578125 0.41875 0.1359375 0.4140625
72 0.46875 0.834375 0.3703125 0.2390625