18 0.2578125 0.446875 0.1390625 0.4640625
46 0.88984375 0.425 0.1328125 0.4640625
44 0.6234375 0.43359375 0.1328125 0.471875
44 0.1296875 0.4515625 0.1328125 0.471875
44 0.62109375 0.35390625 0.128125 0.3125
10 0.7546875 0.4296875 0.1328125 0.4640625
10 0.4921875 0.43359375 0.1265625 0.4453125
10 0.4859375 0.44296875 0.1328125 0.471875
44 0.1265625 0.37578125 0.121875 0.321875
44 0.62265625 0.39765625 0.13125 0.4015625
10 0.75390625 0.41640625 0.125 0.428125
44 0.128125 0.425 0.125 0.4109375
97 0.52265625 0.82734375 0.6125 0.24375