44 0.11796875 0.4703125 0.1125 0.465625
44 0.746875 0.44921875 0.1125 0.475
44 0.8796875 0.44921875 0.1125 0.475
46 0.4796875 0.46171875 0.1125 0.465625
44 0.8796875 0.36875 0.1125 0.3125
44 0.746875 0.35625 0.1125 0.2875
44 0.1203125 0.38125 0.10625 0.2875
10 0.253125 0.440625 0.11875 0.40625
44 0.746875 0.40703125 0.1125 0.390625
10 0.61171875 0.43671875 0.11875 0.415625
10 0.253125 0.4578125 0.11875 0.440625
44 0.8796875 0.41953125 0.1125 0.415625
44 0.1203125 0.415625 0.1125 0.35625
44 0.746875 0.37734375 0.1125 0.33125
0 0.4796875 0.46171875 0.1125 0.4578125
10 0.61484375 0.44921875 0.11875 0.4578125
97 0.50703125 0.8609375 0.6265625 0.1875