44 0.1171875 0.47734375 0.1203125 0.46875
44 0.74609375 0.44453125 0.1203125 0.4765625
44 0.87890625 0.44296875 0.1203125 0.4765625
46 0.47890625 0.46171875 0.1203125 0.46875
44 0.87734375 0.3625 0.1171875 0.315625
44 0.74453125 0.35234375 0.1171875 0.290625
44 0.11796875 0.38828125 0.1109375 0.290625
10 0.25234375 0.4453125 0.125 0.409375
44 0.7453125 0.403125 0.11875 0.3921875
10 0.6109375 0.43515625 0.125 0.4171875
10 0.25234375 0.4625 0.125 0.4421875
44 0.878125 0.41328125 0.11875 0.4171875
44 0.11875 0.421875 0.1171875 0.3578125
44 0.74453125 0.3734375 0.1171875 0.3328125
0 0.47890625 0.46171875 0.1203125 0.459375
10 0.6140625 0.446875 0.1265625 0.459375
97 0.51328125 0.8609375 0.6296875 0.196875