45 0.86796875 0.41171875 0.1578125 0.4703125
27 0.73125 0.42109375 0.153125 0.4703125
44 0.11875 0.4421875 0.13125 0.3890625
44 0.11484375 0.38671875 0.1234375 0.278125
44 0.4703125 0.35078125 0.128125 0.271875
10 0.59765625 0.40078125 0.1359375 0.3890625
10 0.2453125 0.44453125 0.14375 0.41875
10 0.59921875 0.415625 0.1453125 0.4265625
44 0.47109375 0.365625 0.13125 0.3078125
44 0.46875 0.45078125 0.159375 0.478125
10 0.6 0.47109375 0.1421875 0.3890625
44 0.47265625 0.4203125 0.14375 0.41875
10 0.24609375 0.503125 0.14375 0.4125
97 0.5328125 0.840625 0.6203125 0.2390625