45 0.8734375 0.4375 0.1265625 0.46328125
27 0.7359375 0.4375 0.12109375 0.46328125
44 0.1234375 0.415625 0.1046875 0.38203125
44 0.1234375 0.36015625 0.1046875 0.271875
44 0.48046875 0.34921875 0.11015625 0.26484375
10 0.6046875 0.4078125 0.11015625 0.38203125
10 0.25 0.4265625 0.115625 0.41171875
10 0.6046875 0.42265625 0.115625 0.41875
44 0.48046875 0.3640625 0.11015625 0.3015625
44 0.47265625 0.4484375 0.1265625 0.4703125
10 0.6015625 0.478125 0.115625 0.38203125
44 0.478125 0.41875 0.115625 0.41171875
10 0.246875 0.48515625 0.115625 0.4046875
97 0.50859375 0.8421875 0.6078125 0.196875