45 0.4703125 0.48515625 0.1484375 0.4265625
44 0.8609375 0.42421875 0.134375 0.2734375
38 0.73203125 0.4125 0.140625 0.2578125
44 0.14921875 0.37890625 0.134375 0.265625
38 0.72890625 0.44296875 0.1453125 0.325
44 0.85703125 0.47109375 0.1421875 0.3671875
10 0.6 0.47421875 0.14375 0.384375
44 0.14609375 0.40859375 0.1390625 0.325
1 0.265625 0.45 0.0734375 0.36875
44 0.859375 0.44609375 0.1375 0.315625
10 0.5984375 0.45703125 0.1421875 0.359375
44 0.13828125 0.4640625 0.1484375 0.4359375
38 0.72421875 0.4984375 0.1546875 0.428125
52 0.46875 0.84453125 0.4734375 0.2328125