45 0.46875 0.4875 0.11171875 0.41875
44 0.853125 0.39296875 0.11171875 0.26484375
38 0.7234375 0.39296875 0.11875 0.24765625
44 0.13984375 0.41015625 0.11171875 0.25625
38 0.7234375 0.4234375 0.11875 0.31640625
44 0.853125 0.43984375 0.11171875 0.35859375
10 0.59765625 0.465625 0.11171875 0.37578125
44 0.13984375 0.43984375 0.11171875 0.31640625
1 0.2625 0.4703125 0.0421875 0.3671875
44 0.853125 0.41484375 0.11171875 0.3078125
10 0.59453125 0.4484375 0.11171875 0.35078125
44 0.13671875 0.49609375 0.11171875 0.42734375
38 0.7234375 0.47890625 0.11875 0.41875
52 0.49921875 0.84609375 0.45859375 0.19296875