44 0.12109375 0.46796875 0.11171875 0.471875
46 0.478125 0.45859375 0.11171875 0.471875
44 0.87890625 0.44453125 0.11171875 0.48125
44 0.7421875 0.44921875 0.11796875 0.471875
44 0.12109375 0.3890625 0.10546875 0.31484375
44 0.7421875 0.3609375 0.11796875 0.29609375
44 0.87890625 0.3703125 0.10546875 0.33359375
44 0.12109375 0.43046875 0.10546875 0.3984375
10 0.2515625 0.46328125 0.11171875 0.45390625
10 0.61171875 0.45390625 0.11171875 0.46328125
10 0.60859375 0.43984375 0.11171875 0.42578125
97 0.50703125 0.85625 0.59921875 0.2046875