0 0.2859375 0.50390625 0.11796875 0.46796875
0 0.6390625 0.49609375 0.1125 0.46796875
44 0.89609375 0.3828125 0.10703125 0.26953125
44 0.89609375 0.396875 0.10703125 0.29765625
44 0.146875 0.40390625 0.1125 0.2765625
44 0.146875 0.4609375 0.1125 0.38984375
10 0.5109375 0.46484375 0.11796875 0.40390625
44 0.146875 0.50703125 0.11796875 0.46796875
1 0.7671875 0.43984375 0.03203125 0.37578125
10 0.51328125 0.55 0.1125 0.36875
44 0.146875 0.42578125 0.1125 0.31953125
73 0.5296875 0.88671875 0.4078125 0.1796875