44 0.1078125 0.440625 0.11484375 0.44921875
0 0.240625 0.44921875 0.12265625 0.44921875
46 0.73359375 0.46796875 0.11484375 0.440625
43 0.46796875 0.45859375 0.11484375 0.44921875
44 0.1078125 0.40859375 0.11484375 0.38515625
10 0.6046875 0.4453125 0.1078125 0.40390625
44 0.1078125 0.37578125 0.11484375 0.32109375
38 0.8671875 0.47265625 0.11484375 0.44921875
10 0.60078125 0.5 0.11484375 0.38515625
44 0.1078125 0.45859375 0.11484375 0.43125
38 0.8671875 0.37578125 0.11484375 0.25703125
91 0.4953125 0.834375 0.6734375 0.23203125