45 0.484375 0.4890625 0.11171875 0.40625
44 0.85703125 0.4703125 0.11796875 0.42890625
44 0.15546875 0.4171875 0.11171875 0.25546875
44 0.86328125 0.45078125 0.10546875 0.390625
10 0.60859375 0.46640625 0.11171875 0.37578125
44 0.15546875 0.48125 0.11171875 0.390625
38 0.7328125 0.4734375 0.12421875 0.41328125
44 0.86640625 0.3796875 0.09921875 0.240625
1 0.2796875 0.4703125 0.05 0.3609375
10 0.60859375 0.44765625 0.11171875 0.34609375
44 0.15234375 0.5 0.11796875 0.42890625
52 0.51640625 0.83984375 0.43828125 0.21171875