45 0.48359375 0.490625 0.146875 0.4140625
44 0.853125 0.4390625 0.1546875 0.4375
44 0.14921875 0.44765625 0.1328125 0.2640625
44 0.8578125 0.41953125 0.1390625 0.3984375
10 0.60546875 0.45703125 0.14375 0.384375
44 0.15546875 0.51171875 0.1453125 0.3984375
38 0.7296875 0.453125 0.159375 0.421875
44 0.8546875 0.3484375 0.1203125 0.2484375
1 0.278125 0.48984375 0.08125 0.3640625
10 0.60390625 0.43828125 0.1421875 0.3546875
44 0.15390625 0.53046875 0.1546875 0.4375
52 0.54609375 0.8375 0.4546875 0.2484375