1 0.26015625 0.3875 0.040625 0.3453125
44 0.13125 0.3625 0.1109375 0.29609375
44 0.76015625 0.35546875 0.1109375 0.32421875
10 0.49140625 0.39453125 0.1171875 0.36640625
10 0.62890625 0.39453125 0.1171875 0.36640625
44 0.76015625 0.33828125 0.1109375 0.29609375
1 0.26015625 0.4015625 0.040625 0.3734375
10 0.62890625 0.415625 0.1171875 0.38046875
10 0.49453125 0.49296875 0.1171875 0.35234375
10 0.49140625 0.415625 0.1171875 0.38046875
10 0.63125 0.49296875 0.1109375 0.35234375
72 0.525 0.8296875 0.39921875 0.234375