40 0.35078125 0.33359375 0.171875 0.465625
44 0.51953125 0.31484375 0.1390625 0.446875
38 0.63515625 0.26015625 0.1265625 0.3640625
38 0.63125 0.21953125 0.11875 0.275
46 0.76328125 0.28515625 0.1359375 0.4625
46 0.8859375 0.27421875 0.146875 0.4625
40 0.3421875 0.23984375 0.15625 0.2875
38 0.6421875 0.30390625 0.140625 0.4546875
2 0.2046875 0.35390625 0.1578125 0.4484375
38 0.63046875 0.203125 0.1171875 0.2515625
10 0.06796875 0.37109375 0.1359375 0.4390625
44 0.5140625 0.2453125 0.128125 0.315625
10 0.0671875 0.35078125 0.134375 0.4296875
49 0.53515625 0.83359375 0.7859375 0.3328125