45 0.47734375 0.46875 0.11015625 0.459375
18 0.88984375 0.4546875 0.1171875 0.46875
44 0.11328125 0.47734375 0.1171875 0.46875
44 0.75 0.44609375 0.1234375 0.459375
44 0.75 0.36015625 0.1234375 0.28828125
10 0.246875 0.459375 0.1234375 0.4328125
10 0.61015625 0.43671875 0.1171875 0.40546875
44 0.75 0.378125 0.1234375 0.32421875
10 0.61328125 0.4546875 0.1171875 0.44140625
10 0.246875 0.44140625 0.1171875 0.39609375
10 0.25 0.47265625 0.1171875 0.44140625
97 0.5046875 0.86015625 0.64609375 0.2171875